{"r1": 0.18999999999999995, "r2": 0.18999999999999995, "theta": 35.88, "sequence": [[[0.5566984394709548, 0.027838609222668485], [0.027838609222668485, 0.38472902804239634]], [[0.3222959555503039, 0.019476515928668548, 0.01947651592866697, -0.010997559293952986], [0.019476515928668548, 0.22903376131727252, -0.01193728090284384, 0.006761554061119564], [0.01947651592866697, -0.01193728090284384, 0.2290337613172711, 0.00676155406112198], [-0.010997559293952986, 0.006761554061119564, 0.00676155406112198, 0.16021366907172224]], [[0.18460983144738533, 0.011602524822169061, 0.011602524822169023, -0.0032500986514722207, 0.011602524822169058, -0.003250098651472236, -0.0032500986514722007, -0.0009649760189686654], [0.011602524822169061, 0.130735255443124, -0.0034905891759108784, 0.005691002204417657, -0.0034905891124219785, 0.005691002179761369, -0.001017451982126403, -0.001794815631088394], [0.011602524822169023, -0.0034905891759108784, 0.13073525561483434, 0.005691002094645849, -0.003490589284132386, -0.0010174518723546596, 0.005691002179761317, -0.0017948156310884159], [-0.0032500986514722207, 0.005691002204417657, 0.005691002094645849, 0.09091201191924513, -0.0010174518970109425, -0.001873224945749034, -0.0018732248451189479, 0.0031951826445174468], [0.011602524822169058, -0.0034905891124219785, -0.003490589284132386, -0.0010174518970109425, 0.13073525555134544, 0.005691002094645986, 0.005691002204417732, -0.0017948156310883512], [-0.003250098651472236, 0.005691002179761369, -0.0010174518723546596, -0.001873224945749034, 0.005691002094645986, 0.09091201196676787, -0.0018732248926415604, 0.0031951826445176146], [-0.0032500986514722007, -0.001017451982126403, 0.005691002179761317, -0.0018732248451189479, 0.005691002204417732, -0.0018732248926415604, 0.09091201186613779, 0.0031951826445175825], [-0.0009649760189686654, -0.001794815631088394, -0.0017948156310884159, 0.0031951826445174468, -0.0017948156310883512, 0.0031951826445176146, 0.0031951826445175825, 0.06271128756540911]], [[0.10665715517439657, 0.007088636796456178, 0.00708863679645616, -0.001434012326680376, 0.007088636796456166, -0.0014340123266803827, -0.0014340123266803773, -0.0007223269463992897, 0.007088636796456174, -0.0014340123266803708, -0.0014340123266803702, -0.000722326946399308, -0.0014340123266803637, -0.0007223269463993063, -0.0007223269463992935, 0.0010881807226597148], [0.007088636796456178, 0.07609901344151002, -0.001563267096386515, 0.003899506020475709, -0.0015632670963865475, 0.003899506020475779, -0.0007941760688525966, -0.0012989972189084553, -0.0015632670963866095, 0.0038995060204757926, -0.0007941760688526104, -0.0012989972189084357, -0.0007941760688525549, -0.0012989972189084845, 0.0013525718714241818, 0.00025184079906612964], [0.00708863679645616, -0.001563267096386515, 0.07609901344150995, 0.0038995060204758103, -0.001563267096386593, -0.0007941760688526526, 0.0038995060204758073, -0.0012989972189084446, -0.001563267096386558, -0.0007941760688526612, 0.0038995060204757817, -0.001298997218908476, -0.0007941760688526011, 0.0013525718714241816, -0.0012989972189084804, 0.0002518407990661303], [-0.001434012326680376, 0.003899506020475709, 0.0038995060204758103, 0.05377463062332602, -0.000794176068852568, -0.0014150490276266855, -0.001415049027626682, 0.0019400953609606895, -0.0007941760688526124, -0.001415049027626693, -0.0014150490276266788, 0.0019400953609607404, 0.0014630858689592987, 0.0003113461479087376, 0.00031134614790873593, -0.0007681326392722722], [0.007088636796456166, -0.0015632670963865475, -0.001563267096386593, -0.000794176068852568, 0.07609901344150997, 0.0038995060204757414, 0.0038995060204757206, -0.00129899721890848, -0.001563267096386593, -0.0007941760688525433, -0.000794176068852561, 0.0013525718714241203, 0.0038995060204757752, -0.0012989972189084752, -0.0012989972189084698, 0.000251840799066112], [-0.0014340123266803827, 0.003899506020475779, -0.0007941760688526526, -0.0014150490276266855, 0.0038995060204757414, 0.053774630623325964, -0.0014150490276266896, 0.0019400953609607042, -0.00079417606885252, -0.0014150490276266887, 0.00146308586895933, 0.00031134614790871083, -0.0014150490276266725, 0.0019400953609607257, 0.00031134614790874336, -0.0007681326392722824], [-0.0014340123266803773, -0.0007941760688525966, 0.0038995060204758073, -0.001415049027626682, 0.0038995060204757206, -0.0014150490276266896, 0.05377463062332602, 0.0019400953609607224, -0.0007941760688526026, 0.0014630858689593535, -0.0014150490276267267, 0.0003113461479087425, -0.00141504902762669, 0.0003113461479086912, 0.001940095360960738, -0.0007681326392722756], [-0.0007223269463992897, -0.0012989972189084553, -0.0012989972189084446, 0.0019400953609606895, -0.00129899721890848, 0.0019400953609607042, 0.0019400953609607224, 0.03774701662203243, 0.0013525718714241543, 0.00031134614790870844, 0.0003113461479087866, -0.00085926135341022, 0.0003113461479086893, -0.0008592613534102405, -0.0008592613534102127, 0.000820011186330017], [0.007088636796456174, -0.0015632670963866095, -0.001563267096386558, -0.0007941760688526124, -0.001563267096386593, -0.00079417606885252, -0.0007941760688526026, 0.0013525718714241543, 0.07609901344151006, 0.0038995060204757527, 0.003899506020475721, -0.0012989972189084776, 0.003899506020475738, -0.0012989972189084674, -0.0012989972189084566, 0.00025184079906614607], [-0.0014340123266803708, 0.0038995060204757926, -0.0007941760688526612, -0.001415049027626693, -0.0007941760688525433, -0.0014150490276266887, 0.0014630858689593535, 0.00031134614790870844, 0.0038995060204757527, 0.05377463062332597, -0.001415049027626673, 0.0019400953609606901, -0.0014150490276267158, 0.0019400953609607205, 0.00031134614790875767, -0.0007681326392722666], [-0.0014340123266803702, -0.0007941760688526104, 0.0038995060204757817, -0.0014150490276266788, -0.000794176068852561, 0.00146308586895933, -0.0014150490276267267, 0.0003113461479087866, 0.003899506020475721, -0.001415049027626673, 0.05377463062332599, 0.0019400953609607114, -0.0014150490276266603, 0.00031134614790867895, 0.0019400953609607003, -0.0007681326392722671], [-0.000722326946399308, -0.0012989972189084357, -0.001298997218908476, 0.0019400953609607404, 0.0013525718714241203, 0.00031134614790871083, 0.0003113461479087425, -0.00085926135341022, -0.0012989972189084776, 0.0019400953609606901, 0.0019400953609607114, 0.037747016622032406, 0.00031134614790873924, -0.0008592613534102302, -0.000859261353410182, 0.0008200111863299778], [-0.0014340123266803637, -0.0007941760688525549, -0.0007941760688526011, 0.0014630858689592987, 0.0038995060204757752, -0.0014150490276266725, -0.00141504902762669, 0.0003113461479086893, 0.003899506020475738, -0.0014150490276267158, -0.0014150490276266603, 0.00031134614790873924, 0.053774630623326006, 0.0019400953609607639, 0.001940095360960688, -0.0007681326392722732], [-0.0007223269463993063, -0.0012989972189084845, 0.0013525718714241816, 0.0003113461479087376, -0.0012989972189084752, 0.0019400953609607257, 0.0003113461479086912, -0.0008592613534102405, -0.0012989972189084674, 0.0019400953609607205, 0.00031134614790867895, -0.0008592613534102302, 0.0019400953609607639, 0.03774701662203246, -0.0008592613534102095, 0.0008200111863299834], [-0.0007223269463992935, 0.0013525718714241818, -0.0012989972189084804, 0.00031134614790873593, -0.0012989972189084698, 0.00031134614790874336, 0.001940095360960738, -0.0008592613534102127, -0.0012989972189084566, 0.00031134614790875767, 0.0019400953609607003, -0.000859261353410182, 0.001940095360960688, -0.0008592613534102095, 0.03774701662203239, 0.0008200111863299991], [0.0010881807226597148, 0.00025184079906612964, 0.0002518407990661303, -0.0007681326392722722, 0.000251840799066112, -0.0007681326392722824, -0.0007681326392722756, 0.000820011186330017, 0.00025184079906614607, -0.0007681326392722666, -0.0007681326392722671, 0.0008200111863299778, -0.0007681326392722732, 0.0008200111863299834, 0.0008200111863299991, 0.026286348596429858]], [[0.06143613466288181, 0.004208604158022879, 0.004208604158022888, -0.0006030153636107619, 0.004208604158022886, -0.0006030153636107642, -0.0006030153636107673, -0.0003293312532841143, 0.004208604158022885, -0.0006030153636107612, -0.0006030153636107664, -0.0003293312532841139, -0.0006030153636107664, -0.00032933125328411415, -0.0003293312532841149, 0.00019586880173865127, 0.004208604158022884, -0.0006030153636107655, -0.0006030153636107663, -0.00032933125328410895, -0.0006030153636107663, -0.0003293312532841114, -0.0003293312532841137, 0.00019586880173864658, -0.0006030153636107647, -0.00032933125328411133, -0.00032933125328411117, 0.00019586880173864555, -0.00032933125328411204, 0.00019586880173864924, 0.00019586880173865108, 0.00015286197420334908], [0.004208604158022879, 0.043839675741165096, -0.0006570520145134366, 0.0024361139952718976, -0.0006570520145134517, 0.0024361139952718807, -0.00035758284095153265, -0.0005422278583182809, -0.0006570520145134143, 0.0024361139952719007, -0.0003575828409515423, -0.0005422278583182923, -0.0003575828409515494, -0.0005422278583182645, 0.0002369652022470818, -4.707638918084263e-05, -0.0006570520145134059, 0.002436113995271904, -0.00035758284095154745, -0.0005422278583182763, -0.0003575828409515575, -0.0005422278583182712, 0.00023696520224708998, -4.7076389180862383e-05, -0.0003575828409515633, -0.0005422278583182956, 0.00023696520224710215, -4.707638918085165e-05, 0.00023696520224711067, -4.707638918085241e-05, 0.00018451786490490823, 0.00010344393707047388], [0.004208604158022888, -0.0006570520145134366, 0.043839675741165, 0.002436113995271891, -0.0006570520145134257, -0.0003575828409515526, 0.0024361139952719024, -0.0005422278583182863, -0.0006570520145133834, -0.0003575828409515498, 0.0024361139952719033, -0.000542227858318291, -0.00035758284095158865, 0.00023696520224710888, -0.0005422278583182944, -4.707638918085338e-05, -0.0006570520145134201, -0.00035758284095155677, 0.002436113995271897, -0.0005422278583182841, -0.0003575828409515417, 0.00023696520224710912, -0.0005422278583182826, -4.707638918084628e-05, -0.0003575828409515464, 0.00023696520224712208, -0.00054222785831829, -4.707638918085471e-05, 0.00023696520224710928, 0.00018451786490489064, -4.707638918084187e-05, 0.00010344393707047836], [-0.0006030153636107619, 0.0024361139952718976, 0.002436113995271891, 0.030928694514293528, -0.00035758284095155146, -0.0005831803232201476, -0.0005831803232201702, 0.0013305882599022752, -0.0003575828409515652, -0.0005831803232201305, -0.0005831803232201555, 0.0013305882599022895, 0.00025517166337747416, -4.1822218508031866e-05, -4.182221850803533e-05, -0.00032318591159287446, -0.000357582840951545, -0.0005831803232201343, -0.0005831803232201569, 0.0013305882599022704, 0.00025517166337748765, -4.1822218508037436e-05, -4.182221850804224e-05, -0.00032318591159287164, 0.0002551716633774943, -4.182221850804797e-05, -4.182221850803053e-05, -0.0003231859115928771, 0.00020236795325625367, 0.00010683599631245806, 0.00010683599631244962, -2.035689703683781e-05], [0.004208604158022886, -0.0006570520145134517, -0.0006570520145134257, -0.00035758284095155146, 0.04383967574116508, 0.0024361139952718885, 0.0024361139952718716, -0.0005422278583182649, -0.0006570520145134258, -0.0003575828409515774, -0.00035758284095158875, 0.00023696520224711798, 0.0024361139952719033, -0.000542227858318308, -0.0005422278583182747, -4.707638918086181e-05, -0.0006570520145134241, -0.0003575828409515316, -0.0003575828409515366, 0.00023696520224709606, 0.002436113995271906, -0.0005422278583182925, -0.000542227858318273, -4.7076389180839175e-05, -0.00035758284095156815, 0.00023696520224709278, 0.00023696520224712164, 0.0001845178649048933, -0.0005422278583182938, -4.707638918085587e-05, -4.7076389180860845e-05, 0.00010344393707047653], [-0.0006030153636107642, 0.0024361139952718807, -0.0003575828409515526, -0.0005831803232201476, 0.0024361139952718885, 0.03092869451429356, -0.0005831803232201591, 0.0013305882599022828, -0.0003575828409515535, -0.000583180323220165, 0.0002551716633774895, -4.182221850805431e-05, -0.000583180323220124, 0.0013305882599022945, -4.1822218508061024e-05, -0.0003231859115928816, -0.0003575828409515507, -0.0005831803232201153, 0.00025517166337746597, -4.182221850802727e-05, -0.0005831803232201421, 0.001330588259902275, -4.182221850804741e-05, -0.00032318591159288134, 0.0002551716633774627, -4.182221850805066e-05, 0.0002023679532562728, 0.00010683599631244174, -4.1822218508014424e-05, -0.00032318591159287614, 0.00010683599631245347, -2.0356897036854973e-05], [-0.0006030153636107673, -0.00035758284095153265, 0.0024361139952719024, -0.0005831803232201702, 0.0024361139952718716, -0.0005831803232201591, 0.030928694514293635, 0.0013305882599022798, -0.0003575828409515714, 0.00025517166337745746, -0.0005831803232201798, -4.182221850803704e-05, -0.0005831803232201415, -4.182221850806946e-05, 0.0013305882599022806, -0.0003231859115928736, -0.00035758284095153254, 0.0002551716633774399, -0.0005831803232201561, -4.182221850803341e-05, -0.0005831803232201543, -4.1822218508023436e-05, 0.0013305882599022997, -0.00032318591159285315, 0.0002551716633775262, 0.00020236795325626744, -4.182221850804549e-05, 0.00010683599631246007, -4.182221850804645e-05, 0.00010683599631243016, -0.0003231859115928586, -2.0356897036844137e-05], [-0.0003293312532841143, -0.0005422278583182809, -0.0005422278583182863, 0.0013305882599022752, -0.0005422278583182649, 0.0013305882599022828, 0.0013305882599022798, 0.02157164366632908, 0.00023696520224709925, -4.182221850804454e-05, -4.182221850804069e-05, -0.00034196548292041607, -4.182221850805949e-05, -0.0003419654829204046, -0.00034196548292037996, 0.0007459423860573248, 0.0002369652022471012, -4.1822218508054506e-05, -4.1822218508030145e-05, -0.00034196548292040084, -4.182221850803263e-05, -0.00034196548292040734, -0.00034196548292039737, 0.0007459423860573329, 0.0002023679532562713, 0.00010831044850114238, 0.0001083104485011421, -2.581378802400341e-05, 0.0001083104485011486, -2.5813788024019615e-05, -2.5813788024026422e-05, -0.00019946447384874835], [0.004208604158022885, -0.0006570520145134143, -0.0006570520145133834, -0.0003575828409515652, -0.0006570520145134258, -0.0003575828409515535, -0.0003575828409515714, 0.00023696520224709925, 0.043839675741165, 0.0024361139952719132, 0.0024361139952719197, -0.0005422278583182853, 0.0024361139952719124, -0.000542227858318279, -0.0005422278583182689, -4.707638918086067e-05, -0.0006570520145134233, -0.0003575828409515663, -0.0003575828409515627, 0.00023696520224710188, -0.0003575828409515831, 0.00023696520224708736, 0.00023696520224711357, 0.00018451786490490983, 0.0024361139952719215, -0.0005422278583182907, -0.000542227858318294, -4.7076389180859124e-05, -0.0005422278583182752, -4.7076389180845124e-05, -4.707638918084973e-05, 0.0001034439370704752], [-0.0006030153636107612, 0.0024361139952719007, -0.0003575828409515498, -0.0005831803232201305, -0.0003575828409515774, -0.000583180323220165, 0.00025517166337745746, -4.182221850804454e-05, 0.0024361139952719132, 0.030928694514293614, -0.000583180323220153, 0.0013305882599022678, -0.0005831803232201786, 0.0013305882599022698, -4.1822218508012316e-05, -0.0003231859115928712, -0.000357582840951559, -0.0005831803232201423, 0.00025517166337751443, -4.1822218508040126e-05, 0.0002551716633774538, -4.1822218508040695e-05, 0.00020236795325625554, 0.00010683599631245776, -0.000583180323220175, 0.0013305882599022787, -4.1822218508041644e-05, -0.00032318591159286996, -4.1822218508030734e-05, -0.00032318591159287115, 0.00010683599631244818, -2.0356897036849704e-05], [-0.0006030153636107664, -0.0003575828409515423, 0.0024361139952719033, -0.0005831803232201555, -0.00035758284095158875, 0.0002551716633774895, -0.0005831803232201798, -4.182221850804069e-05, 0.0024361139952719197, -0.000583180323220153, 0.03092869451429357, 0.0013305882599022715, -0.0005831803232201337, -4.1822218508051436e-05, 0.0013305882599022715, -0.00032318591159286237, -0.0003575828409515579, 0.0002551716633774672, -0.0005831803232201305, -4.182221850806313e-05, 0.00025517166337748944, 0.00020236795325626327, -4.1822218508025544e-05, 0.00010683599631245748, -0.0005831803232201664, -4.1822218508010006e-05, 0.001330588259902282, -0.00032318591159288264, -4.182221850803398e-05, 0.00010683599631245959, -0.0003231859115928781, -2.0356897036847495e-05], [-0.0003293312532841139, -0.0005422278583182923, -0.000542227858318291, 0.0013305882599022895, 0.00023696520224711798, -4.182221850805431e-05, -4.182221850803704e-05, -0.00034196548292041607, -0.0005422278583182853, 0.0013305882599022678, 0.0013305882599022715, 0.021571643666329098, -4.1822218508040885e-05, -0.0003419654829203845, -0.0003419654829203996, 0.0007459423860573405, 0.0002369652022471114, -4.182221850801999e-05, -4.1822218508048556e-05, -0.00034196548292036777, 0.00020236795325626094, 0.00010831044850112549, 0.00010831044850113548, -2.5813788024015302e-05, -4.182221850802612e-05, -0.0003419654829203835, -0.0003419654829203892, 0.0007459423860572983, 0.00010831044850109883, -2.5813788024007154e-05, -2.581378802401856e-05, -0.00019946447384874082], [-0.0006030153636107664, -0.0003575828409515494, -0.00035758284095158865, 0.00025517166337747416, 0.0024361139952719033, -0.000583180323220124, -0.0005831803232201415, -4.182221850805949e-05, 0.0024361139952719124, -0.0005831803232201786, -0.0005831803232201337, -4.1822218508040885e-05, 0.030928694514293566, 0.0013305882599022837, 0.001330588259902262, -0.0003231859115928594, -0.0003575828409515513, 0.0002551716633774589, 0.00025517166337745464, 0.00020236795325629474, -0.0005831803232201444, -4.182221850804644e-05, -4.182221850804146e-05, 0.000106835996312464, -0.0005831803232201494, -4.182221850802861e-05, -4.1822218508039354e-05, 0.0001068359963124382, 0.001330588259902262, -0.00032318591159288107, -0.0003231859115928586, -2.0356897036844232e-05], [-0.00032933125328411415, -0.0005422278583182645, 0.00023696520224710888, -4.1822218508031866e-05, -0.000542227858318308, 0.0013305882599022945, -4.182221850806946e-05, -0.0003419654829204046, -0.000542227858318279, 0.0013305882599022698, -4.1822218508051436e-05, -0.0003419654829203845, 0.0013305882599022837, 0.02157164366632908, -0.00034196548292039444, 0.0007459423860573232, 0.0002369652022471019, -4.1822218508032835e-05, 0.00020236795325626292, 0.00010831044850114037, -4.182221850805431e-05, -0.0003419654829203805, 0.00010831044850111535, -2.581378802401089e-05, -4.1822218508015e-05, -0.00034196548292040436, 0.00010831044850112357, -2.5813788024012138e-05, -0.00034196548292038994, 0.0007459423860573251, -2.581378802400561e-05, -0.00019946447384875478], [-0.0003293312532841149, 0.0002369652022470818, -0.0005422278583182944, -4.182221850803533e-05, -0.0005422278583182747, -4.1822218508061024e-05, 0.0013305882599022806, -0.00034196548292037996, -0.0005422278583182689, -4.1822218508012316e-05, 0.0013305882599022715, -0.0003419654829203996, 0.001330588259902262, -0.00034196548292039444, 0.021571643666329077, 0.0007459423860573255, 0.00023696520224710207, 0.00020236795325629279, -4.182221850804473e-05, 0.00010831044850111209, -4.1822218508040695e-05, 0.00010831044850111523, -0.0003419654829203878, -2.5813788024016454e-05, -4.182221850803168e-05, 0.00010831044850112052, -0.00034196548292039335, -2.581378802400284e-05, -0.0003419654829203778, -2.5813788024024023e-05, 0.0007459423860573333, -0.0001994644738487441], [0.00019586880173865127, -4.707638918084263e-05, -4.707638918085338e-05, -0.00032318591159287446, -4.707638918086181e-05, -0.0003231859115928816, -0.0003231859115928736, 0.0007459423860573248, -4.707638918086067e-05, -0.0003231859115928712, -0.00032318591159286237, 0.0007459423860573405, -0.0003231859115928594, 0.0007459423860573232, 0.0007459423860573255, 0.014910075097608137, 0.0001845178649049163, 0.00010683599631245641, 0.00010683599631244607, -2.581378802402412e-05, 0.00010683599631245999, -2.5813788024016166e-05, -2.581378802403342e-05, -0.00020401606660072638, 0.00010683599631244722, -2.5813788023998226e-05, -2.5813788024017024e-05, -0.0002040160666007037, -2.5813788024013764e-05, -0.0002040160666007249, -0.00020401606660070936, 0.00044274710534093645], [0.004208604158022884, -0.0006570520145134059, -0.0006570520145134201, -0.000357582840951545, -0.0006570520145134241, -0.0003575828409515507, -0.00035758284095153254, 0.0002369652022471012, -0.0006570520145134233, -0.000357582840951559, -0.0003575828409515579, 0.0002369652022471114, -0.0003575828409515513, 0.0002369652022471019, 0.00023696520224710207, 0.0001845178649049163, 0.04383967574116501, 0.0024361139952718915, 0.002436113995271883, -0.0005422278583182838, 0.0024361139952719033, -0.0005422278583182765, -0.0005422278583182962, -4.707638918087391e-05, 0.0024361139952718937, -0.0005422278583182795, -0.0005422278583182837, -4.707638918084302e-05, -0.0005422278583182983, -4.7076389180847245e-05, -4.7076389180861435e-05, 0.00010344393707047462], [-0.0006030153636107655, 0.002436113995271904, -0.00035758284095155677, -0.0005831803232201343, -0.0003575828409515316, -0.0005831803232201153, 0.0002551716633774399, -4.1822218508054506e-05, -0.0003575828409515663, -0.0005831803232201423, 0.0002551716633774672, -4.182221850801999e-05, 0.0002551716633774589, -4.1822218508032835e-05, 0.00020236795325629279, 0.00010683599631245641, 0.0024361139952718915, 0.03092869451429355, -0.0005831803232201464, 0.001330588259902295, -0.0005831803232201558, 0.00133058825990226, -4.182221850803474e-05, -0.0003231859115928882, -0.0005831803232201327, 0.0013305882599022735, -4.182221850805605e-05, -0.0003231859115928678, -4.182221850805278e-05, -0.0003231859115928433, 0.0001068359963124455, -2.0356897036854685e-05], [-0.0006030153636107663, -0.00035758284095154745, 0.002436113995271897, -0.0005831803232201569, -0.0003575828409515366, 0.00025517166337746597, -0.0005831803232201561, -4.1822218508030145e-05, -0.0003575828409515627, 0.00025517166337751443, -0.0005831803232201305, -4.1822218508048556e-05, 0.00025517166337745464, 0.00020236795325626292, -4.182221850804473e-05, 0.00010683599631244607, 0.002436113995271883, -0.0005831803232201464, 0.03092869451429354, 0.0013305882599022897, -0.0005831803232201452, -4.182221850803418e-05, 0.0013305882599022798, -0.00032318591159288075, -0.0005831803232201518, -4.1822218508033214e-05, 0.001330588259902273, -0.00032318591159285153, -4.182221850803418e-05, 0.00010683599631245508, -0.0003231859115928874, -2.0356897036845767e-05], [-0.00032933125328410895, -0.0005422278583182763, -0.0005422278583182841, 0.0013305882599022704, 0.00023696520224709606, -4.182221850802727e-05, -4.182221850803341e-05, -0.00034196548292040084, 0.00023696520224710188, -4.1822218508040126e-05, -4.182221850806313e-05, -0.00034196548292036777, 0.00020236795325629474, 0.00010831044850114037, 0.00010831044850111209, -2.581378802402412e-05, -0.0005422278583182838, 0.001330588259902295, 0.0013305882599022897, 0.02157164366632906, -4.182221850804625e-05, -0.0003419654829203833, -0.00034196548292040295, 0.0007459423860573248, -4.182221850807522e-05, -0.0003419654829203627, -0.00034196548292039335, 0.0007459423860573512, 0.00010831044850112204, -2.5813788024031985e-05, -2.5813788024022106e-05, -0.00019946447384874177], [-0.0006030153636107663, -0.0003575828409515575, -0.0003575828409515417, 0.00025517166337748765, 0.002436113995271906, -0.0005831803232201421, -0.0005831803232201543, -4.182221850803263e-05, -0.0003575828409515831, 0.0002551716633774538, 0.00025517166337748944, 0.00020236795325626094, -0.0005831803232201444, -4.182221850805431e-05, -4.1822218508040695e-05, 0.00010683599631245999, 0.0024361139952719033, -0.0005831803232201558, -0.0005831803232201452, -4.182221850804625e-05, 0.030928694514293593, 0.0013305882599022837, 0.0013305882599022865, -0.00032318591159286747, -0.000583180323220175, -4.182221850802823e-05, -4.18222185080547e-05, 0.00010683599631246477, 0.001330588259902289, -0.0003231859115928825, -0.00032318591159286763, -2.0356897036846347e-05], [-0.0003293312532841114, -0.0005422278583182712, 0.00023696520224710912, -4.1822218508037436e-05, -0.0005422278583182925, 0.001330588259902275, -4.1822218508023436e-05, -0.00034196548292040734, 0.00023696520224708736, -4.1822218508040695e-05, 0.00020236795325626327, 0.00010831044850112549, -4.182221850804644e-05, -0.0003419654829203805, 0.00010831044850111523, -2.5813788024016166e-05, -0.0005422278583182765, 0.00133058825990226, -4.182221850803418e-05, -0.0003419654829203833, 0.0013305882599022837, 0.02157164366632911, -0.00034196548292039883, 0.0007459423860573344, -4.182221850803704e-05, -0.00034196548292041135, 0.00010831044850111686, -2.5813788024014814e-05, -0.00034196548292038555, 0.000745942386057321, -2.581378802400744e-05, -0.0001994644738487588], [-0.0003293312532841137, 0.00023696520224708998, -0.0005422278583182826, -4.182221850804224e-05, -0.000542227858318273, -4.182221850804741e-05, 0.0013305882599022997, -0.00034196548292039737, 0.00023696520224711357, 0.00020236795325625554, -4.1822218508025544e-05, 0.00010831044850113548, -4.182221850804146e-05, 0.00010831044850111535, -0.0003419654829203878, -2.581378802403342e-05, -0.0005422278583182962, -4.182221850803474e-05, 0.0013305882599022798, -0.00034196548292040295, 0.0013305882599022865, -0.00034196548292039883, 0.021571643666329094, 0.0007459423860573392, -4.182221850805719e-05, 0.00010831044850112799, -0.00034196548292041135, -2.581378802401654e-05, -0.0003419654829203852, -2.581378802399478e-05, 0.0007459423860573239, -0.00019946447384874613], [0.00019586880173864658, -4.7076389180862383e-05, -4.707638918084628e-05, -0.00032318591159287164, -4.7076389180839175e-05, -0.00032318591159288134, -0.00032318591159285315, 0.0007459423860573329, 0.00018451786490490983, 0.00010683599631245776, 0.00010683599631245748, -2.5813788024015302e-05, 0.000106835996312464, -2.581378802401089e-05, -2.5813788024016454e-05, -0.00020401606660072638, -4.707638918087391e-05, -0.0003231859115928882, -0.00032318591159288075, 0.0007459423860573248, -0.00032318591159286747, 0.0007459423860573344, 0.0007459423860573392, 0.014910075097608132, 0.00010683599631245536, -2.581378802401482e-05, -2.581378802401664e-05, -0.0002040160666007149, -2.581378802403544e-05, -0.00020401606660069762, -0.00020401606660072242, 0.000442747105340935], [-0.0006030153636107647, -0.0003575828409515633, -0.0003575828409515464, 0.0002551716633774943, -0.00035758284095156815, 0.0002551716633774627, 0.0002551716633775262, 0.0002023679532562713, 0.0024361139952719215, -0.000583180323220175, -0.0005831803232201664, -4.182221850802612e-05, -0.0005831803232201494, -4.1822218508015e-05, -4.182221850803168e-05, 0.00010683599631244722, 0.0024361139952718937, -0.0005831803232201327, -0.0005831803232201518, -4.182221850807522e-05, -0.000583180323220175, -4.182221850803704e-05, -4.182221850805719e-05, 0.00010683599631245536, 0.03092869451429356, 0.001330588259902261, 0.0013305882599023047, -0.0003231859115928675, 0.0013305882599022704, -0.00032318591159286833, -0.0003231859115928762, -2.0356897036846343e-05], [-0.00032933125328411133, -0.0005422278583182956, 0.00023696520224712208, -4.182221850804797e-05, 0.00023696520224709278, -4.182221850805066e-05, 0.00020236795325626744, 0.00010831044850114238, -0.0005422278583182907, 0.0013305882599022787, -4.1822218508010006e-05, -0.0003419654829203835, -4.182221850802861e-05, -0.00034196548292040436, 0.00010831044850112052, -2.5813788023998226e-05, -0.0005422278583182795, 0.0013305882599022735, -4.1822218508033214e-05, -0.0003419654829203627, -4.182221850802823e-05, -0.00034196548292041135, 0.00010831044850112799, -2.581378802401482e-05, 0.001330588259902261, 0.02157164366632908, -0.0003419654829203912, 0.0007459423860573008, -0.0003419654829204183, 0.0007459423860573158, -2.581378802400197e-05, -0.00019946447384874854], [-0.00032933125328411117, 0.00023696520224710215, -0.00054222785831829, -4.182221850803053e-05, 0.00023696520224712164, 0.0002023679532562728, -4.182221850804549e-05, 0.0001083104485011421, -0.000542227858318294, -4.1822218508041644e-05, 0.001330588259902282, -0.0003419654829203892, -4.1822218508039354e-05, 0.00010831044850112357, -0.00034196548292039335, -2.5813788024017024e-05, -0.0005422278583182837, -4.182221850805605e-05, 0.001330588259902273, -0.00034196548292039335, -4.18222185080547e-05, 0.00010831044850111686, -0.00034196548292041135, -2.581378802401664e-05, 0.0013305882599023047, -0.0003419654829203912, 0.021571643666329077, 0.0007459423860573154, -0.00034196548292039536, -2.5813788023997562e-05, 0.0007459423860573293, -0.0001994644738487542], [0.00019586880173864555, -4.707638918085165e-05, -4.707638918085471e-05, -0.0003231859115928771, 0.0001845178649048933, 0.00010683599631244174, 0.00010683599631246007, -2.581378802400341e-05, -4.7076389180859124e-05, -0.00032318591159286996, -0.00032318591159288264, 0.0007459423860572983, 0.0001068359963124382, -2.5813788024012138e-05, -2.581378802400284e-05, -0.0002040160666007037, -4.707638918084302e-05, -0.0003231859115928678, -0.00032318591159285153, 0.0007459423860573512, 0.00010683599631246477, -2.5813788024014814e-05, -2.581378802401654e-05, -0.0002040160666007149, -0.0003231859115928675, 0.0007459423860573008, 0.0007459423860573154, 0.014910075097608173, -2.5813788024009065e-05, -0.00020401606660075964, -0.00020401606660074752, 0.0004427471053409282], [-0.00032933125328411204, 0.00023696520224711067, 0.00023696520224710928, 0.00020236795325625367, -0.0005422278583182938, -4.1822218508014424e-05, -4.182221850804645e-05, 0.0001083104485011486, -0.0005422278583182752, -4.1822218508030734e-05, -4.182221850803398e-05, 0.00010831044850109883, 0.001330588259902262, -0.00034196548292038994, -0.0003419654829203778, -2.5813788024013764e-05, -0.0005422278583182983, -4.182221850805278e-05, -4.182221850803418e-05, 0.00010831044850112204, 0.001330588259902289, -0.00034196548292038555, -0.0003419654829203852, -2.581378802403544e-05, 0.0013305882599022704, -0.0003419654829204183, -0.00034196548292039536, -2.5813788024009065e-05, 0.02157164366632908, 0.0007459423860573301, 0.0007459423860573324, -0.00019946447384874575], [0.00019586880173864924, -4.707638918085241e-05, 0.00018451786490489064, 0.00010683599631245806, -4.707638918085587e-05, -0.00032318591159287614, 0.00010683599631243016, -2.5813788024019615e-05, -4.7076389180845124e-05, -0.00032318591159287115, 0.00010683599631245959, -2.5813788024007154e-05, -0.00032318591159288107, 0.0007459423860573251, -2.5813788024024023e-05, -0.0002040160666007249, -4.7076389180847245e-05, -0.0003231859115928433, 0.00010683599631245508, -2.5813788024031985e-05, -0.0003231859115928825, 0.000745942386057321, -2.581378802399478e-05, -0.00020401606660069762, -0.00032318591159286833, 0.0007459423860573158, -2.5813788023997562e-05, -0.00020401606660075964, 0.0007459423860573301, 0.014910075097608144, -0.00020401606660071483, 0.0004427471053409384], [0.00019586880173865108, 0.00018451786490490823, -4.707638918084187e-05, 0.00010683599631244962, -4.7076389180860845e-05, 0.00010683599631245347, -0.0003231859115928586, -2.5813788024026422e-05, -4.707638918084973e-05, 0.00010683599631244818, -0.0003231859115928781, -2.581378802401856e-05, -0.0003231859115928586, -2.581378802400561e-05, 0.0007459423860573333, -0.00020401606660070936, -4.7076389180861435e-05, 0.0001068359963124455, -0.0003231859115928874, -2.5813788024022106e-05, -0.00032318591159286763, -2.581378802400744e-05, 0.0007459423860573239, -0.00020401606660072242, -0.0003231859115928762, -2.581378802400197e-05, 0.0007459423860573293, -0.00020401606660074752, 0.0007459423860573324, -0.00020401606660071483, 0.014910075097608144, 0.0004427471053409398], [0.00015286197420334908, 0.00010344393707047388, 0.00010344393707047836, -2.035689703683781e-05, 0.00010344393707047653, -2.0356897036854973e-05, -2.0356897036844137e-05, -0.00019946447384874835, 0.0001034439370704752, -2.0356897036849704e-05, -2.0356897036847495e-05, -0.00019946447384874082, -2.0356897036844232e-05, -0.00019946447384875478, -0.0001994644738487441, 0.00044274710534093645, 0.00010344393707047462, -2.0356897036854685e-05, -2.0356897036845767e-05, -0.00019946447384874177, -2.0356897036846347e-05, -0.0001994644738487588, -0.00019946447384874613, 0.000442747105340935, -2.0356897036846343e-05, -0.00019946447384874854, -0.0001994644738487542, 0.0004427471053409282, -0.00019946447384874575, 0.0004427471053409384, 0.0004427471053409398, 0.01026172536543948]], [[0.035477660461453606, 0.002510329388119593, 0.002510329388119597, -0.0002708277352509028, 0.002510329388119596, -0.0002708277352509017, -0.0002708277352509037, -0.00017479677649901305, 0.002510329388119596, -0.0002708277352509048, -0.0002708277352509049, -0.00017479677649901042, -0.00027082773525090466, -0.00017479677649900936, -0.00017479677649901123, 5.981446284669894e-05, 0.0025103293881195985, -0.00027082773525090445, -0.00027082773525090293, -0.00017479677649901264, -0.00027082773525090184, -0.00017479677649901313, -0.00017479677649901367, 5.9814462846697696e-05, -0.0002708277352509047, -0.00017479677649901305, -0.0001747967764990114, 5.9814462846699715e-05, -0.00017479677649901316, 5.9814462846698346e-05, 5.981446284669925e-05, 8.606983046698998e-05, 0.0025103293881195946, -0.00027082773525090564, -0.00027082773525090374, -0.0001747967764990107, -0.00027082773525090504, -0.00017479677649901283, -0.00017479677649901164, 5.981446284670186e-05, -0.00027082773525090764, -0.00017479677649901023, -0.0001747967764990101, 5.981446284670223e-05, -0.00017479677649901283, 5.981446284670264e-05, 5.981446284670212e-05, 8.606983046697764e-05, -0.0002708277352509028, -0.00017479677649901188, -0.0001747967764990134, 5.98144628467003e-05, -0.00017479677649901148, 5.9814462846698814e-05, 5.981446284669751e-05, 8.606983046698791e-05, -0.00017479677649901156, 5.9814462846702846e-05, 5.981446284669875e-05, 8.606983046698097e-05, 5.9814462846699695e-05, 8.606983046698319e-05, 8.606983046698625e-05, -0.0001236615873095378], [0.002510329388119593, 0.02540319595840734, -0.0002987276862960623, 0.0015167967073796175, -0.0002987276862960611, 0.0015167967073796082, -0.0001912099679176861, -0.00027074689360177085, -0.00029872768629607486, 0.0015167967073796112, -0.0001912099679176783, -0.0002707468936017739, -0.0001912099679176829, -0.00027074689360176673, 7.459122423931741e-05, -6.616264551435302e-05, -0.0002987276862960626, 0.0015167967073796103, -0.00019120996791767618, -0.0002707468936017801, -0.00019120996791767848, -0.00027074689360176955, 7.459122423931531e-05, -6.616264551434796e-05, -0.0001912099679176795, -0.0002707468936017691, 7.459122423930623e-05, -6.616264551435224e-05, 7.459122423932134e-05, -6.616264551436042e-05, 0.0001077991580552043, 8.463324888387216e-05, -0.00029872768629605817, 0.001516796707379601, -0.00019120996791768442, -0.0002707468936017766, -0.00019120996791768832, -0.00027074689360176966, 7.45912242393059e-05, -6.616264551434873e-05, -0.00019120996791768808, -0.00027074689360176966, 7.459122423930115e-05, -6.616264551434512e-05, 7.459122423931195e-05, -6.616264551435285e-05, 0.00010779915805521229, 8.46332488838707e-05, -0.00019120996791768818, -0.00027074689360176896, 7.459122423930026e-05, -6.616264551434136e-05, 7.459122423931541e-05, -6.616264551435518e-05, 0.00010779915805520479, 8.463324888386577e-05, 7.459122423931088e-05, -6.616264551435041e-05, 0.00010779915805520676, 8.463324888386451e-05, 0.00010779915805520384, 8.463324888387228e-05, -0.00017795267348538006, -3.9090868139025674e-05], [0.002510329388119597, -0.0002987276862960623, 0.025403195958407326, 0.001516796707379621, -0.0002987276862960549, -0.00019120996791767905, 0.001516796707379615, -0.00027074689360177985, -0.0002987276862960657, -0.00019120996791768108, 0.0015167967073796093, -0.0002707468936017709, -0.00019120996791768, 7.459122423929863e-05, -0.0002707468936017726, -6.616264551434866e-05, -0.0002987276862960644, -0.0001912099679176894, 0.001516796707379612, -0.0002707468936017609, -0.00019120996791768222, 7.459122423929698e-05, -0.0002707468936017728, -6.616264551435495e-05, -0.00019120996791768734, 7.459122423931243e-05, -0.0002707468936017653, -6.616264551435876e-05, 7.459122423930584e-05, 0.00010779915805521424, -6.616264551435415e-05, 8.4633248883873e-05, -0.00029872768629606613, -0.00019120996791768344, 0.0015167967073796116, -0.00027074689360176034, -0.00019120996791768753, 7.459122423930015e-05, -0.000270746893601768, -6.61626455143459e-05, -0.00019120996791768442, 7.459122423930432e-05, -0.0002707468936017618, -6.616264551435363e-05, 7.459122423930152e-05, 0.00010779915805522446, -6.616264551435973e-05, 8.463324888386054e-05, -0.00019120996791768423, 7.459122423931294e-05, -0.0002707468936017636, -6.61626455143592e-05, 7.459122423930359e-05, 0.00010779915805521681, -6.616264551435828e-05, 8.463324888387128e-05, 7.459122423931239e-05, 0.00010779915805521382, -6.616264551435656e-05, 8.463324888387437e-05, 0.00010779915805521145, -0.00017795267348538386, 8.463324888387502e-05, -3.909086813903106e-05], [-0.0002708277352509028, 0.0015167967073796175, 0.001516796707379621, 0.01804201354888351, -0.00019120996791768192, -0.00029501479820131794, -0.000295014799278408, 0.0008697123101602518, -0.00019120996791768656, -0.00029501479801093475, -0.0002950147986052664, 0.0008697123115378262, 8.136203368547078e-05, -7.025388290595816e-05, -7.025388318771522e-05, -0.00021020710597469637, -0.00019120996791768493, -0.00029501479866247846, -0.00029501479850360126, 0.0008697123117288373, 8.136203420828476e-05, -7.025388224733643e-05, -7.025388253307138e-05, -0.00021020710605259223, 8.136203376299748e-05, -7.025388206734403e-05, -7.025388256362738e-05, -0.0002102071067979541, 0.00012104111679818799, 0.00010305001654271633, 0.00010305001845630271, 4.449833457007131e-06, -0.0001912099679176903, -0.00029501479891488213, -0.0002950147974023122, 0.0008697123098595061, 8.136203377031623e-05, -7.025388256363214e-05, -7.02538820673437e-05, -0.00021020710599885272, 8.136203335208274e-05, -7.025388253307306e-05, -7.025388224734153e-05, -0.00021020710508750395, 0.00012104111866751307, 0.00010305001577246698, 0.0001030500174623686, 4.449833457010878e-06, 8.136203337914537e-05, -7.02538831877051e-05, -7.025388290596892e-05, -0.0002102071052969181, 0.00012104111847651847, 0.0001030500177022584, 0.0001030500158198826, 4.449833457011514e-06, 0.00012104111709893613, 0.0001030500175386499, 0.00010305001581752523, 4.449833457012082e-06, -0.0002234263627733921, -5.647428270804265e-05, -5.647428270804815e-05, 3.210078648561732e-05], [0.002510329388119596, -0.0002987276862960611, -0.0002987276862960549, -0.00019120996791768192, 0.025403195958407367, 0.0015167967073796062, 0.0015167967073796064, -0.00027074689360177205, -0.00029872768629606814, -0.000191209967917681, -0.0001912099679176784, 7.459122423930916e-05, 0.0015167967073796064, -0.00027074689360176305, -0.0002707468936017723, -6.616264551434465e-05, -0.00029872768629607085, -0.0001912099679176779, -0.000191209967917686, 7.459122423930528e-05, 0.0015167967073796051, -0.0002707468936017767, -0.00027074689360178397, -6.616264551434733e-05, -0.0001912099679176897, 7.459122423931302e-05, 7.459122423930337e-05, 0.0001077991580552042, -0.0002707468936017744, -6.616264551434645e-05, -6.616264551434011e-05, 8.463324888386378e-05, -0.0002987276862960763, -0.00019120996791768724, -0.00019120996791768333, 7.459122423930906e-05, 0.0015167967073796151, -0.0002707468936017722, -0.0002707468936017655, -6.616264551434764e-05, -0.00019120996791768921, 7.45912242393212e-05, 7.459122423931377e-05, 0.00010779915805520369, -0.0002707468936017624, -6.616264551434766e-05, -6.616264551435953e-05, 8.463324888386347e-05, -0.00019120996791767913, 7.459122423931019e-05, 7.459122423930608e-05, 0.00010779915805520125, -0.0002707468936017735, -6.616264551434691e-05, -6.616264551434655e-05, 8.463324888387456e-05, 7.459122423931374e-05, 0.0001077991580551971, 0.00010779915805520978, -0.00017795267348537646, -6.61