{"r1": 0.99, "r2": 0.99, "theta": 107.44, "sequence": [[[0.021230272881886607, 0.011209511397973566], [0.011209511397973566, 0.004773908781291644]], [[0.004169728504665715, 0.0031184538494131034, 0.0031184538494133636, -0.000715436473731], [0.0031184538494131034, 0.005585749672611652, -0.0007156114655658107, -0.00023101482977402858], [0.0031184538494133636, -0.0007156114655658107, 0.005585749672611992, -0.00023101482977473426], [-0.000715436473731, -0.00023101482977402858, -0.00023101482977473426, -6.923853992784542e-05]], [[0.001035808203171033, 0.0010256468547625568, 0.0010256468547625568, 7.094130842468428e-05, 0.0010256468547625464, 7.094130842471113e-05, 7.094130842465742e-05, -0.0008509927078626585], [0.0010256468547625568, 0.0018252455143257125, 0.00076131001022937, 0.0004397041435170927, 0.0007613101364611686, 0.0004397042717066445, -0.00028409717881332474, -0.00036915667564284613], [0.0010256468547625568, 0.00076131001022937, 0.0018252455373073484, 0.0004397041729602089, 0.0007613101134791315, -0.00028409720825693234, 0.00043970427170665524, -0.0003691566756429146], [7.094130842468428e-05, 0.0004397041435170927, 0.0004397041729602089, -9.356640586225222e-05, -0.0002840970800673055, -9.490891399428831e-05, -9.490894204264801e-05, 5.29913107957126e-06], [0.0010256468547625464, 0.0007613101364611686, 0.0007613101134791315, -0.0002840970800673055, 0.001825245411075599, 0.00043970417296061704, 0.0004397041435168242, -0.00036915667564282325], [7.094130842471113e-05, 0.0004397042717066445, -0.00028409720825693234, -9.490891399428831e-05, 0.00043970417296061704, -9.356643749864104e-05, -9.490891040571514e-05, 5.299131079949926e-06], [7.094130842465742e-05, -0.00028409717881332474, 0.00043970427170665524, -9.490894204264801e-05, 0.0004397041435168242, -9.490891040571514e-05, -9.356640945031376e-05, 5.299131080094948e-06], [-0.0008509927078626585, -0.00036915667564284613, -0.0003691566756429146, 5.29913107957126e-06, -0.00036915667564282325, 5.299131079949926e-06, 5.299131080094948e-06, 0.00015008324018355218]], [[0.00029886533379232645, 0.000296164509449786, 0.00029616450944982127, 9.808900646411828e-05, 0.000296164509449805, 9.80890064641373e-05, 9.808900646414275e-05, -0.00010313099233092255, 0.00029616450944978316, 9.808900646414278e-05, 9.808900646414004e-05, -0.00010313099233091171, 9.808900646415365e-05, -0.000103130992330909, -0.0001031309923309171, -0.0004566667364652329], [0.000296164509449786, 0.0005657602126832033, 0.0003915401927192073, 0.00021316829128757248, 0.0003915401927196358, 0.00021316829128764859, 6.291222875524047e-05, 5.589455070746893e-05, 0.0003915401927190774, 0.00021316829128753708, 6.291222875537578e-05, 5.5894550707434926e-05, 6.291222875533294e-05, 5.589455070750293e-05, -0.0001391484838645175, -0.0002321686441875093], [0.00029616450944982127, 0.0003915401927192073, 0.0005657602126826185, 0.0002131682912875235, 0.0003915401927192169, 6.291222875536423e-05, 0.00021316829128760785, 5.589455070737236e-05, 0.000391540192719835, 6.29122287552034e-05, 0.00021316829128740922, 5.589455070747845e-05, 6.291222875533973e-05, -0.0001391484838645012, 5.5894550707550536e-05, -0.00023216864418743857], [9.808900646411828e-05, 0.00021316829128757248, 0.0002131682912875235, -2.3929577731898665e-05, 6.291222875550024e-05, -3.172008967916706e-05, -3.1720089679040576e-05, -3.0216587002657202e-05, 6.291222875538803e-05, -3.172008967881616e-05, -3.1720089679316674e-05, -3.021658700297275e-05, -1.4995913183950212e-05, -9.826621582287486e-06, -9.826621582339169e-06, 1.7488918384192465e-06], [0.000296164509449805, 0.0003915401927196358, 0.0003915401927192169, 6.291222875550024e-05, 0.0005657602126823724, 0.000213168291287499, 0.00021316829128744733, 5.589455070743355e-05, 0.0003915401927195147, 6.291222875532004e-05, 6.29122287555832e-05, -0.00013914848386448487, 0.0002131682912874718, 5.589455070746757e-05, 5.5894550707452605e-05, -0.00023216864418752287], [9.80890064641373e-05, 0.00021316829128764859, 6.291222875536423e-05, -3.172008967916706e-05, 0.000213168291287499, -2.392957773156783e-05, -3.17200896791045e-05, -3.021658700242871e-05, 6.291222875522109e-05, -3.1720089678559095e-05, -1.4995913183920298e-05, -9.826621582499661e-06, -3.1720089679233706e-05, -3.0216587002687123e-05, -9.8266215827404e-06, 1.7488918383505617e-06], [9.808900646414275e-05, 6.291222875524047e-05, 0.00021316829128760785, -3.1720089679040576e-05, 0.00021316829128744733, -3.17200896791045e-05, -2.3929577731790953e-05, -3.0216587003024432e-05, 6.291222875543938e-05, -1.4995913184276645e-05, -3.172008967880663e-05, -9.826621582189557e-06, -3.172008967877807e-05, -9.82662158223444e-06, -3.0216587002915615e-05, 1.7488918383675652e-06], [-0.00010313099233092255, 5.589455070746893e-05, 5.589455070737236e-05, -3.0216587002657202e-05, 5.589455070743355e-05, -3.021658700242871e-05, -3.0216587003024432e-05, -6.3217002871191376e-06, -0.00013914848386452022, -9.826621582347327e-06, -9.826621582683276e-06, 1.0111472091240161e-05, -9.826621582412613e-06, 1.0111472090931164e-05, 1.0111472090981913e-05, 4.680185559017582e-05], [0.00029616450944978316, 0.0003915401927190774, 0.000391540192719835, 6.291222875538803e-05, 0.0003915401927195147, 6.291222875522109e-05, 6.291222875543938e-05, -0.00013914848386452022, 0.00056576021268248, 0.0002131682912876622, 0.00021316829128742012, 5.589455070748932e-05, 0.00021316829128758877, 5.58945507074322e-05, 5.5894550707483885e-05, -0.00023216864418755144], [9.808900646414278e-05, 0.00021316829128753708, 6.29122287552034e-05, -3.172008967881616e-05, 6.291222875532004e-05, -3.1720089678559095e-05, -1.4995913184276645e-05, -9.826621582347327e-06, 0.0002131682912876622, -2.3929577732160263e-05, -3.17200896789304e-05, -3.0216587003086994e-05, -3.1720089679085455e-05, -3.021658700277417e-05, -9.82662158208619e-06, 1.748891838330843e-06], [9.808900646414004e-05, 6.291222875537578e-05, 0.00021316829128740922, -3.1720089679316674e-05, 6.29122287555832e-05, -1.4995913183920298e-05, -3.172008967880663e-05, -9.826621582683276e-06, 0.00021316829128742012, -3.17200896789304e-05, -2.3929577731575525e-05, -3.021658700275513e-05, -3.172008967926499e-05, -9.826621582567666e-06, -3.0216587002493993e-05, 1.7488918383043183e-06], [-0.00010313099233091171, 5.5894550707434926e-05, 5.589455070747845e-05, -3.021658700297275e-05, -0.00013914848386448487, -9.826621582499661e-06, -9.826621582189557e-06, 1.0111472091240161e-05, 5.589455070748932e-05, -3.0216587003086994e-05, -3.021658700275513e-05, -6.3217002868960155e-06, -9.826621582109313e-06, 1.0111472091023734e-05, 1.011147209080578e-05, 4.680185559010237e-05], [9.808900646415365e-05, 6.291222875533294e-05, 6.291222875533973e-05, -1.4995913183950212e-05, 0.0002131682912874718, -3.1720089679233706e-05, -3.172008967877807e-05, -9.826621582412613e-06, 0.00021316829128758877, -3.1720089679085455e-05, -3.172008967926499e-05, -9.826621582109313e-06, -2.3929577731383178e-05, -3.0216587002863943e-05, -3.0216587002888422e-05, 1.748891838375044e-06], [-0.000103130992330909, 5.589455070750293e-05, -0.0001391484838645012, -9.826621582287486e-06, 5.589455070746757e-05, -3.0216587002687123e-05, -9.82662158223444e-06, 1.0111472090931164e-05, 5.58945507074322e-05, -3.021658700277417e-05, -9.826621582567666e-06, 1.0111472091023734e-05, -3.0216587002863943e-05, -6.321700286811381e-06, 1.011147209080816e-05, 4.6801855590227506e-05], [-0.0001031309923309171, -0.0001391484838645175, 5.5894550707550536e-05, -9.826621582339169e-06, 5.5894550707452605e-05, -9.8266215827404e-06, -3.0216587002915615e-05, 1.0111472090981913e-05, 5.5894550707483885e-05, -9.82662158208619e-06, -3.0216587002493993e-05, 1.011147209080578e-05, -3.0216587002888422e-05, 1.011147209080816e-05, -6.321700286488237e-06, 4.680185559023839e-05], [-0.0004566667364652329, -0.0002321686441875093, -0.00023216864418743857, 1.7488918384192465e-06, -0.00023216864418752287, 1.7488918383505617e-06, 1.7488918383675652e-06, 4.680185559017582e-05, -0.00023216864418755144, 1.748891838330843e-06, 1.7488918383043183e-06, 4.680185559010237e-05, 1.748891838375044e-06, 4.6801855590227506e-05, 4.680185559023839e-05, 0.00013377041358337755]], [[0.00012767669399192568, 0.00012518668521709528, 0.00012518668521709872, 7.351727734241717e-05, 0.00012518668521711976, 7.351727734238663e-05, 7.35172773423819e-05, 1.7870008443445816e-05, 0.00012518668521712176, 7.351727734238188e-05, 7.351727734238122e-05, 1.787000844345532e-05, 7.351727734238257e-05, 1.7870008443453283e-05, 1.787000844344921e-05, -8.563060307822574e-05, 0.00012518668521711024, 7.351727734238256e-05, 7.351727734238867e-05, 1.7870008443453957e-05, 7.351727734238122e-05, 1.787000844344514e-05, 1.7870008443447174e-05, -8.563060307822438e-05, 7.351727734238461e-05, 1.7870008443451925e-05, 1.787000844345939e-05, -8.56306030782332e-05, 1.7870008443441066e-05, -8.563060307823253e-05, -8.563060307822643e-05, -0.00026395121645567956], [0.00012518668521709528, 0.00025314397811330714, 0.0001880281851872864, 0.00011078655435118962, 0.00018802818518721145, 0.00011078655435107154, 5.263390198483825e-05, 7.478820550407258e-05, 0.0001880281851873807, 0.00011078655435111089, 5.263390198479652e-05, 7.478820550406173e-05, 5.26339019847714e-05, 7.47882055041031e-05, -1.1097094850805386e-06, 2.1248034378744116e-06, 0.00018802818518709577, 0.00011078655435110004, 5.263390198482537e-05, 7.478820550402984e-05, 5.263390198479788e-05, 7.478820550408005e-05, -1.1097094850372825e-06, 2.124803437831495e-06, 5.2633901984793803e-05, 7.478820550404137e-05, -1.1097094850952966e-06, 2.1248034377904444e-06, -1.1097094851511051e-06, 2.1248034378087645e-06, -9.742191856496093e-05, -0.0001293308621440314], [0.00012518668521709872, 0.0001880281851872864, 0.00025314397811293873, 0.00011078655435120047, 0.00018802818518723552, 5.263390198482741e-05, 0.00011078655435111225, 7.478820550411533e-05, 0.00018802818518693054, 5.2633901984820265e-05, 0.00011078655435113263, 7.478820550408887e-05, 5.2633901984802965e-05, -1.109709485111751e-06, 7.478820550407124e-05, 2.124803437843539e-06, 0.00018802818518737056, 5.263390198481959e-05, 0.00011078655435110275, 7.47882055040149e-05, 5.2633901984843345e-05, -1.1097094850515313e-06, 7.478820550407597e-05, 2.1248034378260664e-06, 5.2633901984789385e-05, -1.1097094850245599e-06, 7.478820550408952e-05, 2.124803437830477e-06, -1.1097094850215067e-06, -9.742191856490796e-05, 2.1248034377906134e-06, -0.00012933086214397238], [7.351727734241717e-05, 0.00011078655435118962, 0.00011078655435120047, 8.844081646376658e-06, 5.263390198486029e-05, -4.237753017587182e-06, -4.237753017659785e-06, -7.021767025670747e-06, 5.263390198493765e-05, -4.237753017728995e-06, -4.237753017911518e-06, -7.021767025654462e-06, -2.8215955007378525e-06, -5.989874076283234e-06, -5.989874076404436e-06, -1.0515677276240584e-05, 5.263390198492612e-05, -4.237753017775812e-06, -4.237753017722888e-06, -7.021767025570325e-06, -2.8215955008587995e-06, -5.989874076291292e-06, -5.9898740762840834e-06, -1.0515677276219552e-05, -2.8215955005746665e-06, -5.989874076415633e-06, -5.989874076349051e-06, -1.0515677276262976e-05, -1.061955905607937e-06, -5.621440268615425e-06, -5.621440268671744e-06, -1.2412220230306237e-05], [0.00012518668521711976, 0.00018802818518721145, 0.00018802818518723552, 5.263390198486029e-05, 0.0002531439781132764, 0.00011078655435107834, 0.00011078655435103222, 7.478820550402508e-05, 0.0001880281851870923, 5.2633901984817554e-05, 5.2633901984824e-05, -1.1097094850959755e-06, 0.00011078655435104847, 7.478820550415672e-05, 7.478820550406784e-05, 2.1248034377660173e-06, 0.00018802818518716733, 5.2633901984858605e-05, 5.263390198485453e-05, -1.109709484982322e-06, 0.00011078655435110683, 7.47882055040502e-05, 7.478820550407532e-05, 2.1248034378645734e-06, 5.263390198485555e-05, -1.1097094850735838e-06, -1.109709485019132e-06, -9.742191856492836e-05, 7.478820550405834e-05, 2.124803437785695e-06, 2.1248034378141923e-06, -0.00012933086214404903], [7.351727734238663e-05, 0.00011078655435107154, 5.263390198482741e-05, -4.237753017587182e-06, 0.00011078655435107834, 8.844081646676047e-06, -4.237753017639429e-06, -7.021767025680247e-06, 5.2633901984801596e-05, -4.237753017767671e-06, -2.8215955007573605e-06, -5.989874076418855e-06, -4.237753017771742e-06, -7.021767025722315e-06, -5.989874076266271e-06, -1.0515677276324044e-05, 5.2633901984831466e-05, -4.237753017707961e-06, -2.8215955008660937e-06, -5.9898740764159715e-06, -4.237753017826703e-06, -7.0217670256449635e-06, -5.989874076481448e-06, -1.0515677276208693e-05, -2.821595500676615e-06, -5.989874076355922e-06, -1.0619559055699397e-06, -5.621440268675135e-06, -5.989874076408931e-06, -1.0515677276230406e-05, -5.621440268681243e-06, -1.2412220230389691e-05], [7.35172773423819e-05, 5.263390198483825e-05, 0.00011078655435111225, -4.237753017659785e-06, 0.00011078655435103222, -4.237753017639429e-06, 8.844081646975434e-06, -7.0217670256422496e-06, 5.26339019847833e-05, -2.8215955008554067e-06, -4.237753017759529e-06, -5.98987407638705e-06, -4.237753017830095e-06, -5.989874076357957e-06, -7.0217670257630255e-06, -1.0515677276302327e-05, 5.263390198484877e-05, -2.821595500958543e-06, -4.237753017719496e-06, -5.989874076343115e-06, -4.237753017642821e-06, -5.989874076418346e-06, -7.021767025634105e-06, -1.0515677276153056e-05, -2.8215955007183445e-06, -1.0619559056649333e-06, -5.989874076332597e-06, -5.621440268657494e-06, -5.9898740763604155e-06, -5.621440268752489e-06, -1.0515677276324044e-05, -1.241222023038698e-05], [1.7870008443445816e-05, 7.478820550407258e-05, 7.478820550411533e-05, -7.021767025670747e-06, 7.478820550402508e-05, -7.021767025680247e-06, -7.0217670256422496e-06, -2.940688648741366e-06, -1.1097094851198928e-06, -5.989874076374495e-06, -5.989874076431916e-06, -6.199001623427727e-06, -5.989874076362197e-06, -6.199001623185494e-06, -6.199001623344949e-06, -4.836653700134226e-06, -1.1097094850082754e-06, -5.989874076368644e-06, -5.989874076378567e-06, -6.199001623190921e-06, -5.989874076372629e-06, -6.199001623255383e-06, -6.199001623199065e-06, -4.836653700060944e-06, -1.0619559056500057e-06, -6.78721239182899e-07, -6.787212391856131e-07, 1.8690362487709426e-07, -6.787212392066475e-07, 1.8690362478481454e-07, 1.869036248445249e-07, 2.9376204934455086e-06], [0.00012518668521712176, 0.0001880281851873807, 0.00018802818518693054, 5.263390198493765e-05, 0.0001880281851870923, 5.2633901984801596e-05, 5.26339019847833e-05, -1.1097094851198928e-06, 0.00025314397811339925, 0.00011078655435113804, 0.00011078655435108106, 7.478820550406985e-05, 0.0001107865543511733, 7.47882055041384e-05, 7.478820550409157e-05, 2.1248034377877305e-06, 0.00018802818518729255, 5.26339019847928e-05, 5.263390198482027e-05, -1.1097094850718872e-06, 5.263390198476497e-05, -1.1097094850498353e-06, -1.109709484974858e-06, -9.742191856495278e-05, 0.00011078655435107971, 7.47882055040176e-05, 7.478820550404271e-05, 2.124803437817246e-06, 7.478820550401082e-05, 2.124803437823353e-06, 2.1248034378415036e-06, -0.00012933086214402735], [7.351727734238188e-05, 0.00011078655435111089, 5.2633901984820265e-05, -4.237753017728995e-06, 5.2633901984817554e-05, -4.237753017767671e-06, -2.8215955008554067e-06, -5.989874076374495e-06, 0.00011078655435113804, 8.844081646998465e-06, -4.2377530178083824e-06, -7.021767025596109e-06, -4.237753017850451e-06, -7.021767025598824e-06, -5.9898740764353085e-06, -1.0515677276240582e-05, 5.2633901984826025e-05, -4.23775301774935e-06, -2.8215955006391266e-06, -5.989874076405624e-06, -2.82159550062827e-06, -5.989874076404352e-06, -1.061955905633721e-06, -5.621440268742309e-06, -4.23775301777242e-06, -7.0217670255743955e-06, -5.989874076448964e-06, -1.0515677276252796e-05, -5.989874076350494e-06, -1.0515677276265012e-05, -5.621440268675816e-06, -1.2412220230379517e-05], [7.351727734238122e-05, 5.263390198479652e-05, 0.00011078655435113263, -4.237753017911518e-06, 5.2633901984824e-05, -2.8215955007573605e-06, -4.237753017759529e-06, -5.989874076431916e-06, 0.00011078655435108106, -4.2377530178083824e-06, 8.84408164689867e-06, -7.021767025623251e-06, -4.237753017709995e-06, -5.989874076364572e-06, -7.021767025638178e-06, -1.051567727634847e-05, 5.2633901984827387e-05, -2.8215955005271696e-06, -4.2377530177222096e-06, -5.989874076370679e-06, -2.821595500637091e-06, -1.061955905656791e-06, -5.989874076341164e-06, -5.621440268661566e-06, -4.23775301787827e-06, -5.9898740763282714e-06, -7.021767025680247e-06, -1.0515677276203265e-05, -5.989874076402825e-06, -5.6214402686215325e-06, -1.0515677276324044e-05, -1.241222023039784e-05], [1.787000844345532e-05, 7.478820550406173e-05, 7.478820550408887e-05, -7.021767025654462e-06, -1.1097094850959755e-06, -5.989874076418855e-06, -5.98987407638705e-06, -6.199001623427727e-06, 7.478820550406985e-05, -7.021767025596109e-06, -7.021767025623251e-06, -2.9406886492710546e-06, -5.989874076447693e-06, -6.199001622983971e-06, -6.199001623140032e-06, -4.836653700077229e-06, -1.109709485050853e-06, -5.989874076337176e-06, -5.989874076314106e-06, -6.199001623185494e-06, -1.0619559055930094e-06, -6.787212392175038e-07, -6.787212392582155e-07, 1.8690362487980833e-07, -5.989874076367541e-06, -6.199001623015183e-06, -6.199001623269632e-06, -4.836653700157296e-06, -6.787212393857786e-07, 1.869036248384182e-07, 1.869036248675948e-07, 2.9376204934638295e-06], [7.351727734238257e-05, 5.26339019847714e-05, 5.2633901984802965e-05, -2.8215955007378525e-06, 0.00011078655435104847, -4.237753017771742e-06, -4.237753017830095e-06, -5.989874076362197e-06, 0.0001107865543511733, -4.237753017850451e-06, -4.237753017709995e-06, -5.989874076447693e-06, 8.844081646844932e-06, -7.0217670256449635e-06, -7.021767025617822e-06, -1.0515677276239906e-05, 5.2633901984832476e-05, -2.8215955005566857e-06, -2.8215955007527798e-06, -1.0619559057029308e-06, -4.2377530176591064e-06, -5.989874076334972e-06, -5.989874076372037e-06, -5.6214402687592744e-06, -4.237753017795491e-06, -5.989874076377719e-06, -5.9898740764016355e-06, -5.621440268733489e-06, -7.021767025651746e-06, -1.0515677276165267e-05, -1.0515677276290798e-05, -1.2412220230384265e-05], [1.7870008443453283e-05, 7.47882055041031e-05, -1.109709485111751e-06, -5.989874076283234e-06, 7.478820550415672e-05, -7.021767025722315e-06, -5.989874076357957e-06, -6.199001623185494e-06, 7.47882055041384e-05, -7.021767025598824e-06, -5.989874076364572e-06, -6.199001622983971e-06, -7.0217670256449635e-06, -2.9406886493554983e-06, -6.1990016233334116e-06, -4.836653700016161e-06, -1.109709485108528e-06, -5.9898740764235194e-06, -1.0619559057436426e-06, -6.787212392717861e-07, -5.989874076338874e-06, -6.199001623208565e-06, -6.787212391455799e-07, 1.8690362484384636e-07, -5.9898740763518494e-06, -6.1990016230945695e-06, -6.787212392222536e-07, 1.8690362482891875e-07, -6.19900162321942e-06, -4.836653700058231e-06, 1.8690362478956423e-07, 2.93762049346824e-06], [1.787000844344921e-05, -1.1097094850805386e-06, 7.478820550407124e-05, -5.989874076404436e-06, 7.478820550406784e-05, -5.989874076266271e-06, -7.0217670257630255e-06, -6.199001623344949e-06, 7.478820550409157e-05, -5.9898740764353085e-06, -7.021767025638178e-06, -6.199001623140032e-06, -7.021767025617822e-06, -6.1990016233334116e-06, -2.940688648749043e-06, -4.836653700098944e-06, -1.1097094850612006e-06, -1.0619559055645112e-06, -5.989874076373053e-06, -6.787212392127542e-07, -5.9898740764443e-06, -6.787212390756917e-07, -6.199001623299487e-06, 1.869036248234906e-07, -5.989874076334209e-06, -6.7872123940817e-07, -6.199001623163782e-06, 1.869036248920218e-07, -6.199001623166495e-06, 1.8690362492934084e-07, -4.836653700202077e-06, 2.937620493447205e-06], [-8.563060307822574e-05, 2.1248034378744116e-06, 2.124803437843539e-06, -1.0515677276240584e-05, 2.1248034377660173e-06, -1.0515677276324044e-05, -1.0515677276302327e-05, -4.836653700134226e-06, 2.1248034377877305e-06, -1.0515677276240582e-05, -1.051567727634847e-05, -4.836653700077229e-06, -1.0515677276239906e-05, -4.836653700016161e-06, -4.836653700098944e-06, 1.122461270912834e-05, -9.742191856491883e-05, -5.621440268622212e-06, -5.621440268648674e-06, 1.8690362494291136e-07, -5.621440268641212e-06, 1.8690362482891875e-07, 1.8690362475631638e-07, 1.1252596087296132e-05, -5.6214402687226335e-06, 1.8690362483502554e-07, 1.8690362480992e-07, 1.125259608726967e-05, 1.8690362492798376e-07, 1.1252596087136336e-05, 1.1252596087276795e-05, 3.176459576067085e-05], [0.00012518668521711024, 0.00018802818518709577, 0.00018802818518737056, 5.263390198492612e-05, 0.00018802818518716733, 5.2633901984831466e-05, 5.263390198484877e-05, -1.1097094850082754e-06, 0.00018802818518729255, 5.2633901984826025e-05, 5.2633901984827387e-05, -1.109709485050853e-06, 5.2633901984832476e-05, -1.109709485108528e-06, -1.1097094850612006e-06, -9.742191856491883e-05, 0.0002531439781131382, 0.00011078655435110956, 0.00011078655435108784, 7.478820550409972e-05, 0.00011078655435112854, 7.47882055040814e-05, 7.478820550402713e-05, 2.1248034378065592e-06, 0.00011078655435103625, 7.478820550409836e-05, 7.478820550405155e-05, 2.1248034377977382e-06, 7.478820550407462e-05, 2.1248034378528686e-06, 2.1248034377604196e-06, -0.0001293308621440328], [7.351727734238256e-05, 0.00011078655435110004, 5.263390198481959e-05, -4.237753017775812e-06, 5.2633901984858605e-05, -4.237753017707961e-06, -2.821595500958543e-06, -5.989874076368644e-06, 5.26339019847928e-05, -4.23775301774935e-06, -2.8215955005271696e-06, -5.989874076337176e-06, -2.8215955005566857e-06, -5.9898740764235194e-06, -1.0619559055645112e-06, -5.621440268622212e-06, 0.00011078655435110956, 8.844081646676047e-06, -4.237753017644857e-06, -7.0217670256476765e-06, -4.237753017630608e-06, -7.021767025628678e-06, -5.98987407647373e-06, -1.0515677276272471e-05, -4.237753017874879e-06, -7.021767025697888e-06, -5.9898740763683895e-06, -1.0515677276292832e-05, -5.989874076322165e-06, -1.0515677276292832e-05, -5.621440268748417e-06, -1.2412220230369337e-05], [7.351727734238867e-05, 5.263390198482537e-05, 0.00011078655435110275, -4.237753017722888e-06, 5.263390198485453e-05, -2.8215955008660937e-06, -4.237753017719496e-06, -5.989874076378567e-06, 5.263390198482027e-05, -2.8215955006391266e-06, -4.2377530177222096e-06, -5.989874076314106e-06, -2.8215955007527798e-06, -1.0619559057436426e-06, -5.989874076373053e-06, -5.621440268648674e-06, 0.00011078655435108784, -4.237753017644857e-06, 8.8440816466914e-06, -7.021767025628678e-06, -4.237753017696425e-06, -5.989874076343284e-06, -7.021767025555399e-06, -1.0515677276194442e-05, -4.237753017693033e-06, -5.9898740763879805e-06, -7.021767025640893e-06, -1.0515677276331504e-05, -5.989874076407319e-06, -5.621440268791165e-06, -1.0515677276226337e-05, -1.241222023038698e-05], [1.7870008443453957e-05, 7.478820550402984e-05, 7.47882055040149e-05, -7.021767025570325e-06, -1.109709484982322e-06, -5.9898740764159715e-06, -5.989874076343115e-06, -6.199001623190921e-06, -1.1097094850718872e-06, -5.989874076405624e-06, -5.989874076370679e-06, -6.199001623185494e-06, -1.0619559057029308e-06, -6.787212392717861e-07, -6.787212392127542e-07, 1.8690362494291136e-07, 7.478820550409972e-05, -7.0217670256476765e-06, -7.021767025628678e-06, -2.940688649294086e-06, -5.989874076321231e-06, -6.199001623097284e-06, -6.199001623153602e-06, -4.83665370003516e-06, -5.989874076414106e-06, -6.199001623254025e-06, -6.199001623121713e-06, -4.836653700109798e-06, -6.787212392432878e-07, 1.86903624784136e-07, 1.8690362478277894e-07, 2.937620493470954e-06], [7.351727734238122e-05, 5.263390198479788e-05, 5.2633901984843345e-05, -2.8215955008587995e-06, 0.00011078655435110683, -4.237753017826703e-06, -4.237753017642821e-06, -5.989874076372629e-06, 5.263390198476497e-05, -2.82159550062827e-06, -2.821595500637091e-06, -1.0619559055930094e-06, -4.2377530176591064e-06, -5.989874076338874e-06, -5.9898740764443e-06, -5.621440268641212e-06, 0.00011078655435112854, -4.237753017630608e-06, -4.237753017696425e-06, -5.989874076321231e-06, 8.844081646583925e-06, -7.021767025621893e-06, -7.021767025646319e-06, -1.0515677276322687e-05, -4.237753017882341e-06, -5.989874076447184e-06, -5.989874076375683e-06, -5.621440268720597e-06, -7.021767025597466e-06, -1.0515677276298258e-05, -1.0515677276214122e-05, -1.2412220230365266e-05], [1.787000844344514e-05, 7.478820550408005e-05, -1.1097094850515313e-06, -5.989874076291292e-06, 7.47882055040502e-05, -7.0217670256449635e-06, -5.989874076418346e-06, -6.199001623255383e-06, -1.1097094850498353e-06, -5.989874076404352e-06, -1.061955905656791e-06, -6.787212392175038e-07, -5.989874076334972e-06, -6.199001623208565e-06, -6.787212390756917e-07, 1.8690362482891875e-07, 7.47882055040814e-05, -7.021767025628678e-06, -5.989874076343284e-06, -6.199001623097284e-06, -7.021767025621893e-06, -2.9406886491251994e-06, -6.199001623113569e-06, -4.836653700111157e-06, -5.989874076457617e-06, -6.19900162334834e-06, -6.78721239330818e-07, 1.8690362484384636e-07, -6.199001623268952e-06, -4.8366537001410115e-06, 1.8690362490152118e-07, 2.9376204934692573e-06], [1.7870008443447174e-05, -1.1097094850372825e-06, 7.478820550407597e-05, -5.9898740762840834e-06, 7.478820550407532e-05, -5.989874076481448e-06, -7.021767025634105e-06, -6.199001623199065e-06, -1.109709484974858e-06, -1.061955905633721e-06, -5.989874076341164e-06, -6.787212392582155e-07, -5.989874076372037e-06, -6.787212391455799e-07, -6.199001623299487e-06, 1.8690362475631638e-07, 7.478820550402713e-05, -5.98987407647373e-06, -7.021767025555399e-06, -6.199001623153602e-06, -7.021767025646319e-06, -6.199001623113569e-06, -2.9406886489639895e-06, -4.836653699971378e-06, -5.989874076445995e-06, -6.78721239307748e-07, -6.199001623332056e-06, 1.8690362479567096e-07, -6.1990016232784535e-06, 1.8690362473460351e-07, -4.8366537000310895e-06, 2.9376204934427947e-06], [-8.563060307822438e-05, 2.124803437831495e-06, 2.1248034378260664e-06, -1.0515677276219552e-05, 2.1248034378645734e-06, -1.0515677276208693e-05, -1.0515677276153056e-05, -4.836653700060944e-06, -9.742191856495278e-05, -5.621440268742309e-06, -5.621440268661566e-06, 1.8690362487980833e-07, -5.6214402687592744e-06, 1.8690362484384636e-07, 1.869036248234906e-07, 1.1252596087296132e-05, 2.1248034378065592e-06, -1.0515677276272471e-05, -1.0515677276194442e-05, -4.83665370003516e-06, -1.0515677276322687e-05, -4.836653700111157e-06, -4.836653699971378e-06, 1.122461270929723e-05, -5.6214402686921005e-06, 1.8690362473731762e-07, 1.8690362489066478e-07, 1.1252596087064078e-05, 1.8690362475903046e-07, 1.1252596087306988e-05, 1.1252596087154319e-05, 3.176459576067627e-05], [7.351727734238461e-05, 5.2633901984793803e-05, 5.2633901984789385e-05, -2.8215955005746665e-06, 5.263390198485555e-05, -2.821595500676615e-06, -2.8215955007183445e-06, -1.0619559056500057e-06, 0.00011078655435107971, -4.23775301777242e-06, -4.23775301787827e-06, -5.989874076367541e-06, -4.237753017795491e-06, -5.9898740763518494e-06, -5.989874076334209e-06, -5.6214402687226335e-06, 0.00011078655435103625, -4.237753017874879e-06, -4.237753017693033e-06, -5.989874076414106e-06, -4.237753017882341e-06, -5.989874076457617e-06, -5.989874076445995e-06, -5.6214402686921005e-06, 8.84408164702917e-06, -7.02176702557711e-06, -7.021767025559468e-06, -1.0515677276253476e-05, -7.021767025659892e-06, -1.0515677276263655e-05, -1.0515677276300969e-05, -1.2412220230395126e-05], [1.7870008443451925e-05, 7.478820550404137e-05, -1.1097094850245599e-06, -5.989874076415633e-06, -1.1097094850735838e-06, -5.989874076355922e-06, -1.0619559056649333e-06, -6.78721239182899e-07, 7.47882055040176e-05, -7.0217670255743955e-06, -5.9898740763282714e-06, -6.199001623015183e-06, -5.989874076377719e-06, -6.1990016230945695e-06, -6.7872123940817e-07, 1.8690362483502554e-07, 7.478820550409836e-05, -7.021767025697888e-06, -5.9898740763879805e-06, -6.199001623254025e-06, -5.989874076447184e-06, -6.19900162334834e-06, -6.78721239307748e-07, 1.8690362473731762e-07, -7.02176702557711e-06, -2.9406886492096422e-06, -6.19900162315021e-06, -4.836653700112514e-06, -6.199001623148853e-06, -4.8366537000473745e-06, 1.8690362488930773e-07, 2.9376204934692577e-06], [1.787000844345939e-05, -1.1097094850952966e-06, 7.478820550408952e-05, -5.989874076349051e-06, -1.109709485019132e-06, -1.0619559055699397e-06, -5.989874076332597e-06, -6.787212391856131e-07, 7.478820550404271e-05, -5.989874076448964e-06, -7.021767025680247e-06, -6.199001623269632e-06, -5.9898740764016355e-06, -6.787212392222536e-07, -6.199001623163782e-06, 1.8690362480992e-07, 7.478820550405155e-05, -5.9898740763683895e-06, -7.021767025640893e-06, -6.199001623121713e-06, -5.989874076375683e-06, -6.78721239330818e-07, -6.199001623332056e-06, 1.8690362489066478e-07, -7.021767025559468e-06, -6.19900162315021e-06, -2.9406886491175223e-06, -4.836653700088086e-06, -6.199001623077608e-06, 1.8690362488930773e-07, -4.836653700116585e-06, 2.937620493449919e-06], [-8.56306030782332e-05, 2.1248034377904444e-06, 2.124803437830477e-06, -1.0515677276262976e-05, -9.742191856492836e-05, -5.621440268675135e-06, -5.621440268657494e-06, 1.8690362487709426e-07, 2.124803437817246e-06, -1.0515677276252796e-05, -1.0515677276203265e-05, -4.836653700157296e-06, -5.621440268733489e-06, 1.8690362482891875e-07, 1.869036248920218e-07, 1.125259608726967e-05, 2.1248034377977382e-06, -1.0515677276292832e-05, -1.0515677276331504e-05, -4.836653700109798e-06, -5.621440268720597e-06, 1.8690362484384636e-07, 1.8690362479567096e-07, 1.1252596087064078e-05, -1.0515677276253476e-05, -4.836653700112514e-06, -4.836653700088086e-06, 1.1224612709220462e-05, 1.869036248370611e-07, 1.1252596087361947e-05, 1.1252596087086805e-05, 3.176459576061928e-05], [1.7870008443441066e-05, -1.1097094851511051e-06, -1.1097094850215067e-06, -1.061955905607937e-06, 7.478820550405834e-05, -5.989874076408931e-06, -5.9898740763604155e-06, -6.787212392066475e-07, 7.478820550401082e-05, -5.989874076350494e-06, -5.989874076402825e-06, -6.787212393857786e-07, -7.021767025651746e-06, -6.19900162321942e-06, -6.199001623166495e-06, 1.8690362492798376e-07, 7.478820550407462e-05, -5.989874076322165e-06, -5.989874076407319e-06, -6.787212392432878e-07, -7.021767025597466e-06, -6.199001623268952e-06, -6.1990016232784535e-06, 1.8690362475903046e-07, -7.021767025659892e-06, -6.199001623148853e-06, -6.199001623077608e-06, 1.869036248370611e-07, -2.940688649140552e-06, -4.836653700058231e-06, -4.836653700132869e-06, 2.9376204934733285e-06], [-8.563060307823253e-05, 2.1248034378087645e-06, -9.742191856490796e-05, -5.621440268615425e-06, 2.124803437785695e-06, -1.0515677276230406e-05, -5.621440268752489e-06, 1.8690362478481454e-07, 2.124803437823353e-06, -1.0515677276265012e-05, -5.6214402686215325e-06, 1.869036248384182e-07, -1.0515677276165267e-05, -4.836653700058231e-06, 1.8690362492934084e-07, 1.1252596087136336e-05, 2.1248034378528686e-06, -1.0515677276292832e-05, -5.621440268791165e-06, 1.86903624784136e-07, -1.0515677276298258e-05, -4.8366537001410115e-06, 1.8690362473460351e-07, 1.1252596087306988e-05, -1.0515677276263655e-05, -4.8366537000473745e-06, 1.8690362488930773e-07, 1.1252596087361947e-05, -4.836653700058231e-06, 1.1224612709159049e-05, 1.1252596087216066e-05, 3.176459576064912e-05], [-8.563060307822643e-05, -9.742191856496093e-05, 2.1248034377906134e-06, -5.621440268671744e-06, 2.1248034378141923e-06, -5.621440268681243e-06, -1.0515677276324044e-05, 1.869036248445249e-07, 2.1248034378415036e-06, -5.621440268675816e-06, -1.0515677276324044e-05, 1.869036248675948e-07, -1.0515677276290798e-05, 1.8690362478956423e-07, -4.836653700202077e-06, 1.1252596087276795e-05, 2.1248034377604196e-06, -5.621440268748417e-06, -1.0515677276226337e-05, 1.8690362478277894e-07, -1.0515677276214122e-05, 1.8690362490152118e-07, -4.8366537000310895e-06, 1.1252596087154319e-05, -1.0515677276300969e-05, 1.8690362488930773e-07, -4.836653700116585e-06, 1.1252596087086805e-05, -4.836653700132869e-06, 1.1252596087216066e-05, 1.122461270941238e-05, 3.176459576066542e-05], [-0.00026395121645567956, -0.0001293308621440314, -0.00012933086214397238, -1.2412220230306237e-05, -0.00012933086214404903, -1.2412220230389691e-05, -1.241222023038698e-05, 2.9376204934455086e-06, -0.00012933086214402735, -1.2412220230379517e-05, -1.241222023039784e-05, 2.9376204934638295e-06, -1.2412220230384265e-05, 2.93762049346824e-06, 2.937620493447205e-06, 3.176459576067085e-05, -0.0001293308621440328, -1.2412220230369337e-05, -1.241222023038698e-05, 2.937620493470954e-06, -1.2412220230365266e-05, 2.9376204934692573e-06, 2.9376204934427947e-06, 3.176459576067627e-05, -1.2412220230395126e-05, 2.9376204934692577e-06, 2.937620493449919e-06, 3.176459576061928e-05, 2.9376204934733285e-06, 3.176459576064912e-05, 3.176459576066542e-05, 8.627165013819138e-05]], [[4.149913592042015e-05, 4.896041310874018e-05, 4.896041310875524e-05, 3.8377453517398313e-05, 4.89604131087482e-05, 3.83774535173886e-05, 3.837745351738627e-05, 2.4180969528845298e-05, 4.896041310875356e-05, 3.837745351738259e-05, 3.8377453517381576e-05, 2.418096952884162e-05, 3.8377453517378906e-05, 2.418096952884697e-05, 2.4180969528850316e-05, -4.6209811371541566e-06, 4.8960413108747194e-05, 3.83774535173876e-05, 3.837745351738559e-05, 2.4180969528847978e-05, 3.8377453517385594e-05, 2.4180969528854338e-05, 2.418096952884831e-05, -4.62098113716018e-06, 3.837745351737923e-05, 2.418096952884932e-05, 2.418096952884965e-05, -4.6209811371504745e-06, 2.4180969528846304e-05, -4.6209811371518145e-06, -4.620981137154826e-06, -5.660222637332682e-05, 4.8960413108750216e-05, 3.8377453517377226e-05, 3.837745351738291e-05, 2.418096952884931e-05, 3.83774535173789e-05, 2.41809695288443e-05, 2.4180969528846298e-05, -4.620981137155495e-06, 3.837745351738024e-05, 2.4180969528841612e-05, 2.4180969528848642e-05, -4.6209811371451204e-06, 2.4180969528848646e-05, -4.6209811371581715e-06, -4.620981137156833e-06, -5.6602226373317455e-05, 3.837745351738592e-05, 2.4180969528843956e-05, 2.4180969528845298e-05, -4.620981137148802e-06, 2.418096952885333e-05, -4.620981137146794e-06, -4.620981137156164e-06, -5.660222637333402e-05, 2.4180969528843953e-05, -4.6209811371451204e-06, -4.620981137158172e-06, -5.660222637332716e-05, -4.620981137160515e-06, -5.6602226373319115e-05, -5.6602226373321135e-05, -0.0001444818322852665], [4.896041310874018e-05, 8.711725491507094e-05, 1.914654862028061e-05, 4.2293269319377865e-05, 1.914654862020397e-05, 4.2293269319365464e-05, 2.0662854539980457e-05, 3.8624556821287316e-05, 1.914654862040226e-05, 4.229326931935678e-05, 2.0662854539997696e-05, 3.862455682127026e-05, 2.066285453998514e-05, 3.862455682127026e-05, 1.030735454275932e-05, 2.8139053183306486e-05, 1.9146548620334833e-05, 4.22932693193735e-05, 2.066285453998531e-05, 3.862455682126089e-05, 2.0662854540007898e-05, 3.8624556821246495e-05, 1.0307354542781994e-05, 2.8139053183290582e-05, 2.0662854539987986e-05, 3.862455682122608e-05, 1.0307354542748946e-05, 2.8139053183327225e-05, 1.0307354542774298e-05, 2.813905318332271e-05, -9.101547749407287e-06, 6.221981004666435e-06, 1.9146548620197102e-05, 4.2293269319358444e-05, 2.0662854540007223e-05, 3.8624556821232435e-05, 2.0662854539993007e-05, 3.862455682125921e-05, 1.0307354542759571e-05, 2.8139053183294258e-05, 2.066285454001426e-05, 3.862455682125787e-05, 1.0307354542728697e-05, 2.813905318329995e-05, 1.0307354542705187e-05, 2.8139053183297274e-05, -9.101547749398588e-06, 6.2219810046275515e-06, 2.0662854540032997e-05, 3.8624556821277944e-05, 1.0307354542792619e-05, 2.8139053183314018e-05, 1.0307354542717904e-05, 2.813905318326917e-05, -9.101547749399257e-06, 6.221981004601384e-06, 1.0307354542788773e-05, 2.813905318327737e-05, -9.101547749480582e-06, 6.221981004603183e-06, -9.101547749403775e-06, 6.221981004605087e-06, -4.271820304244788e-05, -3.361219714776565e-05], [4.896041310875524e-05, 1.914654862028061e-05, 8.711725491555561e-05, 4.229326931941869e-05, 1.914654862014876e-05, 2.0662854539974934e-05, 4.229326931938186e-05, 3.8624556821224744e-05, 1.9146548620309896e-05, 2.0662854539993837e-05, 4.22932693193735e-05, 3.862455682128163e-05, 2.0662854540002212e-05, 1.0307354542749947e-05, 3.8624556821228084e-05, 2.8139053183272347e-05, 1.9146548620166324e-05, 2.0662854539976944e-05, 4.229326931934806e-05, 3.862455682128096e-05, 2.0662854539998194e-05, 1.0307354542756139e-05, 3.862455682126924e-05, 2.8139053183284887e-05, 2.0662854539998194e-05, 1.0307354542750787e-05, 3.862455682126523e-05, 2.8139053183279537e-05, 1.0307354542748526e-05, -9.10154774943992e-06, 2.813905318329142e-05, 6.221981004601426e-06, 1.914654862022506e-05, 2.0662854540006054e-05, 4.2293269319385556e-05, 3.862455682127393e-05, 2.0662854539977445e-05, 1.0307354542746852e-05, 3.862455682127193e-05, 2.8139053183301458e-05, 2.0662854539993505e-05, 1.0307354542757899e-05, 3.862455682125486e-05, 2.8139053183300956e-05, 1.0307354542759319e-05, -9.10154774942118e-06, 2.8139053183283054e-05, 6.221981004567247e-06, 2.06628545399987e-05, 1.030735454274995e-05, 3.862455682126423e-05, 2.813905318330598e-05, 1.0307354542739488e-05, -9.101547749405782e-06, 2.81390531832874e-05, 6.221981004615128e-06, 1.0307354542748946e-05, -9.101547749437075e-06, 2.8139053183268827e-05, 6.2219810046145826e-06, -9.101547749430048e-06, -4.2718203042455225e-05, 6.221981004574486e-06, -3.3612197147742226e-05], [3.8377453517398313e-05, 4.2293269319377865e-05, 4.229326931941869e-05, 9.672564987152416e-06, 2.0662854540066465e-05, -3.854054237200929e-06, -3.8540950271585814e-06, -1.3880484871739076e-06, 2.0662854540034173e-05, -3.854081070239595e-06, -3.854082856234408e-06, -1.388045023153369e-06, -5.423876404567649e-06, -3.852883475302617e-06, -3.85288904757779e-06, -1.4255599869803444e-07, 2.0662854540040366e-05, -3.854047494221601e-06, -3.8540586765584e-06, -1.3880448720145876e-06, -5.423881554679742e-06, -3.852876858356278e-06, -3.852881547006277e-06, -1.425462393407068e-07, -5.42388762090008e-06, -3.852877387174511e-06, -3.852878312215685e-06, -1.4254214341910057e-07, -4.947700376191135e-06, -2.2800388965561223e-06, -2.280046717650496e-06, 3.2882189665569493e-06, 2.066285454003133e-05, -3.854095866895345e-06, -3.854042108514382e-06, -1.3880360551689584e-06, -5.423879049682332e-06, -3.852878312227399e-06, -3.85287738712866e-06, -1.4253852332399695e-07, -5.423858321285251e-06, -3.85288154705949e-06, -3.8528768583922556e-06, -1.425378078663571e-07, -4.9477091930275615e-06, -2.280048903129697e-06, -2.2800487625449245e-06, 3.2882189665192965e-06, -5.423910926699278e-06, -3.852889047654932e-06, -3.852883475283875e-06, -1.425473517815005e-07, -4.947709344178057e-06, -2.2800495676545245e-06, -2.2800483136166925e-06, 3.288218966514611e-06, -4.9477128081263044e-06, -2.280054559587032e-06, -2.2800481329560832e-06, 3.288218966486833e-06, -2.5776809912405697e-06, 2.013786029207352e-06, 2.0137860292515287e-06, 1.0698740298057161e-05], [4.89604131087482e-05, 1.914654862020397e-05, 1.914654862014876e-05, 2.0662854540066465e-05, 8.711725491538901e-05, 4.229326931935845e-05, 4.229326931934105e-05, 3.862455682124616e-05, 1.914654862027844e-05, 2.0662854539991834e-05, 2.0662854540007233e-05, 1.030735454275656e-05, 4.229326931936648e-05, 3.862455682128565e-05, 3.862455682125653e-05, 2.813905318331033e-05, 1.914654862028412e-05, 2.066285453999301e-05, 2.0662854540025136e-05, 1.0307354542775218e-05, 4.229326931936949e-05, 3.862455682127259e-05, 3.862455682129167e-05, 2.813905318328205e-05, 2.066285454000154e-05, 1.0307354542757479e-05, 1.030735454276869e-05, -9.101547749406116e-06, 3.8624556821246157e-05, 2.8139053183296277e-05, 2.8139053183327225e-05, 6.221981004615944e-06, 1.914654862029819e-05, 2.0662854539998028e-05, 2.0662854540012753e-05, 1.0307354542760574e-05, 4.229326931939358e-05, 3.862455682124381e-05, 3.8624556821248494e-05, 2.8139053183315183e-05, 2.066285454000037e-05, 1.0307354542773793e-05, 1.0307354542772707e-05, -9.101547749421849e-06, 3.862455682126222e-05, 2.813905318327268e-05, 2.813905318328723e-05, 6.221981004616801e-06, 2.0662854540009405e-05, 1.0307354542765009e-05, 1.03073545427599