{"r1": 0.99, "r2": 0.99, "theta": 71.66, "sequence": [[[0.04629853321708042, 0.015022041813536117], [0.015022041813536117, 0.004687324182784925]], [[0.019631968935021955, 0.006906206667253943, 0.0069062066672541935, 0.00068943348096544], [0.006906206667253943, 0.004811560515567679, -0.00011719321722192379, 0.0001444803921335716], [0.0069062066672541935, -0.00011719321722192379, 0.004811560515567959, 0.0001444803921338516], [0.00068943348096544, 0.0001444803921335716, 0.0001444803921338516, 0.00010149385782914623]], [[0.009586075254951726, 0.003714874788146192, 0.0037148747881462552, 0.00020807026623553146, 0.00371487478814637, 0.00020807026623556282, 0.00020807026623547925, -0.0008213549041654526], [0.003714874788146192, 0.0025087772505393417, 0.0011647110412559103, 0.0002899980204834411, 0.001164710473097992, 0.0002899980240415233, -0.000329977762805244, -0.00014022247710312146], [0.0037148747881462552, 0.0011647110412559103, 0.0025087765537627664, 0.00028999810226642983, 0.0011647111698744363, -0.0003299778445877678, 0.0002899980240416278, -0.00014022247710310395], [0.00020807026623553146, 0.0002899980204834411, 0.00028999810226642983, -0.00023741592832954498, -0.0003299778410298266, 0.00013585900517011317, 0.00013585867666176678, 6.0586334527520416e-05], [0.00371487478814637, 0.001164710473097992, 0.0011647111698744363, -0.0003299778410298266, 0.002508777121920607, 0.0002899981022662104, 0.0002899980204834462, -0.00014022247710312715], [0.00020807026623556282, 0.0002899980240415233, -0.0003299778445877678, 0.00013585900517011317, 0.0002899981022662104, -0.00023741623326847103, 0.00013585898160025958, 6.0586334527888754e-05], [0.00020807026623547925, -0.000329977762805244, 0.0002899980240416278, 0.00013585867666176678, 0.0002899980204834462, 0.00013585898160025958, -0.00023741590475979786, 6.0586334527807764e-05], [-0.0008213549041654526, -0.00014022247710312146, -0.00014022247710310395, 6.0586334527520416e-05, -0.00014022247710312715, 6.0586334527888754e-05, 6.0586334527807764e-05, 0.0002676061610246409]], [[0.0034924576876326804, 0.001776865944015084, 0.0017768659440151446, -0.00012419109606397142, 0.001776865944015124, -0.0001241910960639416, -0.00012419109606397145, -0.000621653108326293, 0.0017768659440151342, -0.00012419109606395654, -0.00012419109606395654, -0.0006216531083262807, -0.00012419109606403106, -0.000621653108326272, -0.0006216531083263055, -0.0008304031088162089], [0.001776865944015084, 0.00225946806548001, 0.0007250813842445071, 0.0002929897687168345, 0.0007250813842446269, 0.00029298976871686925, -0.0002609921476860905, -3.814627996753947e-05, 0.0007250813842443872, 0.0002929897687169289, -0.000260992147685795, -3.8146279967540704e-05, -0.0002609921476857229, -3.8146279967430183e-05, -0.00043005563902274465, -0.00020473763072567815], [0.0017768659440151446, 0.0007250813842445071, 0.002259468065479406, 0.0002929897687170829, 0.0007250813842450435, -0.0002609921476857627, 0.00029298976871707286, -3.8146279967396655e-05, 0.0007250813842449609, -0.0002609921476856757, 0.0002929897687169289, -3.814627996748979e-05, -0.00026099214768583213, -0.00043005563902260804, -3.814627996733207e-05, -0.00020473763072569395], [-0.00012419109606397142, 0.0002929897687168345, 0.0002929897687170829, -1.8732614922196946e-05, -0.00026099214768584954, -3.3311774459744165e-05, -3.331177446053774e-05, -1.8310103033289075e-06, -0.00026099214768584954, -3.331177446000947e-05, -3.33117744596799e-05, -1.8310103034481293e-06, -2.780430427259195e-05, -2.46162188164557e-07, -2.4616218861784767e-07, 1.5072320951319814e-05], [0.001776865944015124, 0.0007250813842446269, 0.0007250813842450435, -0.00026099214768584954, 0.002259468065479068, 0.0002929897687169239, 0.00029298976871686925, -3.814627996736933e-05, 0.0007250813842446921, -0.00026099214768575017, -0.00026099214768584704, -0.0004300556390226999, 0.0002929897687168792, -3.814627996740535e-05, -3.8146279967484834e-05, -0.00020473763072585636], [-0.0001241910960639416, 0.00029298976871686925, -0.0002609921476857627, -3.3311774459744165e-05, 0.0002929897687169239, -1.8732614922941613e-05, -3.331177445978082e-05, -1.8310103028197316e-06, -0.00026099214768578747, -3.331177445971778e-05, -2.780430427330231e-05, -2.461621884203868e-07, -3.331177445987333e-05, -1.8310103035251267e-06, -2.461621886017033e-07, 1.5072320951401778e-05], [-0.00012419109606397145, -0.0002609921476860905, 0.00029298976871707286, -3.331177446053774e-05, 0.00029298976871686925, -3.331177445978082e-05, -1.8732614922154798e-05, -1.831010303023402e-06, -0.0002609921476857204, -2.780430427285027e-05, -3.3311774459784064e-05, -2.461621886563463e-07, -3.33117744600877e-05, -2.461621883297288e-07, -1.8310103032593618e-06, 1.5072320951435929e-05], [-0.000621653108326293, -3.814627996753947e-05, -3.8146279967396655e-05, -1.8310103033289075e-06, -3.814627996736933e-05, -1.8310103028197316e-06, -1.831010303023402e-06, 8.584719641300396e-05, -0.00043005563902277446, -2.4616218861288003e-07, -2.461621887035384e-07, 8.160586012594734e-05, -2.4616218853588304e-07, 8.160586012587844e-05, 8.160586012607028e-05, 0.00011900302236406416], [0.0017768659440151342, 0.0007250813842443872, 0.0007250813842449609, -0.00026099214768584954, 0.0007250813842446921, -0.00026099214768578747, -0.0002609921476857204, -0.00043005563902277446, 0.002259468065479462, 0.00029298976871687424, 0.00029298976871689906, -3.814627996732338e-05, 0.000292989768716904, -3.814627996757673e-05, -3.814627996746868e-05, -0.00020473763072574957], [-0.00012419109606395654, 0.0002929897687169289, -0.0002609921476856757, -3.331177446000947e-05, -0.00026099214768575017, -3.331177445971778e-05, -2.780430427285027e-05, -2.4616218861288003e-07, 0.00029298976871687424, -1.873261492225315e-05, -3.33117744598991e-05, -1.8310103030283694e-06, -3.331177446039663e-05, -1.8310103033090373e-06, -2.4616218838437177e-07, 1.5072320951396811e-05], [-0.00012419109606395654, -0.000260992147685795, 0.0002929897687169289, -3.33117744596799e-05, -0.00026099214768584704, -2.780430427330231e-05, -3.3311774459784064e-05, -2.461621887035384e-07, 0.00029298976871689906, -3.33117744598991e-05, -1.873261492271681e-05, -1.8310103033587129e-06, -3.3311774459813405e-05, -2.461621882465216e-07, -1.8310103030407886e-06, 1.5072320951444623e-05], [-0.0006216531083262807, -3.8146279967540704e-05, -3.814627996748979e-05, -1.8310103034481293e-06, -0.0004300556390226999, -2.461621884203868e-07, -2.461621886563463e-07, 8.160586012594734e-05, -3.814627996732338e-05, -1.8310103030283694e-06, -1.8310103033587129e-06, 8.584719641379077e-05, -2.461621882589408e-07, 8.160586012536303e-05, 8.160586012570394e-05, 0.00011900302236405544], [-0.00012419109606403106, -0.0002609921476857229, -0.00026099214768583213, -2.780430427259195e-05, 0.0002929897687168792, -3.331177445987333e-05, -3.33117744600877e-05, -2.4616218853588304e-07, 0.000292989768716904, -3.331177446039663e-05, -3.3311774459813405e-05, -2.461621882589408e-07, -1.8732614922239094e-05, -1.8310103035226428e-06, -1.8310103030283694e-06, 1.5072320951378182e-05], [-0.000621653108326272, -3.8146279967430183e-05, -0.00043005563902260804, -2.46162188164557e-07, -3.814627996740535e-05, -1.8310103035251267e-06, -2.461621883297288e-07, 8.160586012587844e-05, -3.814627996757673e-05, -1.8310103033090373e-06, -2.461621882465216e-07, 8.160586012536303e-05, -1.8310103035226428e-06, 8.584719641377672e-05, 8.160586012566979e-05, 0.00011900302236407287], [-0.0006216531083263055, -0.00043005563902274465, -3.814627996733207e-05, -2.4616218861784767e-07, -3.8146279967484834e-05, -2.461621886017033e-07, -1.8310103032593618e-06, 8.160586012607028e-05, -3.814627996746868e-05, -2.4616218838437177e-07, -1.8310103030407886e-06, 8.160586012570394e-05, -1.8310103030283694e-06, 8.160586012566979e-05, 8.584719641352381e-05, 0.00011900302236407783], [-0.0008304031088162089, -0.00020473763072567815, -0.00020473763072569395, 1.5072320951319814e-05, -0.00020473763072585636, 1.5072320951401778e-05, 1.5072320951435929e-05, 0.00011900302236406416, -0.00020473763072574957, 1.5072320951396811e-05, 1.5072320951444623e-05, 0.00011900302236405544, 1.5072320951378182e-05, 0.00011900302236407287, 0.00011900302236407783, 0.00016858578533345575]], [[0.001540122387442798, 0.0008563593429817381, 0.0008563593429815862, -3.601588258029189e-05, 0.0008563593429815506, -3.601588258029948e-05, -3.601588258029695e-05, -0.0002553313818825358, 0.0008563593429816061, -3.6015882580294425e-05, -3.601588258028176e-05, -0.00025533138188253837, -3.6015882580294425e-05, -0.0002553313818825301, -0.00025533138188253766, -0.00034800441559874163, 0.0008563593429816217, -3.601588258027417e-05, -3.6015882580294425e-05, -0.0002553313818825111, -3.601588258030708e-05, -0.000255331381882537, -0.0002553313818825446, -0.0003480044155987485, -3.6015882580279225e-05, -0.00025533138188253197, -0.000255331381882551, -0.00034800441559875556, -0.0002553313818825535, -0.0003480044155987542, -0.0003480044155987498, -0.0003684418886290192], [0.0008563593429817381, 0.0013565255243111734, 0.0004511457384800978, 0.00024317318137271013, 0.00045114573848010483, 0.00024317318137271777, -6.204745817911816e-05, 4.262294357403713e-05, 0.00045114573847994415, 0.0002431731813726216, -6.204745817903497e-05, 4.262294357405991e-05, -6.204745817908019e-05, 4.2622943574027e-05, -0.00017197102289349232, -6.249461113399698e-05, 0.0004511457384800191, 0.00024317318137266709, -6.204745817907196e-05, 4.262294357401561e-05, -6.204745817911564e-05, 4.2622943573992194e-05, -0.00017197102289356198, -6.249461113401182e-05, -6.204745817904666e-05, 4.26229435739808e-05, -0.00017197102289353918, -6.249461113400839e-05, -0.0001719710228935784, -6.249461113407193e-05, -0.00021469855981627812, -0.0001115245130595621], [0.0008563593429815862, 0.0004511457384800978, 0.001356525524311374, 0.00024317318137271783, 0.0004511457384798244, -6.204745817904002e-05, 0.00024317318137274813, 4.2622943574087116e-05, 0.0004511457384798376, -6.204745817906217e-05, 0.00024317318137267478, 4.262294357401497e-05, -6.204745817901374e-05, -0.0001719710228934531, 4.2622943574042827e-05, -6.249461113400346e-05, 0.000451145738479808, -6.204745817903243e-05, 0.00024317318137264432, 4.2622943574078897e-05, -6.204745817897735e-05, -0.00017197102289349364, 4.2622943574077e-05, -6.249461113403467e-05, -6.204745817901185e-05, -0.00017197102289351514, 4.262294357405421e-05, -6.249461113395505e-05, -0.00017197102289353286, -0.00021469855981623887, -6.249461113400382e-05, -0.00011152451305955797], [-3.601588258029189e-05, 0.00024317318137271013, 0.00024317318137271783, -5.041236681426412e-07, -6.204745817901185e-05, -2.8230672775414306e-05, -2.8230672775134908e-05, 8.502836787656295e-06, -6.204745817901977e-05, -2.823067277533172e-05, -2.8230672775413995e-05, 8.502836787523398e-06, -4.0033754883242634e-05, -1.5415956637781988e-06, -1.5415956638381607e-06, 1.9200256006120565e-05, -6.204745817910899e-05, -2.8230672775446267e-05, -2.823067277540513e-05, 8.502836787596807e-06, -4.0033754882980636e-05, -1.5415956639052426e-06, -1.5415956639115714e-06, 1.920025600625663e-05, -4.003375488297937e-05, -1.54159566393024e-06, -1.5415956639359357e-06, 1.9200256006106328e-05, -7.709694025646144e-06, 1.3132478650930878e-05, 1.3132478650966633e-05, 2.3692422411597924e-05], [0.0008563593429815506, 0.00045114573848010483, 0.0004511457384798244, -6.204745817901185e-05, 0.0013565255243114024, 0.0002431731813726519, 0.00024317318137270002, 4.262294357403713e-05, 0.00045114573848002303, -6.204745817902102e-05, -6.2047458179003e-05, -0.0001719710228934126, 0.0002431731813726849, 4.262294357405358e-05, 4.262294357402827e-05, -6.249461113401235e-05, 0.00045114573847980543, -6.204745817899476e-05, -6.204745817904254e-05, -0.00017197102289356702, 0.00024317318137269243, 4.26229435740365e-05, 4.2622943574073835e-05, -6.249461113399655e-05, -6.20474581790226e-05, -0.00017197102289356067, -0.00017197102289354804, -0.0002146985598162604, 4.262294357404472e-05, -6.249461113396216e-05, -6.249461113399983e-05, -0.00011152451305952066], [-3.601588258029948e-05, 0.00024317318137271777, -6.204745817904002e-05, -2.8230672775414306e-05, 0.0002431731813726519, -5.041236681569606e-07, -2.8230672775295014e-05, 8.50283678750821e-06, -6.2047458179065e-05, -2.8230672775165604e-05, -4.003375488312619e-05, -1.5415956638686956e-06, -2.8230672775478224e-05, 8.502836787485428e-06, -1.5415956637734527e-06, 1.9200256006133223e-05, -6.204745817902799e-05, -2.823067277539406e-05, -4.003375488320594e-05, -1.5415956638696452e-06, -2.8230672775201993e-05, 8.502836787524664e-06, -1.5415956638650568e-06, 1.92002560061174e-05, -4.0033754883212256e-05, -1.5415956640269076e-06, -7.709694025499324e-06, 1.3132478650938786e-05, -1.5415956638736004e-06, 1.9200256006127842e-05, 1.3132478651034663e-05, 2.369242241162822e-05], [-3.601588258029695e-05, -6.204745817911816e-05, 0.00024317318137274813, -2.8230672775134908e-05, 0.00024317318137270002, -2.8230672775295014e-05, -5.041236682929977e-07, 8.502836787567698e-06, -6.204745817905013e-05, -4.0033754883371735e-05, -2.8230672775287113e-05, -1.541595663827561e-06, -2.8230672775228254e-05, -1.5415956637829448e-06, 8.502836787580355e-06, 1.92002560062908e-05, -6.204745817903938e-05, -4.003375488323631e-05, -2.823067277516908e-05, -1.5415956639245448e-06, -2.8230672775481395e-05, -1.5415956638683793e-06, 8.502836787463911e-06, 1.9200256006094937e-05, -4.003375488316796e-05, -7.709694025701836e-06, -1.5415956640474749e-06, 1.3132478650906515e-05, -1.5415956638989142e-06, 1.313247865100207e-05, 1.9200256006120883e-05, 2.3692422411647042e-05], [-0.0002553313818825358, 4.262294357403713e-05, 4.2622943574087116e-05, 8.502836787656295e-06, 4.262294357403713e-05, 8.50283678750821e-06, 8.502836787567698e-06, 2.4062893111358273e-05, -0.00017197102289355943, -1.5415956638981233e-06, -1.5415956638055692e-06, 1.3339571202292736e-05, -1.5415956639818169e-06, 1.333957120219338e-05, 1.3339571201854171e-05, 2.065226414954016e-05, -0.000171971022893486, -1.5415956639628317e-06, -1.5415956639103055e-06, 1.333957120220034e-05, -1.5415956639424224e-06, 1.3339571202039595e-05, 1.333957120223135e-05, 2.065226414950724e-05, -7.709694025666396e-06, 7.802289870223411e-06, 7.80228987029508e-06, 1.5469538354030257e-05, 7.802289870414372e-06, 1.5469538353910334e-05, 1.5469538354038168e-05, 1.8738351955037457e-05], [0.0008563593429816061, 0.00045114573847994415, 0.0004511457384798376, -6.204745817901977e-05, 0.00045114573848002303, -6.2047458179065e-05, -6.204745817905013e-05, -0.00017197102289355943, 0.0013565255243116457, 0.00024317318137268736, 0.00024317318137268996, 4.2622943574045984e-05, 0.00024317318137271013, 4.262294357401562e-05, 4.2622943574021935e-05, -6.249461113400862e-05, 0.0004511457384796912, -6.204745817903875e-05, -6.204745817907829e-05, -0.00017197102289352652, -6.204745817902957e-05, -0.00017197102289352273, -0.00017197102289349232, -0.00021469855981625277, 0.00024317318137267218, 4.262294357410675e-05, 4.262294357405232e-05, -6.249461113398238e-05, 4.262294357405421e-05, -6.24946111340246e-05, -6.249461113400071e-05, -0.00011152451305954878], [-3.6015882580294425e-05, 0.0002431731813726216, -6.204745817906217e-05, -2.823067277533172e-05, -6.204745817902102e-05, -2.8230672775165604e-05, -4.0033754883371735e-05, -1.5415956638981233e-06, 0.00024317318137268736, -5.041236683359565e-07, -2.8230672775287428e-05, 8.502836787660094e-06, -2.8230672775184584e-05, 8.502836787557571e-06, -1.541595663859678e-06, 1.9200256006223086e-05, -6.204745817907924e-05, -2.8230672775484238e-05, -4.0033754883175555e-05, -1.541595663896699e-06, -4.003375488309835e-05, -1.5415956641156638e-06, -7.709694025648676e-06, 1.3132478650911574e-05, -2.823067277520642e-05, 8.50283678755504e-06, -1.5415956638432237e-06, 1.920025600615632e-05, -1.541595663950808e-06, 1.9200256006070254e-05, 1.3132478651015676e-05, 2.369242241162814e-05], [-3.601588258028176e-05, -6.204745817903497e-05, 0.00024317318137267478, -2.8230672775413995e-05, -6.2047458179003e-05, -4.003375488312619e-05, -2.8230672775287113e-05, -1.5415956638055692e-06, 0.00024317318137268996, -2.8230672775287428e-05, -5.041236680280835e-07, 8.50283678755504e-06, -2.8230672775333303e-05, -1.5415956638451225e-06, 8.502836787576557e-06, 1.9200256006248084e-05, -6.204745817904699e-05, -4.003375488312619e-05, -2.8230672775265906e-05, -1.5415956641004758e-06, -4.0033754883305924e-05, -7.709694025586657e-06, -1.5415956639514406e-06, 1.3132478650942267e-05, -2.8230672775527585e-05, -1.541595663833731e-06, 8.502836787505679e-06, 1.9200256006163916e-05, -1.5415956638966998e-06, 1.3132478650934037e-05, 1.920025600612025e-05, 2.3692422411642458e-05], [-0.00025533138188253837, 4.262294357405991e-05, 4.262294357401497e-05, 8.502836787523398e-06, -0.0001719710228934126, -1.5415956638686956e-06, -1.541595663827561e-06, 1.3339571202292736e-05, 4.2622943574045984e-05, 8.502836787660094e-06, 8.50283678755504e-06, 2.4062893111093355e-05, -1.541595663891636e-06, 1.3339571202325643e-05, 1.3339571202140854e-05, 2.0652264149576864e-05, -0.00017197102289354804, -1.5415956639490672e-06, -1.5415956639742232e-06, 1.3339571202142117e-05, -7.709694025719556e-06, 7.802289870133545e-06, 7.802289870254262e-06, 1.5469538353826162e-05, -1.5415956639740646e-06, 1.333957120209339e-05, 1.3339571202276283e-05, 2.0652264149522437e-05, 7.80228987019778e-06, 1.5469538354135943e-05, 1.546953835393312e-05, 1.8738351955021e-05], [-3.6015882580294425e-05, -6.204745817908019e-05, -6.204745817901374e-05, -4.0033754883242634e-05, 0.0002431731813726849, -2.8230672775478224e-05, -2.8230672775228254e-05, -1.5415956639818169e-06, 0.00024317318137271013, -2.8230672775184584e-05, -2.8230672775333303e-05, -1.541595663891636e-06, -5.041236679278457e-07, 8.502836787652498e-06, 8.502836787649967e-06, 1.920025600623986e-05, -6.204745817896754e-05, -4.003375488294773e-05, -4.003375488349325e-05, -7.709694025766385e-06, -2.823067277537665e-05, -1.5415956639729571e-06, -1.5415956639391e-06, 1.313247865093246e-05, -2.823067277534406e-05, -1.5415956639049266e-06, -1.5415956638998635e-06, 1.3132478650909043e-05, 8.50283678761706e-06, 1.9200256006192708e-05, 1.920025600614683e-05, 2.3692422411679558e-05], [-0.0002553313818825301, 4.2622943574027e-05, -0.0001719710228934531, -1.5415956637781988e-06, 4.262294357405358e-05, 8.502836787485428e-06, -1.5415956637829448e-06, 1.333957120219338e-05, 4.262294357401562e-05, 8.502836787557571e-06, -1.5415956638451225e-06, 1.3339571202325643e-05, 8.502836787652498e-06, 2.406289311123655e-05, 1.3339571202199074e-05, 2.0652264149526232e-05, -0.00017197102289355818, -1.5415956640194715e-06, -7.709694025690445e-06, 7.80228987007485e-06, -1.5415956639963727e-06, 1.3339571202384497e-05, 7.802289870092728e-06, 1.5469538353987227e-05, -1.5415956639254936e-06, 1.333957120237564e-05, 7.802289869998592e-06, 1.54695383539521e-05, 1.333957120213136e-05, 2.0652264149507245e-05, 1.5469538354064748e-05, 1.87383519550267e-05], [-0.00025533138188253766, -0.00017197102289349232, 4.2622943574042827e-05, -1.5415956638381607e-06, 4.262294357402827e-05, -1.5415956637734527e-06, 8.502836787580355e-06, 1.3339571201854171e-05, 4.2622943574021935e-05, -1.541595663859678e-06, 8.502836787576557e-06, 1.3339571202140854e-05, 8.502836787649967e-06, 1.3339571202199074e-05, 2.406289311165182e-05, 2.065226414955408e-05, -0.00017197102289353156, -7.709694025757527e-06, -1.5415956640618719e-06, 7.8022898705286e-06, -1.541595663916634e-06, 7.80228987021882e-06, 1.333957120211617e-05, 1.5469538353995766e-05, -1.5415956639313475e-06, 7.802289870130067e-06, 1.3339571202165532e-05, 1.546953835397805e-05, 1.3339571202073136e-05, 1.5469538353994187e-05, 2.0652264149485737e-05, 1.8738351955019103e-05], [-0.00034800441559874163, -6.249461113399698e-05, -6.249461113400346e-05, 1.9200256006120565e-05, -6.249461113401235e-05, 1.9200256006133223e-05, 1.92002560062908e-05, 2.065226414954016e-05, -6.249461113400862e-05, 1.9200256006223086e-05, 1.9200256006248084e-05, 2.0652264149576864e-05, 1.920025600623986e-05, 2.0652264149526232e-05, 2.065226414955408e-05, 2.2672371339798072e-05, -0.0002146985598162617, 1.3132478650828671e-05, 1.313247865082234e-05, 1.546953835404418e-05, 1.313247865087392e-05, 1.546953835392457e-05, 1.5469538353944825e-05, 1.5756076646481204e-05, 1.313247865089702e-05, 1.5469538353970768e-05, 1.5469538354041333e-05, 1.5756076646483102e-05, 1.546953835400463e-05, 1.5756076646583723e-05, 1.575607664640969e-05, 1.499217090708297e-05], [0.0008563593429816217, 0.0004511457384800191, 0.000451145738479808, -6.204745817910899e-05, 0.00045114573847980543, -6.204745817902799e-05, -6.204745817903938e-05, -0.000171971022893486, 0.0004511457384796912, -6.204745817907924e-05, -6.204745817904699e-05, -0.00017197102289354804, -6.204745817896754e-05, -0.00017197102289355818, -0.00017197102289353156, -0.0002146985598162617, 0.0013565255243117033, 0.0002431731813726292, 0.00024317318137270002, 4.262294357406244e-05, 0.00024317318137270514, 4.2622943574045354e-05, 4.262294357407952e-05, -6.249461113400985e-05, 0.00024317318137273292, 4.2622943574006756e-05, 4.262294357405801e-05, -6.249461113399613e-05, 4.262294357406053e-05, -6.249461113401013e-05, -6.249461113398049e-05, -0.00011152451305954118], [-3.601588258027417e-05, 0.00024317318137266709, -6.204745817903243e-05, -2.8230672775446267e-05, -6.204745817899476e-05, -2.823067277539406e-05, -4.003375488323631e-05, -1.5415956639628317e-06, -6.204745817903875e-05, -2.8230672775484238e-05, -4.003375488312619e-05, -1.5415956639490672e-06, -4.003375488294773e-05, -1.5415956640194715e-06, -7.709694025757527e-06, 1.3132478650828671e-05, 0.0002431731813726292, -5.041236679708048e-07, -2.8230672775200722e-05, 8.502836787694265e-06, -2.8230672775278883e-05, 8.502836787529726e-06, -1.5415956637878497e-06, 1.9200256006173406e-05, -2.823067277551778e-05, 8.502836787560102e-06, -1.5415956637856345e-06, 1.920025600621454e-05, -1.5415956638710688e-06, 1.920025600612183e-05, 1.3132478650994476e-05, 2.369242241163115e-05], [-3.6015882580294425e-05, -6.204745817907196e-05, 0.00024317318137264432, -2.823067277540513e-05, -6.204745817904254e-05, -4.003375488320594e-05, -2.823067277516908e-05, -1.5415956639103055e-06, -6.204745817907829e-05, -4.0033754883175555e-05, -2.8230672775265906e-05, -1.5415956639742232e-06, -4.003375488349325e-05, -7.709694025690445e-06, -1.5415956640618719e-06, 1.313247865082234e-05, 0.00024317318137270002, -2.8230672775200722e-05, -5.041236681354814e-07, 8.502836787715785e-06, -2.8230672775260844e-05, -1.5415956637136488e-06, 8.502836787570231e-06, 1.9200256006242707e-05, -2.8230672775359883e-05, -1.5415956638297757e-06, 8.502836787446191e-06, 1.920025600623005e-05, -1.5415956638593615e-06, 1.313247865093847e-05, 1.920025600615949e-05, 2.3692422411654167e-05], [-0.0002553313818825111, 4.262294357401561e-05, 4.2622943574078897e-05, 8.502836787596807e-06, -0.00017197102289356702, -1.5415956638696452e-06, -1.5415956639245448e-06, 1.333957120220034e-05, -0.00017197102289352652, -1.541595663896699e-06, -1.5415956641004758e-06, 1.3339571202142117e-05, -7.709694025766385e-06, 7.80228987007485e-06, 7.8022898705286e-06, 1.546953835404418e-05, 4.262294357406244e-05, 8.502836787694265e-06, 8.502836787715785e-06, 2.4062893110914354e-05, -1.5415956638902124e-06, 1.3339571202306026e-05, 1.3339571202375637e-05, 2.0652264149546486e-05, -1.5415956638978067e-06, 1.3339571202319316e-05, 1.3339571202042761e-05, 2.065226414957433e-05, 7.802289870158227e-06, 1.5469538353937544e-05, 1.5469538353903053e-05, 1.8738351955014675e-05], [-3.601588258030708e-05, -6.204745817911564e-05, -6.204745817897735e-05, -4.0033754882980636e-05, 0.00024317318137269243, -2.8230672775201993e-05, -2.8230672775481395e-05, -1.5415956639424224e-06, -6.204745817902957e-05, -4.003375488309835e-05, -4.0033754883305924e-05, -7.709694025719556e-06, -2.823067277537665e-05, -1.5415956639963727e-06, -1.541595663916634e-06, 1.313247865087392e-05, 0.00024317318137270514, -2.8230672775278883e-05, -2.8230672775260844e-05, -1.5415956638902124e-06, -5.041236683144775e-07, 8.502836787624653e-06, 8.502836787630982e-06, 1.9200256006243337e-05, -2.823067277522667e-05, -1.5415956638726513e-06, -1.5415956638595193e-06, 1.3132478650903662e-05, 8.502836787534791e-06, 1.9200256006198722e-05, 1.9200256006143983e-05, 2.3692422411650684e-05], [-0.000255331381882537, 4.2622943573992194e-05, -0.00017197102289349364, -1.5415956639052426e-06, 4.26229435740365e-05, 8.502836787524664e-06, -1.5415956638683793e-06, 1.3339571202039595e-05, -0.00017197102289352273, -1.5415956641156638e-06, -7.709694025586657e-06, 7.802289870133545e-06, -1.5415956639729571e-06, 1.3339571202384497e-05, 7.80228987021882e-06, 1.546953835392457e-05, 4.2622943574045354e-05, 8.502836787529726e-06, -1.5415956637136488e-06, 1.3339571202306026e-05, 8.502836787624653e-06, 2.4062893111351108e-05, 1.3339571202170592e-05, 2.0652264149543955e-05, -1.5415956638092085e-06, 1.3339571202195278e-05, 7.80228987017215e-06, 1.5469538354022345e-05, 1.333957120202694e-05, 2.0652264149468014e-05, 1.5469538354038483e-05, 1.8738351955026693e-05], [-0.0002553313818825446, -0.00017197102289356198, 4.2622943574077e-05, -1.5415956639115714e-06, 4.2622943574073835e-05, -1.5415956638650568e-06, 8.502836787463911e-06, 1.333957120223135e-05, -0.00017197102289349232, -7.709694025648676e-06, -1.5415956639514406e-06, 7.802289870254262e-06, -1.5415956639391e-06, 7.802289870092728e-06, 1.333957120211617e-05, 1.5469538353944825e-05, 4.262294357407952e-05, -1.5415956637878497e-06, 8.502836787570231e-06, 1.3339571202375637e-05, 8.502836787630982e-06, 1.3339571202170592e-05, 2.4062893110942994e-05, 2.0652264149637613e-05, -1.5415956639284993e-06, 7.802289870148734e-06, 1.3339571202489549e-05, 1.546953835389483e-05, 1.3339571202192115e-05, 1.5469538354079934e-05, 2.0652264149464215e-05, 1.8738351955019737e-05], [-0.0003480044155987485, -6.249461113401182e-05, -6.249461113403467e-05, 1.920025600625663e-05, -6.249461113399655e-05, 1.92002560061174e-05, 1.9200256006094937e-05, 2.065226414950724e-05, -0.00021469855981625277, 1.3132478650911574e-05, 1.3132478650942267e-05, 1.5469538353826162e-05, 1.313247865093246e-05, 1.5469538353987227e-05, 1.5469538353995766e-05, 1.5756076646481204e-05, -6.249461113400985e-05, 1.9200256006173406e-05, 1.9200256006242707e-05, 2.0652264149546486e-05, 1.9200256006243337e-05, 2.0652264149543955e-05, 2.0652264149637613e-05, 2.2672371340005704e-05, 1.3132478650899551e-05, 1.5469538354091643e-05, 1.5469538353892614e-05, 1.5756076646524874e-05, 1.54695383539309e-05, 1.5756076646352103e-05, 1.5756076646536265e-05, 1.4992170907086761e-05], [-3.6015882580279225e-05, -6.204745817904666e-05, -6.204745817901185e-05, -4.003375488297937e-05, -6.20474581790226e-05, -4.0033754883212256e-05, -4.003375488316796e-05, -7.709694025666396e-06, 0.00024317318137267218, -2.823067277520642e-05, -2.8230672775527585e-05, -1.5415956639740646e-06, -2.823067277534406e-05, -1.5415956639254936e-06, -1.5415956639313475e-06, 1.313247865089702e-05, 0.00024317318137273292, -2.823067277551778e-05, -2.8230672775359883e-05, -1.5415956638978067e-06, -2.823067277522667e-05, -1.5415956638092085e-06, -1.5415956639284993e-06, 1.3132478650899551e-05, -5.041236680782024e-07, 8.50283678764364e-06, 8.502836787538587e-06, 1.9200256006209483e-05, 8.502836787548713e-06, 1.9200256006205688e-05, 1.920025600612658e-05, 2.369242241164285e-05], [-0.00025533138188253197, 4.26229435739808e-05, -0.00017197102289351514, -1.54159566393024e-06, -0.00017197102289356067, -1.5415956640269076e-06, -7.709694025701836e-06, 7.802289870223411e-06, 4.262294357410675e-05, 8.50283678755504e-06, -1.541595663833731e-06, 1.333957120209339e-05, -1.5415956639049266e-06, 1.333957120237564e-05, 7.802289870130067e-06, 1.5469538353970768e-05, 4.2622943574006756e-05, 8.502836787560102e-06, -1.5415956638297757e-06, 1.3339571202319316e-05, -1.5415956638726513e-06, 1.3339571202195278e-05, 7.802289870148734e-06, 1.5469538354091643e-05, 8.50283678764364e-06, 2.406289311088572e-05, 1.3339571202163e-05, 2.065226414944396e-05, 1.3339571202485754e-05, 2.065226414945282e-05, 1.5469538354059364e-05, 1.873835195501531e-05], [-0.000255331381882551, -0.00017197102289353918, 4.262294357405421e-05, -1.5415956639359357e-06, -0.00017197102289354804, -7.709694025499324e-06, -1.5415956640474749e-06, 7.80228987029508e-06, 4.262294357405232e-05, -1.5415956638432237e-06, 8.502836787505679e-06, 1.3339571202276283e-05, -1.5415956638998635e-06, 7.802289869998592e-06, 1.3339571202165532e-05, 1.5469538354041333e-05, 4.262294357405801e-05, -1.5415956637856345e-06, 8.502836787446191e-06, 1.3339571202042761e-05, -1.5415956638595193e-06, 7.80228987017215e-06, 1.3339571202489549e-05, 1.5469538353892614e-05, 8.502836787538587e-06, 1.3339571202163e-05, 2.4062893111293828e-05, 2.0652264149495857e-05, 1.3339571202101611e-05, 1.5469538354072022e-05, 2.0652264149507245e-05, 1.8738351955017836e-05], [-0.00034800441559875556, -6.249461113400839e-05, -6.249461113395505e-05, 1.9200256006106328e-05, -0.0002146985598162604, 1.3132478650938786e-05, 1.3132478650906515e-05, 1.5469538354030257e-05, -6.249461113398238e-05, 1.920025600615632e-05, 1.9200256006163916e-05, 2.0652264149522437e-05, 1.3132478650909043e-05, 1.54695383539521e-05, 1.546953835397805e-05, 1.5756076646483102e-05, -6.249461113399613e-05, 1.920025600621454e-05, 1.920025600623005e-05, 2.065226414957433e-05, 1.3132478650903662e-05, 1.5469538354022345e-05, 1.546953835389483e-05, 1.5756076646524874e-05, 1.9200256006209483e-05, 2.065226414944396e-05, 2.0652264149495857e-05, 2.267237133971931e-05, 1.5469538354048925e-05, 1.5756076646405893e-05, 1.5756076646650804e-05, 1.4992170907075372e-05], [-0.0002553313818825535, -0.0001719710228935784, -0.00017197102289353286, -7.709694025646144e-06, 4.262294357404472e-05, -1.5415956638736004e-06, -1.5415956638989142e-06, 7.802289870414372e-06, 4.262294357405421e-05, -1.541595663950808e-06, -1.5415956638966998e-06, 7.80228987019778e-06, 8.50283678761706e-06, 1.333957120213136e-05, 1.3339571202073136e-05, 1.546953835400463e-05, 4.262294357406053e-05, -1.5415956638710688e-06, -1.5415956638593615e-06, 7.802289870158227e-06, 8.502836787534791e-06, 1.333957120202694e-05, 1.3339571202192115e-05, 1.54695383539309e-05, 8.502836787548713e-06, 1.3339571202485754e-05, 1.3339571202101611e-05, 1.5469538354048925e-05, 2.4062893111272347e-05, 2.0652264149475603e-05, 2.0652264149502186e-05, 1.873835195503682e-05], [-0.0003480044155987542, -6.249461113407193e-05, -0.00021469855981623887, 1.3132478650930878e-05, -6.249461113396216e-05, 1.9200256006127842e-05, 1.313247865100207e-05, 1.5469538353910334e-05, -6.24946111340246e-05, 1.9200256006070254e-05, 1.3132478650934037e-05, 1.5469538354135943e-05, 1.9200256006192708e-05, 2.0652264149507245e-05, 1.5469538353994187e-05, 1.5756076646583723e-05, -6.249461113401013e-05, 1.920025600612183e-05, 1.313247865093847e-05, 1.5469538353937544e-05, 1.9200256006198722e-05, 2.0652264149468014e-05, 1.5469538354079934e-05, 1.5756076646352103e-05, 1.9200256006205688e-05, 2.065226414945282e-05, 1.5469538354072022e-05, 1.5756076646405893e-05, 2.0652264149475603e-05, 2.2672371340277774e-05, 1.5756076646016695e-05, 1.499217090711461e-05], [-0.0003480044155987498, -0.00021469855981627812, -6.249461113400382e-05, 1.3132478650966633e-05, -6.249461113399983e-05, 1.3132478651034663e-05, 1.9200256006120883e-05, 1.5469538354038168e-05, -6.249461113400071e-05, 1.3132478651015676e-05, 1.920025600612025e-05, 1.546953835393312e-05, 1.920025600614683e-05, 1.5469538354064748e-05, 2.0652264149485737e-05, 1.575607664640969e-05, -6.249461113398049e-05, 1.3132478650994476e-05, 1.920025600615949e-05, 1.5469538353903053e-05, 1.9200256006143983e-05, 1.5469538354038483e-05, 2.0652264149464215e-05, 1.5756076646536265e-05, 1.920025600612658e-05, 1.5469538354059364e-05, 2.0652264149507245e-05, 1.5756076646650804e-05, 2.0652264149502186e-05, 1.5756076646016695e-05, 2.267237134024198e-05, 1.4992170907101955e-05], [-0.0003684418886290192, -0.0001115245130595621, -0.00011152451305955797, 2.3692422411597924e-05, -0.00011152451305952066, 2.369242241162822e-05, 2.3692422411647042e-05, 1.8738351955037457e-05, -0.00011152451305954878, 2.369242241162814e-05, 2.3692422411642458e-05, 1.8738351955021e-05, 2.3692422411679558e-05, 1.87383519550267e-05, 1.8738351955019103e-05, 1.499217090708297e-05, -0.00011152451305954118, 2.369242241163115e-05, 2.3692422411654167e-05, 1.8738351955014675e-05, 2.3692422411650684e-05, 1.8738351955026693e-05, 1.8738351955019737e-05, 1.4992170907086761e-05, 2.369242241164285e-05, 1.873835195501531e-05, 1.8738351955017836e-05, 1.4992170907075372e-05, 1.873835195503682e-05, 1.499217090711461e-05, 1.4992170907101955e-05, 1.4381115652921847e-05]], [[0.0008250617924823898, 0.0004897936528754917, 0.0004897936528754714, 7.778975566453149e-06, 0.0004897936528754664, 7.778975566407372e-06, 7.77897556640483e-06, -0.00011575382749616625, 0.0004897936528754563, 7.778975566432802e-06, 7.778975566394656e-06, -0.00011575382749617708, 7.778975566409917e-06, -0.00011575382749617517, -0.00011575382749617198, -0.0001699358016640109, 0.0004897936528754817, 7.778975566417545e-06, 7.778975566440433e-06, -0.00011575382749617132, 7.778975566435348e-06, -0.00011575382749617133, -0.00011575382749616498, -0.00016993580166401901, 7.778975566399744e-06, -0.00011575382749617133, -0.00011575382749617132, -0.00016993580166401516, -0.00011575382749617644, -0.00016993580166402042, -0.0001699358016640195, -0.00018443435492903254, 0.0004897936528754308, 7.778975566412456e-06, 7.778975566427716e-06, -0.0001157538274961758, 7.77897556640483e-06, -0.00011575382749617389, -0.00011575382749616752, -0.0001699358016640152, 7.778975566417545e-06, -0.00011575382749617896, -0.00011575382749615989, -0.00016993580166401397, -0.00011575382749618216, -0.0001699358016640331, -0.0001699358016640294, -0.00018443435492904086, 7.778975566427718e-06, -0.00011575382749617771, -0.00011575382749617578, -0.00016993580166402237, -0.00011575382749617769, -0.00016993580166402354, -0.00016993580166402595, -0.00018443435492904278, -0.00011575382749618152, -0.00016993580166402953, -0.00016993580166401698, -0.00018443435492903666, -0.0001699358016640265, -0.00018443435492903004, -0.0001844343549290402, -0.00017729888429264128], [0.0004897936528754917, 0.0008728738526184559, 0.0003292141540143961, 0.00016820663343380203, 0.00032921415401467144, 0.0001682066334337893, -1.6869466339891096e-06, 4.878603113712171e-05, 0.00032921415401435437, 0.00016820663343384903, -1.6869466340494706e-06, 4.8786031137098186e-05, -1.68694663401474e-06, 4.878603113712362e-05, -7.021721814368989e-05, -1.537696041728782e-05, 0.00032921415401438294, 0.00016820663343377278, -1.686946634051139e-06, 4.878603113707721e-05, -1.6869466340366353e-06, 4.8786031137046693e-05, -7.02172181435319e-05, -1.537696041732294e-05, -1.6869466340315089e-06, 4.878603113714078e-05, -7.021721814361519e-05, -1.537696041736904e-05, -7.021721814360184e-05, -1.537696041732358e-05, -9.959942865083536e-05, -4.706570925913845e-05, 0.00032921415401449813, 0.000168206633433816, -1.686946634073591e-06, 4.878603113709503e-05, -1.6869466340462519e-06, 4.878603113712552e-05, -7.021721814359452e-05, -1.5376960417309595e-05, -1.6869466340702924e-06, 4.878603113709439e-05, -7.021721814359705e-05, -1.537696041735823e-05, -7.021721814360089e-05, -1.5376960417314203e-05, -9.959942865083915e-05, -4.7065709259150364e-05, -1.686946634027138e-06, 4.878603113716367e-05, -7.021721814358784e-05, -1.537696041731023e-05, -7.02172181435872e-05, -1.5376960417301965e-05, -9.959942865082644e-05, -4.706570925912461e-05, -7.02172181436346e-05, -1.5376960417321514e-05, -9.95994286508544e-05, -4.70657092591816e-05, -9.95994286508417e-05, -4.706570925919202e-05, -0.00010666104810500734, -5.9539549572105536e-05], [0.0004897936528754714, 0.0003292141540143961, 0.0008728738526188371, 0.0001682066334337613, 0.00032921415401442744, -1.6869466340275354e-06, 0.0001682066334338389, 4.878603113709947e-05, 0.0003292141540143254, -1.6869466340959234e-06, 0.0001682066334338033, 4.8786031137109e-05, -1.686946634025668e-06, -7.021721814360247e-05, 4.8786031137192925e-05, -1.5376960417343764e-05, 0.0003292141540144811, -1.6869466340344498e-06, 0.00016820663343381471, 4.878603113711855e-05, -1.68694663403739e-06, -7.021721814357353e-05, 4.878603113710837e-05, -1.537696041731484e-05, -1.6869466339825925e-06, -7.021721814359292e-05, 4.8786031137103905e-05, -1.5376960417327237e-05, -7.021721814357036e-05, -9.959942865081629e-05, -1.5376960417309436e-05, -4.7065709259145844e-05, 0.0003292141540146334, -1.6869466340040506e-06, 0.00016820663343375877, 4.878603113708356e-05, -1.6869466340302773e-06, -7.021721814355955e-05, 4.878603113712871e-05, -1.537696041731929e-05, -1.6869466340286084e-06, -7.021721814357227e-05, 4.878603113710901e-05, -1.5376960417308802e-05, -7.021721814358404e-05, -9.959942865079592e-05, -1.537696041732151e-05, -4.7065709259182646e-05, -1.686946634017601e-06, -7.021721814361104e-05, 4.8786031137049235e-05, -1.537696041732215e-05, -7.021721814359165e-05, -9.959942865082964e-05, -1.537696041730101e-05, -4.706570925917826e-05, -7.021721814360344e-05, -9.959942865084615e-05, -1.537696041727478e-05, -4.7065709259154986e-05, -9.959942865081693e-05, -0.0001066610481050048, -4.706570925916038e-05, -5.953954957208663e-05], [7.778975566453149e-06, 0.00016820663343380203, 0.0001682066334337613, 8.716671643402645e-06, -1.6869466339951495e-06, -1.560814975603672e-05, -1.560816301323908e-05, 3.2084977283621414e-06, -1.6869466340306747e-06, -1.5608155604753e-05, -1.560813565612146e-05, 3.208498785484124e-06, -2.456521502227478e-05, -4.3400507234422954e-06, -4.340057767968247e-06, 7.030581202656403e-06, -1.686946634029125e-06, -1.560813806552863e-05, -1.560814428485906e-05, 3.208501337552944e-06, -2.4565215976622772e-05, -4.340050018550337e-06, -4.340050036567403e-06, 7.030585109456641e-06, -2.456522578171712e-05, -4.340054173093868e-06, -4.340053830352028e-06, 7.0305826959714685e-06, -9.346704784422624e-06, 2.3152809500475328e-06, 2.315278460344009e-06, 8.706300186243934e-06, -1.686946633998726e-06, -1.560814659300003e-05, -1.5608147065034243e-05, 3.2084980886128094e-06, -2.456520937355439e-05, -4.340053830326308e-06, -4.34005417299969e-06, 7.030581100734062e-06, -2.456522107697742e-05, -4.3400500366056105e-06, -4.340050018606267e-06, 7.030584419058052e-06, -9.346701535450064e-06, 2.315282216570901e-06, 2.315279479439786e-06, 8.706300186302583e-06, -2.4565229033263386e-05, -4.340057767923075e-06, -4.340050723323521e-06, 7.030582133561932e-06, -9.346704087281733e-06, 2.31527875726885e-06, 2.3152813175555003e-06, 8.70630018627612e-06, -9.346705144701266e-06, 2.315278251601149e-06, 2.315280918288058e-06, 8.706300186304412e-06, -5.787162671033167e-07, 5.827157266464254e-06, 5.827157266517501e-06, 9.06839419755535e-06], [0.0004897936528754664, 0.00032921415401467144, 0.00032921415401442744, -1.6869466339951495e-06, 0.0008728738526181683, 0.00016820663343379186, 0.0001682066334337702, 4.8786031137123624e-05, 0.00032921415401461105, -1.686946633980407e-06, -1.6869466340424368e-06, -7.02172181435853e-05, 0.00016820663343379314, 4.878603113714334e-05, 4.878603113713125e-05, -1.537696041729497e-05, 0.00032921415401451136, -1.6869466340197071e-06, -1.6869466340455368e-06, -7.021721814360215e-05, 0.0001682066334338198, 4.8786031137095e-05, 4.878603113706513e-05, -1.5376960417317062e-05, -1.6869466340845583e-06, -7.021721814361135e-05, -7.021721814360501e-05, -9.959942865085123e-05, 4.8786031137064495e-05, -1.537696041731245e-05, -1.53769604173115e-05, -4.706570925916293e-05, 0.0003292141540143549, -1.6869466340218133e-06, -1.6869466340521724e-06, -7.021721814357415e-05, 0.00016820663343380585, 4.878603113710837e-05, 4.8786031137120446e-05, -1.537696041730069e-05, -1.6869466340261444e-06, -7.021721814357544e-05, -7.02172181435691e-05, -9.959942865083218e-05, 4.8786031137101364e-05, -1.5376960417282575e-05, -1.5376960417285116e-05, -4.70657092591500