{"r1": 0.5988888888888889, "r2": 0.5988888888888889, "theta": 71.66, "sequence": [[[0.5215164525925152, 0.14211417459899703], [0.14211417459899703, 0.12785873952142038]], [[0.3096245543649406, 0.09945686052102831, 0.0994568605210282, 0.007163668057183738], [0.09945686052102831, 0.13032795833831456, -0.030003594482738, -0.0021471086279776477], [0.0994568605210282, -0.030003594482738, 0.13032795833831406, -0.002147108627977043], [0.007163668057183738, -0.0021471086279776477, -0.002147108627977043, 0.040075548069415455]], [[0.1839663120007232, 0.0631799851680303, 0.06317998516803038, 0.01268924514138321, 0.0631799851680304, 0.012689245141383178, 0.01268924514138314, -0.002157581941115301], [0.0631799851680303, 0.08198426495737823, -0.001643144469311295, 0.010239825820330417, -0.0016431443820642295, 0.010239825870543708, -0.01254540718052964, -0.0027639320950744732], [0.06317998516803038, -0.001643144469311295, 0.08198426501182864, 0.010239825817848438, -0.0016431444365144492, -0.012545407178047752, 0.010239825870543642, -0.0027639320950744325], [0.01268924514138321, 0.010239825820330417, 0.010239825817848438, 0.017802950744135182, -0.012545407127834462, -0.0027091307131425105, -0.0027091306622755757, 0.003924893768510584], [0.0631799851680304, -0.0016431443820642295, -0.0016431444365144492, -0.012545407127834462, 0.08198426492458129, 0.010239825817848545, 0.010239825820330381, -0.002763932095074474], [0.012689245141383178, 0.010239825870543708, -0.012545407178047752, -0.0027091307131425105, 0.010239825817848545, 0.01780295090389377, -0.0027091308220341774, 0.0039248937685107035], [0.01268924514138314, -0.01254540718052964, 0.010239825870543642, -0.0027091306622755757, 0.010239825820330381, -0.0027091308220341774, 0.01780295085302683, 0.003924893768510652], [-0.002157581941115301, -0.0027639320950744732, -0.0027639320950744325, 0.003924893768510584, -0.002763932095074474, 0.0039248937685107035, 0.003924893768510652, 0.00553758306266507]], [[0.1083997478242928, 0.03838329960645542, 0.03838329960645547, 0.009660363447361852, 0.03838329960645543, 0.009660363447361877, 0.009660363447361856, 0.0005876497229763974, 0.03838329960645545, 0.009660363447361842, 0.009660363447361852, 0.0005876497229764047, 0.009660363447361866, 0.0005876497229764065, 0.0005876497229763989, -0.000445466766419397], [0.03838329960645542, 0.052434138639318416, 0.0027953080432868527, 0.010730437541247346, 0.0027953080432869303, 0.010730437541247412, -0.0052169487216209625, -0.000723444332310179, 0.0027953080432868327, 0.010730437541247391, -0.005216948721620995, -0.0007234443323101943, -0.005216948721620968, -0.0007234443323101471, -0.001871823250820749, -0.0003446444182792158], [0.03838329960645547, 0.0027953080432868527, 0.05243413863931819, 0.010730437541247416, 0.002795308043286981, -0.005216948721621034, 0.010730437541247397, -0.0007234443323102129, 0.0027953080432868596, -0.005216948721620968, 0.010730437541247483, -0.0007234443323101594, -0.0052169487216209625, -0.0018718232508207605, -0.000723444332310147, -0.0003446444182792365], [0.009660363447361852, 0.010730437541247346, 0.010730437541247416, 0.0177606674704925, -0.005216948721620976, -0.0031309805878164815, -0.0031309805878164056, 0.00048211921839987315, -0.005216948721620925, -0.0031309805878164316, -0.003130980587816538, 0.0004821192183998545, 0.0016810715976697359, 0.0008273328371606477, 0.0008273328371607087, 0.0002911287858828104], [0.03838329960645543, 0.0027953080432869303, 0.002795308043286981, -0.005216948721620976, 0.0524341386393182, 0.010730437541247419, 0.010730437541247386, -0.0007234443323101618, 0.002795308043286914, -0.005216948721620993, -0.005216948721621004, -0.001871823250820725, 0.010730437541247381, -0.0007234443323101419, -0.0007234443323101705, -0.00034464441827925814], [0.009660363447361877, 0.010730437541247412, -0.005216948721621034, -0.0031309805878164815, 0.010730437541247419, 0.017760667470492552, -0.0031309805878165257, 0.0004821192183998643, -0.005216948721620974, -0.003130980587816447, 0.0016810715976698126, 0.0008273328371606761, -0.003130980587816533, 0.0004821192183999658, 0.0008273328371605876, 0.00029112878588284543], [0.009660363447361856, -0.0052169487216209625, 0.010730437541247397, -0.0031309805878164056, 0.010730437541247386, -0.0031309805878165257, 0.017760667470492493, 0.00048211921839983775, -0.005216948721620976, 0.0016810715976696715, -0.0031309805878164754, 0.0008273328371607121, -0.00313098058781644, 0.0008273328371606101, 0.00048211921839993045, 0.00029112878588283535], [0.0005876497229763974, -0.000723444332310179, -0.0007234443323102129, 0.00048211921839987315, -0.0007234443323101618, 0.0004821192183998643, 0.00048211921839983775, 0.006262930693602519, -0.0018718232508206948, 0.0008273328371606925, 0.0008273328371606946, -0.00015772265347913355, 0.0008273328371606938, -0.00015772265347918708, -0.0001577226534791811, -8.509021023406257e-05], [0.03838329960645545, 0.0027953080432868327, 0.0027953080432868596, -0.005216948721620925, 0.002795308043286914, -0.005216948721620974, -0.005216948721620976, -0.0018718232508206948, 0.05243413863931824, 0.010730437541247381, 0.010730437541247346, -0.000723444332310181, 0.01073043754124739, -0.0007234443323101868, -0.0007234443323101721, -0.00034464441827922144], [0.009660363447361842, 0.010730437541247391, -0.005216948721620968, -0.0031309805878164316, -0.005216948721620993, -0.003130980587816447, 0.0016810715976696715, 0.0008273328371606925, 0.010730437541247381, 0.017760667470492476, -0.003130980587816553, 0.0004821192183998316, -0.003130980587816448, 0.00048211921839992785, 0.0008273328371606262, 0.00029112878588284386], [0.009660363447361852, -0.005216948721620995, 0.010730437541247483, -0.003130980587816538, -0.005216948721621004, 0.0016810715976698126, -0.0031309805878164754, 0.0008273328371606946, 0.010730437541247346, -0.003130980587816553, 0.017760667470492597, 0.0004821192183998802, -0.0031309805878165496, 0.0008273328371606035, 0.0004821192183999066, 0.00029112878588283394], [0.0005876497229764047, -0.0007234443323101943, -0.0007234443323101594, 0.0004821192183998545, -0.001871823250820725, 0.0008273328371606761, 0.0008273328371607121, -0.00015772265347913355, -0.000723444332310181, 0.0004821192183998316, 0.0004821192183998802, 0.006262930693602545, 0.0008273328371607307, -0.00015772265347918033, -0.00015772265347916374, -8.509021023405727e-05], [0.009660363447361866, -0.005216948721620968, -0.0052169487216209625, 0.0016810715976697359, 0.010730437541247381, -0.003130980587816533, -0.00313098058781644, 0.0008273328371606938, 0.01073043754124739, -0.003130980587816448, -0.0031309805878165496, 0.0008273328371607307, 0.017760667470492524, 0.00048211921839982804, 0.0004821192183998581, 0.000291128785882825], [0.0005876497229764065, -0.0007234443323101471, -0.0018718232508207605, 0.0008273328371606477, -0.0007234443323101419, 0.0004821192183999658, 0.0008273328371606101, -0.00015772265347918708, -0.0007234443323101868, 0.00048211921839992785, 0.0008273328371606035, -0.00015772265347918033, 0.00048211921839982804, 0.0062629306936025225, -0.00015772265347917865, -8.509021023406345e-05], [0.0005876497229763989, -0.001871823250820749, -0.000723444332310147, 0.0008273328371607087, -0.0007234443323101705, 0.0008273328371605876, 0.00048211921839993045, -0.0001577226534791811, -0.0007234443323101721, 0.0008273328371606262, 0.0004821192183999066, -0.00015772265347916374, 0.0004821192183998581, -0.00015772265347917865, 0.006262930693602553, -8.509021023405903e-05], [-0.000445466766419397, -0.0003446444182792158, -0.0003446444182792365, 0.0002911287858828104, -0.00034464441827925814, 0.00029112878588284543, 0.00029112878588283535, -8.509021023406257e-05, -0.00034464441827922144, 0.00029112878588284386, 0.00029112878588283394, -8.509021023405727e-05, 0.000291128785882825, -8.509021023406345e-05, -8.509021023405903e-05, 0.0014790432545784527]], [[0.06294382824286754, 0.022659751469340544, 0.02265975146934056, 0.006187743466583382, 0.022659751469340555, 0.006187743466583382, 0.006187743466583384, 0.0007455427901589024, 0.022659751469340548, 0.006187743466583389, 0.006187743466583384, 0.0007455427901589063, 0.006187743466583386, 0.0007455427901589002, 0.0007455427901589046, -0.00012966285540039072, 0.022659751469340548, 0.006187743466583388, 0.006187743466583387, 0.0007455427901589034, 0.006187743466583387, 0.0007455427901589059, 0.0007455427901589043, -0.00012966285540038996, 0.00618774346658338, 0.0007455427901589069, 0.0007455427901589117, -0.00012966285540038562, 0.0007455427901589096, -0.00012966285540039465, -0.00012966285540038952, 0.00013264830531452688], [0.022659751469340544, 0.032545856740409634, 0.003036333750773531, 0.008184817162643462, 0.0030363337507735223, 0.00818481716264344, -0.0019501717375826006, 0.0005802146860124026, 0.0030363337507735744, 0.008184817162643361, -0.0019501717375826192, 0.0005802146860124456, -0.001950171737582576, 0.0005802146860124427, -0.0014542749115360482, -0.0002909426377282305, 0.0030363337507735757, 0.008184817162643411, -0.001950171737582628, 0.0005802146860124078, -0.001950171737582647, 0.0005802146860124453, -0.001454274911536034, -0.00029094263772821787, -0.0019501717375825967, 0.0005802146860124512, -0.0014542749115360554, -0.0002909426377282281, -0.0014542749115360584, -0.00029094263772821787, 5.969408626347223e-05, 0.00019361318926976444], [0.02265975146934056, 0.003036333750773531, 0.032545856740409676, 0.00818481716264344, 0.0030363337507735835, -0.0019501717375826684, 0.00818481716264339, 0.0005802146860124301, 0.0030363337507736217, -0.0019501717375826262, 0.008184817162643384, 0.0005802146860124239, -0.0019501717375826116, -0.0014542749115360578, 0.0005802146860124064, -0.00029094263772821435, 0.0030363337507735544, -0.0019501717375826379, 0.008184817162643403, 0.0005802146860124407, -0.001950171737582604, -0.001454274911536056, 0.0005802146860124303, -0.0002909426377282116, -0.0019501717375826298, -0.001454274911536067, 0.0005802146860124333, -0.00029094263772820687, -0.0014542749115360565, 5.969408626346563e-05, -0.00029094263772821554, 0.0001936131892697532], [0.006187743466583382, 0.008184817162643462, 0.00818481716264344, 0.01238301639522674, -0.0019501717375826166, -0.0007718269103511458, -0.0007718269103511702, 0.0010774555379648879, -0.0019501717375825995, -0.0007718269103511011, -0.0007718269103510915, 0.0010774555379648525, -0.0005126785698878705, -0.0005610301165086798, -0.0005610301165085935, -0.00014982402680626604, -0.001950171737582607, -0.0007718269103511639, -0.0007718269103510904, 0.0010774555379648879, -0.0005126785698878309, -0.0005610301165086106, -0.0005610301165086184, -0.00014982402680626427, -0.0005126785698878846, -0.0005610301165086217, -0.0005610301165086542, -0.00014982402680627135, 0.0014536989619574948, 0.0002958021975494344, 0.00029580219754948573, -2.7648254151103165e-05], [0.022659751469340555, 0.0030363337507735223, 0.0030363337507735835, -0.0019501717375826166, 0.03254585674040959, 0.008184817162643436, 0.008184817162643404, 0.0005802146860124329, 0.0030363337507735458, -0.001950171737582606, -0.0019501717375826108, -0.0014542749115360382, 0.008184817162643417, 0.0005802146860124419, 0.0005802146860124318, -0.0002909426377282139, 0.0030363337507735987, -0.0019501717375825926, -0.0019501717375826147, -0.0014542749115360636, 0.008184817162643404, 0.0005802146860124072, 0.0005802146860124416, -0.00029094263772820963, -0.0019501717375826294, -0.001454274911536043, -0.0014542749115360751, 5.96940862634788e-05, 0.0005802146860124394, -0.0002909426377282034, -0.000290942637728221, 0.00019361318926972953], [0.006187743466583382, 0.00818481716264344, -0.0019501717375826684, -0.0007718269103511458, 0.008184817162643436, 0.012383016395226815, -0.0007718269103511207, 0.0010774555379648256, -0.0019501717375826535, -0.0007718269103510799, -0.0005126785698878886, -0.0005610301165085962, -0.0007718269103511862, 0.0010774555379649403, -0.0005610301165085408, -0.00014982402680626427, -0.0019501717375826268, -0.0007718269103511539, -0.0005126785698878722, -0.0005610301165085726, -0.0007718269103510971, 0.0010774555379648792, -0.0005610301165086016, -0.00014982402680626148, -0.0005126785698878356, -0.0005610301165085526, 0.0014536989619574501, 0.0002958021975494658, -0.0005610301165086247, -0.00014982402680623915, 0.0002958021975494724, -2.764825415114844e-05], [0.006187743466583384, -0.0019501717375826006, 0.00818481716264339, -0.0007718269103511702, 0.008184817162643404, -0.0007718269103511207, 0.012383016395226836, 0.0010774555379648436, -0.0019501717375826307, -0.0005126785698878819, -0.0007718269103511216, -0.0005610301165085325, -0.0007718269103511084, -0.0005610301165085711, 0.00107745553796484, -0.00014982402680624034, -0.0019501717375826066, -0.0005126785698878404, -0.00077182691035115, -0.0005610301165086245, -0.0007718269103511399, -0.0005610301165086004, 0.0010774555379648762, -0.00014982402680626883, -0.0005126785698878614, 0.0014536989619574627, -0.0005610301165085961, 0.0002958021975494732, -0.0005610301165085797, 0.0002958021975494614, -0.00014982402680628802, -2.764825415110204e-05], [0.0007455427901589024, 0.0005802146860124026, 0.0005802146860124301, 0.0010774555379648879, 0.0005802146860124329, 0.0010774555379648256, 0.0010774555379648436, 0.0028177564001066113, -0.001454274911536028, -0.0005610301165085628, -0.000561030116508602, -4.230542745115471e-05, -0.0005610301165085479, -4.2305427451154695e-05, -4.2305427451173926e-05, 0.0005191220601825228, -0.0014542749115360825, -0.000561030116508579, -0.0005610301165085976, -4.230542745119315e-05, -0.0005610301165085965, -4.230542745117236e-05, -4.230542745110683e-05, 0.0005191220601824851, 0.0014536989619574495, 0.0003921823144387383, 0.00039218231443872656, -0.00011693311298530224, 0.00039218231443874515, -0.00011693311298527245, -0.00011693311298528402, -0.00011303759081165059], [0.022659751469340548, 0.0030363337507735744, 0.0030363337507736217, -0.0019501717375825995, 0.0030363337507735458, -0.0019501717375826535, -0.0019501717375826307, -0.001454274911536028, 0.032545856740409544, 0.008184817162643456, 0.008184817162643437, 0.0005802146860123962, 0.008184817162643401, 0.0005802146860124401, 0.0005802146860124312, -0.0002909426377282057, 0.0030363337507735557, -0.0019501717375826132, -0.001950171737582669, -0.0014542749115360593, -0.001950171737582586, -0.0014542749115360584, -0.0014542749115360439, 5.9694086263449313e-05, 0.00818481716264342, 0.0005802146860124123, 0.0005802146860124427, -0.0002909426377282222, 0.000580214686012427, -0.0002909426377282167, -0.0002909426377282148, 0.00019361318926975775], [0.006187743466583389, 0.008184817162643361, -0.0019501717375826262, -0.0007718269103511011, -0.001950171737582606, -0.0007718269103510799, -0.0005126785698878819, -0.0005610301165085628, 0.008184817162643456, 0.012383016395226888, -0.0007718269103511764, 0.0010774555379648454, -0.0007718269103511657, 0.0010774555379648642, -0.0005610301165085781, -0.00014982402680625625, -0.0019501717375826383, -0.0007718269103512129, -0.0005126785698878675, -0.0005610301165086504, -0.0005126785698878533, -0.0005610301165085631, 0.0014536989619574933, 0.0002958021975494708, -0.0007718269103511193, 0.001077455537964865, -0.0005610301165085534, -0.00014982402680628547, -0.0005610301165086378, -0.000149824026806257, 0.0002958021975494854, -2.7648254151095863e-05], [0.006187743466583384, -0.0019501717375826192, 0.008184817162643384, -0.0007718269103510915, -0.0019501717375826108, -0.0005126785698878886, -0.0007718269103511216, -0.000561030116508602, 0.008184817162643437, -0.0007718269103511764, 0.012383016395226869, 0.0010774555379648681, -0.0007718269103511643, -0.0005610301165085758, 0.001077455537964872, -0.00014982402680626333, -0.0019501717375826448, -0.0005126785698878121, -0.0007718269103511669, -0.0005610301165085767, -0.0005126785698878647, 0.0014536989619574193, -0.0005610301165085637, 0.00029580219754945906, -0.0007718269103511266, -0.0005610301165085891, 0.001077455537964873, -0.000149824026806246, -0.0005610301165085835, 0.00029580219754944654, -0.00014982402680625503, -2.764825415109875e-05], [0.0007455427901589063, 0.0005802146860124456, 0.0005802146860124239, 0.0010774555379648525, -0.0014542749115360382, -0.0005610301165085962, -0.0005610301165085325, -4.230542745115471e-05, 0.0005802146860123962, 0.0010774555379648454, 0.0010774555379648681, 0.002817756400106691, -0.0005610301165085628, -4.230542745116373e-05, -4.2305427451186875e-05, 0.0005191220601824883, -0.0014542749115360521, -0.0005610301165085686, -0.0005610301165085907, -4.230542745117039e-05, 0.0014536989619574356, 0.0003921823144387038, 0.0003921823144387175, -0.00011693311298524383, -0.0005610301165086001, -4.230542745117236e-05, -4.230542745116137e-05, 0.0005191220601824929, 0.0003921823144387544, -0.000116933112985317, -0.00011693311298527019, -0.0001130375908116463], [0.006187743466583386, -0.001950171737582576, -0.0019501717375826116, -0.0005126785698878705, 0.008184817162643417, -0.0007718269103511862, -0.0007718269103511084, -0.0005610301165085479, 0.008184817162643401, -0.0007718269103511657, -0.0007718269103511643, -0.0005610301165085628, 0.012383016395226912, 0.0010774555379648556, 0.0010774555379648287, -0.0001498240268062409, -0.0019501717375826184, -0.0005126785698878022, -0.0005126785698878524, 0.0014536989619574156, -0.0007718269103511576, -0.0005610301165085829, -0.0005610301165086098, 0.0002958021975494332, -0.0007718269103511896, -0.0005610301165085926, -0.0005610301165085659, 0.00029580219754948026, 0.0010774555379648805, -0.00014982402680625622, -0.00014982402680624603, -2.7648254151105624e-05], [0.0007455427901589002, 0.0005802146860124427, -0.0014542749115360578, -0.0005610301165086798, 0.0005802146860124419, 0.0010774555379649403, -0.0005610301165085711, -4.2305427451154695e-05, 0.0005802146860124401, 0.0010774555379648642, -0.0005610301165085758, -4.230542745116373e-05, 0.0010774555379648556, 0.0028177564001067687, -4.230542745120964e-05, 0.0005191220601825354, -0.0014542749115360716, -0.0005610301165085946, 0.0014536989619574603, 0.0003921823144386694, -0.0005610301165086286, -4.230542745119276e-05, 0.00039218231443875876, -0.00011693311298531106, -0.0005610301165085835, -4.230542745112213e-05, 0.00039218231443876, -0.00011693311298530813, -4.2305427451204914e-05, 0.0005191220601825496, -0.00011693311298528454, -0.00011303759081166178], [0.0007455427901589046, -0.0014542749115360482, 0.0005802146860124064, -0.0005610301165085935, 0.0005802146860124318, -0.0005610301165085408, 0.00107745553796484, -4.2305427451173926e-05, 0.0005802146860124312, -0.0005610301165085781, 0.001077455537964872, -4.2305427451186875e-05, 0.0010774555379648287, -4.230542745120964e-05, 0.002817756400106702, 0.0005191220601825261, -0.00145427491153604, 0.001453698961957375, -0.000561030116508585, 0.00039218231443877724, -0.0005610301165085707, 0.00039218231443873637, -4.2305427451213154e-05, -0.00011693311298529385, -0.0005610301165085511, 0.0003921823144387506, -4.2305427451200604e-05, -0.0001169331129852812, -4.2305427451142145e-05, -0.00011693311298527953, 0.000519122060182494, -0.00011303759081164788], [-0.00012966285540039072, -0.0002909426377282305, -0.00029094263772821435, -0.00014982402680626604, -0.0002909426377282139, -0.00014982402680626427, -0.00014982402680624034, 0.0005191220601825228, -0.0002909426377282057, -0.00014982402680625625, -0.00014982402680626333, 0.0005191220601824883, -0.0001498240268062409, 0.0005191220601825354, 0.0005191220601825261, 0.0007725346130112602, 5.969408626346074e-05, 0.0002958021975494536, 0.00029580219754945586, -0.00011693311298531221, 0.00029580219754946025, -0.00011693311298530712, -0.0001169331129852734, -0.00011862409164740137, 0.0002958021975494716, -0.0001169331129852683, -0.00011693311298528655, -0.00011862409164738294, -0.00011693311298528217, -0.00011862409164734607, -0.00011862409164741078, 5.698542323002744e-05], [0.022659751469340548, 0.0030363337507735757, 0.0030363337507735544, -0.001950171737582607, 0.0030363337507735987, -0.0019501717375826268, -0.0019501717375826066, -0.0014542749115360825, 0.0030363337507735557, -0.0019501717375826383, -0.0019501717375826448, -0.0014542749115360521, -0.0019501717375826184, -0.0014542749115360716, -0.00145427491153604, 5.969408626346074e-05, 0.0325458567404096, 0.008184817162643408, 0.008184817162643453, 0.0005802146860124338, 0.008184817162643406, 0.0005802146860124595, 0.0005802146860124018, -0.00029094263772821, 0.00818481716264344, 0.0005802146860124348, 0.00058021468601244, -0.00029094263772821516, 0.0005802146860124165, -0.00029094263772821554, -0.00029094263772822063, 0.00019361318926975886], [0.006187743466583388, 0.008184817162643411, -0.0019501717375826379, -0.0007718269103511639, -0.0019501717375825926, -0.0007718269103511539, -0.0005126785698878404, -0.000561030116508579, -0.0019501717375826132, -0.0007718269103512129, -0.0005126785698878121, -0.0005610301165085686, -0.0005126785698878022, -0.0005610301165085946, 0.001453698961957375, 0.0002958021975494536, 0.008184817162643408, 0.012383016395226957, -0.000771826910351179, 0.00107745553796486, -0.0007718269103512243, 0.0010774555379648846, -0.0005610301165085874, -0.00014982402680624462, -0.0007718269103511387, 0.0010774555379648373, -0.000561030116508562, -0.00014982402680626097, -0.0005610301165085307, -0.00014982402680623248, 0.00029580219754946535, -2.7648254151099495e-05], [0.006187743466583387, -0.001950171737582628, 0.008184817162643403, -0.0007718269103510904, -0.0019501717375826147, -0.0005126785698878722, -0.00077182691035115, -0.0005610301165085976, -0.001950171737582669, -0.0005126785698878675, -0.0007718269103511669, -0.0005610301165085907, -0.0005126785698878524, 0.0014536989619574603, -0.000561030116508585, 0.00029580219754945586, 0.008184817162643453, -0.000771826910351179, 0.012383016395226857, 0.0010774555379648438, -0.0007718269103511371, -0.0005610301165085797, 0.001077455537964875, -0.00014982402680624113, -0.0007718269103510941, -0.0005610301165085961, 0.0010774555379648807, -0.00014982402680626113, -0.0005610301165086119, 0.00029580219754944643, -0.00014982402680625858, -2.7648254151099058e-05], [0.0007455427901589034, 0.0005802146860124078, 0.0005802146860124407, 0.0010774555379648879, -0.0014542749115360636, -0.0005610301165085726, -0.0005610301165086245, -4.230542745119315e-05, -0.0014542749115360593, -0.0005610301165086504, -0.0005610301165085767, -4.230542745117039e-05, 0.0014536989619574156, 0.0003921823144386694, 0.00039218231443877724, -0.00011693311298531221, 0.0005802146860124338, 0.00107745553796486, 0.0010774555379648438, 0.0028177564001066868, -0.000561030116508513, -4.230542745114057e-05, -4.230542745122454e-05, 0.0005191220601824939, -0.0005610301165085628, -4.230542745119433e-05, -4.2305427451146834e-05, 0.0005191220601825261, 0.00039218231443880077, -0.00011693311298529897, -0.0001169331129852616, -0.00011303759081164357], [0.006187743466583387, -0.001950171737582647, -0.001950171737582604, -0.0005126785698878309, 0.008184817162643404, -0.0007718269103510971, -0.0007718269103511399, -0.0005610301165085965, -0.001950171737582586, -0.0005126785698878533, -0.0005126785698878647, 0.0014536989619574356, -0.0007718269103511576, -0.0005610301165086286, -0.0005610301165085707, 0.00029580219754946025, 0.008184817162643406, -0.0007718269103512243, -0.0007718269103511371, -0.000561030116508513, 0.012383016395226857, 0.0010774555379648657, 0.0010774555379648358, -0.00014982402680623283, -0.0007718269103511258, -0.0005610301165085561, -0.0005610301165086052, 0.0002958021975494795, 0.001077455537964828, -0.00014982402680624855, -0.00014982402680627466, -2.7648254151107773e-05], [0.0007455427901589059, 0.0005802146860124453, -0.001454274911536056, -0.0005610301165086106, 0.0005802146860124072, 0.0010774555379648792, -0.0005610301165086004, -4.230542745117236e-05, -0.0014542749115360584, -0.0005610301165085631, 0.0014536989619574193, 0.0003921823144387038, -0.0005610301165085829, -4.230542745119276e-05, 0.00039218231443873637, -0.00011693311298530712, 0.0005802146860124595, 0.0010774555379648846, -0.0005610301165085797, -4.230542745114057e-05, 0.0010774555379648657, 0.0028177564001067045, -4.230542745118805e-05, 0.0005191220601825149, -0.0005610301165085965, -4.23054274511339e-05, 0.00039218231443872276, -0.00011693311298526471, -4.230542745115941e-05, 0.0005191220601825324, -0.00011693311298528916, -0.0001130375908116575], [0.0007455427901589043, -0.001454274911536034, 0.0005802146860124303, -0.0005610301165086184, 0.0005802146860124416, -0.0005610301165086016, 0.0010774555379648762, -4.230542745110683e-05, -0.0014542749115360439, 0.0014536989619574933, -0.0005610301165085637, 0.0003921823144387175, -0.0005610301165086098, 0.00039218231443875876, -4.2305427451213154e-05, -0.0001169331129852734, 0.0005802146860124018, -0.0005610301165085874, 0.001077455537964875, -4.230542745122454e-05, 0.0010774555379648358, -4.230542745118805e-05, 0.0028177564001066625, 0.0005191220601825134, -0.0005610301165086004, 0.0003921823144387156, -4.230542745111978e-05, -0.00011693311298525997, -4.23054274511802e-05, -0.00011693311298528814, 0.0005191220601824749, -0.00011303759081164414], [-0.00012966285540038996, -0.00029094263772821787, -0.0002909426377282116, -0.00014982402680626427, -0.00029094263772820963, -0.00014982402680626148, -0.00014982402680626883, 0.0005191220601824851, 5.9694086263449313e-05, 0.0002958021975494708, 0.00029580219754945906, -0.00011693311298524383, 0.0002958021975494332, -0.00011693311298531106, -0.00011693311298529385, -0.00011862409164740137, -0.00029094263772821, -0.00014982402680624462, -0.00014982402680624113, 0.0005191220601824939, -0.00014982402680623283, 0.0005191220601825149, 0.0005191220601825134, 0.0007725346130112345, 0.0002958021975494759, -0.0001169331129852762, -0.00011693311298525569, -0.00011862409164741002, -0.00011693311298528366, -0.00011862409164737667, -0.00011862409164734295, 5.698542323002744e-05], [0.00618774346658338, -0.0019501717375825967, -0.0019501717375826298, -0.0005126785698878846, -0.0019501717375826294, -0.0005126785698878356, -0.0005126785698878614, 0.0014536989619574495, 0.00818481716264342, -0.0007718269103511193, -0.0007718269103511266, -0.0005610301165086001, -0.0007718269103511896, -0.0005610301165085835, -0.0005610301165085511, 0.0002958021975494716, 0.00818481716264344, -0.0007718269103511387, -0.0007718269103510941, -0.0005610301165085628, -0.0007718269103511258, -0.0005610301165085965, -0.0005610301165086004, 0.0002958021975494759, 0.012383016395226803, 0.0010774555379648586, 0.0010774555379648421, -0.00014982402680628073, 0.0010774555379648792, -0.0001498240268062633, -0.00014982402680624934, -2.764825415110037e-05], [0.0007455427901589069, 0.0005802146860124512, -0.001454274911536067, -0.0005610301165086217, -0.001454274911536043, -0.0005610301165085526, 0.0014536989619574627, 0.0003921823144387383, 0.0005802146860124123, 0.001077455537964865, -0.0005610301165085891, -4.230542745117236e-05, -0.0005610301165085926, -4.230542745112213e-05, 0.0003921823144387506, -0.0001169331129852683, 0.0005802146860124348, 0.0010774555379648373, -0.0005610301165085961, -4.230542745119433e-05, -0.0005610301165085561, -4.23054274511339e-05, 0.0003921823144387156, -0.0001169331129852762, 0.0010774555379648586, 0.0028177564001066403, -4.230542745116491e-05, 0.0005191220601824733, -4.2305427451221014e-05, 0.0005191220601825174, -0.00011693311298526925, -0.00011303759081163826], [0.0007455427901589117, -0.0014542749115360554, 0.0005802146860124333, -0.0005610301165086542, -0.0014542749115360751, 0.0014536989619574501, -0.0005610301165085961, 0.00039218231443872656, 0.0005802146860124427, -0.0005610301165085534, 0.001077455537964873, -4.230542745116137e-05, -0.0005610301165085659, 0.00039218231443876, -4.2305427451200604e-05, -0.00011693311298528655, 0.00058021468601244, -0.000561030116508562, 0.0010774555379648807, -4.2305427451146834e-05, -0.0005610301165086052, 0.00039218231443872276, -4.230542745111978e-05, -0.00011693311298525569, 0.0010774555379648421, -4.230542745116491e-05, 0.00281775640010666, 0.0005191220601825071, -4.230542745122611e-05, -0.0001169331129852989, 0.0005191220601825268, -0.00011303759081165417], [-0.00012966285540038562, -0.0002909426377282281, -0.00029094263772820687, -0.00014982402680627135, 5.96940862634788e-05, 0.0002958021975494658, 0.0002958021975494732, -0.00011693311298530224, -0.0002909426377282222, -0.00014982402680628547, -0.000149824026806246, 0.0005191220601824929, 0.00029580219754948026, -0.00011693311298530813, -0.0001169331129852812, -0.00011862409164738294, -0.00029094263772821516, -0.00014982402680626097, -0.00014982402680626113, 0.0005191220601825261, 0.0002958021975494795, -0.00011693311298526471, -0.00011693311298525997, -0.00011862409164741002, -0.00014982402680628073, 0.0005191220601824733, 0.0005191220601825071, 0.00077253461301126, -0.00011693311298525729, -0.00011862409164737709, -0.00011862409164739042, 5.698542323002585e-05], [0.0007455427901589096, -0.0014542749115360584, -0.0014542749115360565, 0.0014536989619574948, 0.0005802146860124394, -0.0005610301165086247, -0.0005610301165085797, 0.00039218231443874515, 0.000580214686012427, -0.0005610301165086378, -0.0005610301165085835, 0.0003921823144387544, 0.0010774555379648805, -4.2305427451204914e-05, -4.2305427451142145e-05, -0.00011693311298528217, 0.0005802146860124165, -0.0005610301165085307, -0.0005610301165086119, 0.00039218231443880077, 0.001077455537964828, -4.230542745115941e-05, -4.23054274511802e-05, -0.00011693311298528366, 0.0010774555379648792, -4.2305427451221014e-05, -4.230542745122611e-05, -0.00011693311298525729, 0.002817756400106676, 0.0005191220601824939, 0.0005191220601825024, -0.00011303759081164275], [-0.00012966285540039465, -0.00029094263772821787, 5.969408626346563e-05, 0.0002958021975494344, -0.0002909426377282034, -0.00014982402680623915, 0.0002958021975494614, -0.00011693311298527245, -0.0002909426377282167, -0.000149824026806257, 0.00029580219754944654, -0.000116933112985317, -0.00014982402680625622, 0.0005191220601825496, -0.00011693311298527953, -0.00011862409164734607, -0.00029094263772821554, -0.00014982402680623248, 0.00029580219754944643, -0.00011693311298529897, -0.00014982402680624855, 0.0005191220601825324, -0.00011693311298528814, -0.00011862409164737667, -0.0001498240268062633, 0.0005191220601825174, -0.0001169331129852989, -0.00011862409164737709, 0.0005191220601824939, 0.0007725346130112424, -0.00011862409164743355, 5.698542323003214e-05], [-0.00012966285540038952, 5.969408626347223e-05, -0.00029094263772821554, 0.00029580219754948573, -0.000290942637728221, 0.0002958021975494724, -0.00014982402680628802, -0.00011693311298528402, -0.0002909426377282148, 0.0002958021975494854, -0.00014982402680625503, -0.00011693311298527019, -0.00014982402680624603, -0.00011693311298528454, 0.000519122060182494, -0.00011862409164741078, -0.00029094263772822063, 0.00029580219754946535, -0.00014982402680625858, -0.0001169331129852616, -0.00014982402680627466, -0.00011693311298528916, 0.0005191220601824749, -0.00011862409164734295, -0.00014982402680624934, -0.00011693311298526925, 0.0005191220601825268, -0.00011862409164739042, 0.0005191220601825024, -0.00011862409164743355, 0.0007725346130112646, 5.6985423230027045e-05], [0.00013264830531452688, 0.00019361318926976444, 0.0001936131892697532, -2.7648254151103165e-05, 0.00019361318926972953, -2.764825415114844e-05, -2.764825415110204e-05, -0.00011303759081165059, 0.00019361318926975775, -2.7648254151095863e-05, -2.764825415109875e-05, -0.0001130375908116463, -2.7648254151105624e-05, -0.00011303759081166178, -0.00011303759081164788, 5.698542323002744e-05, 0.00019361318926975886, -2.7648254151099495e-05, -2.7648254151099058e-05, -0.00011303759081164357, -2.7648254151107773e-05, -0.0001130375908116575, -0.00011303759081164414, 5.698542323002744e-05, -2.764825415110037e-05, -0.00011303759081163826, -0.00011303759081165417, 5.698542323002585e-05, -0.00011303759081164275, 5.698542323003214e-05, 5.6985423230027045e-05, 0.00012134334912067714]], [[0.03676094441309649, 0.013501116425363986, 0.013501116425363977, 0.0038520649406760354, 0.013501116425363988, 0.0038520649406760185, 0.0038520649406760324, 0.000568891590745076, 0.013501116425363977, 0.0038520649406760255, 0.0038520649406760276, 0.0005688915907450732, 0.0038520649406760202, 0.0005688915907450735, 0.0005688915907450761, -0.00010539879332395412, 0.013501116425363991, 0.0038520649406760302, 0.003852064940676027, 0.0005688915907450745, 0.003852064940676027, 0.0005688915907450718, 0.0005688915907450726, -0.00010539879332395405, 0.0038520649406760276, 0.0005688915907450749, 0.0005688915907450748, -0.0001053987933239554, 0.0005688915907450726, -0.0001053987933239572, -0.00010539879332395575, -5.545894260114085e-05, 0.013501116425363991, 0.0038520649406760276, 0.003852064940676024, 0.0005688915907450707, 0.0038520649406760285, 0.000568891590745073, 0.0005688915907450739, -0.00010539879332395527, 0.003852064940676026, 0.0005688915907450686, 0.0005688915907450744, -0.00010539879332395564, 0.0005688915907450737, -0.00010539879332395453, -0.00010539879332395476, -5.545894260113932e-05, 0.0038520649406760276, 0.0005688915907450709, 0.0005688915907450777, -0.00010539879332395217, 0.0005688915907450715, -0.00010539879332395493, -0.00010539879332395646, -5.545894260114218e-05, 0.0005688915907450733, -0.00010539879332395364, -0.00010539879332395535, -5.5458942601140624e-05, -0.00010539879332395592, -5.5458942601141424e-05, -5.545894260114077e-05, 8.466448989197237e-05], [0.013501116425363986, 0.01975862987767448, 0.002424931438046054, 0.005535207495528506, 0.002424931438046083, 0.0055352074955284675, -0.0006116043715909195, 0.0008024868719834433, 0.002424931438046076, 0.005535207495528496, -0.0006116043715909456, 0.0008024868719834442, -0.0006116043715909364, 0.0008024868719834412, -0.0007202133585709165, -7.280763146117893e-05, 0.0024249314380460868, 0.005535207495528499, -0.0006116043715909252, 0.0008024868719834054, -0.0006116043715909326, 0.000802486871983436, -0.000720213358570926, -7.280763146118958e-05, -0.0006116043715909404, 0.0008024868719834347, -0.0007202133585709369, -7.280763146117652e-05, -0.000720213358570926, -7.28076314611786e-05, -0.00014311920285780343, 2.7659664175962774e-05, 0.0024249314380460725, 0.005535207495528505, -0.0006116043715909266, 0.0008024868719834324, -0.0006116043715909549, 0.0008024868719834339, -0.0007202133585709286, -7.280763146118023e-05, -0.0006116043715909288, 0.0008024868719834234, -0.0007202133585709206, -7.280763146118362e-05, -0.0007202133585709311, -7.280763146118313e-05, -0.00014311920285780074, 2.765966417596145e-05, -0.0006116043715909261, 0.0008024868719834189, -0.0007202133585709231, -7.28076314611829e-05, -0.0007202133585709294, -7.280763146118458e-05, -0.00014311920285780373, 2.7659664175962903e-05, -0.0007202133585709274, -7.280763146117072e-05, -0.0001431192028578041, 2.765966417595512e-05, -0.0001431192028578031, 2.7659664175955317e-05, 0.00013434235422359357, 0.0001266261464087325], [0.013501116425363977, 0.002424931438046054, 0.01975862987767444, 0.005535207495528474, 0.0024249314380460772, -0.000611604371590947, 0.005535207495528469, 0.0008024868719834401, 0.002424931438046093, -0.0006116043715909186, 0.005535207495528498, 0.0008024868719834199, -0.0006116043715909263, -0.0007202133585709361, 0.0008024868719834255, -7.28076314611791e-05, 0.002424931438046112, -0.0006116043715909209, 0.005535207495528461, 0.0008024868719834325, -0.0006116043715909319, -0.0007202133585709306, 0.0008024868719834328, -7.280763146118505e-05, -0.0006116043715909311, -0.0007202133585709295, 0.0008024868719834349, -7.280763146118377e-05, -0.0007202133585709424, -0.00014311920285780123, -7.280763146117684e-05, 2.7659664175962093e-05, 0.002424931438046078, -0.0006116043715909435, 0.005535207495528469, 0.0008024868719834367, -0.0006116043715909235, -0.0007202133585709288, 0.0008024868719834251, -7.280763146116894e-05, -0.0006116043715909405, -0.000720213358570928, 0.00080248687198343, -7.280763146117135e-05, -0.0007202133585709182, -0.0001431192028578104, -7.280763146118828e-05, 2.7659664175970482e-05, -0.0006116043715909312, -0.0007202133585709287, 0.0008024868719834238, -7.280763146117717e-05, -0.0007202133585709288, -0.00014311920285779798, -7.28076314611786e-05, 2.7659664175972976e-05, -0.0007202133585709252, -0.00014311920285780598, -7.280763146118064e-05, 2.765966417595883e-05, -0.0001431192028577961, 0.00013434235422359305, 2.765966417596354e-05, 0.0001266261464087318], [0.0038520649406760354, 0.005535207495528506, 0.005535207495528474, 0.008457965264913679, -0.000611604371590957, 2.6232393783902017e-05, 2.623238951572412e-05, 0.001242628396993348, -0.0006116043715909221, 2.6232385994961348e-05, 2.62323966438286e-05, 0.0012426283978199896, -0.00044410300453338875, -0.00047526486684943976, -0.0004752648704621973, -0.00010935054014444754, -0.0006116043715909234, 2.6232396107445247e-05, 2.6232390912934447e-05, 0.0012426283955982945, -0.0004441030047920097, -0.00047526487289654203, -0.0004752648706699498, -0.00010935054097634808, -0.00044410300479798395, -0.0004752648704817436, -0.00047526487156823293, -0.00010935054234933177, 0.0003633734434887505, 1.7880989976251334e-05, 1.788098761091797e-05, -2.0022878300884108e-05, -0.0006116043715909277, 2.6232394791719683e-05, 2.6232393605568717e-05, 0.001242628395731779, -0.00044410300581690436, -0.0004752648715682241, -0.00047526487048172976, -0.00010935054119245581, -0.00044410300515006473, -0.00047526487066994704, -0.0004752648728965486, -0.00010935053885679919, 0.0003633734433552575, 1.7880987504540994e-05, 1.788098680620829e-05, -2.002287830088879e-05, -0.00044410300927300603, -0.00047526487046219775, -0.0004752648668494476, -0.00010935053894896175, 0.00036337344557697387, 1.7880986834176297e-05, 1.788098840062277e-05, -2.0022878300882492e-05, 0.00036337344475031373, 1.78809863874605e-05, 1.7880987884665267e-05, -2.0022878300905555e-05, 0.00032934774129768216, 3.711669708550585e-05, 3.711669708550924e-05, 2.420141088276418e-06], [0.013501116425363988, 0.002424931438046083, 0.0024249314380460772, -0.000611604371590957, 0.019758629877674568, 0.005535207495528464, 0.005535207495528459, 0.0008024868719834427, 0.002424931438046061, -0.0006116043715909377, -0.0006116043715909407, -0.0007202133585709207, 0.00553520749552846, 0.0008024868719834349, 0.0008024868719834322, -7.280763146118943e-05, 0.0024249314380460855, -0.000611604371590925, -0.0006116043715909385, -0.0007202133585709229, 0.005535207495528482, 0.0008024868719834324, 0.00080248687198343, -7.280763146118167e-05, -0.0006116043715909389, -0.0007202133585709249, -0.0007202133585709298, -0.00014311920285781085, 0.0008024868719834346, -7.280763146118217e-05, -7.280763146118095e-05, 2.7659664175959948e-05, 0.002424931438046104, -0.0006116043715909351, -0.0006116043715909433, -0.0007202133585709196, 0.00553520749552846, 0.0008024868719834322, 0.0008024868719834307, -7.280763146118764e-05, -0.0006116043715909311, -0.000720213358570919, -0.0007202133585709281, -0.00014311920285780551, 0.0008024868719834311, -7.280763146118383e-05, -7.280763146117764e-05, 2.765966417595919e-05, -0.0006116043715909301, -0.0007202133585709267, -0.0007202133585709248, -0.0001431192028578052, 0.0008024868719834285, -7.280763146118572e-05, -7.28076314611807e-05, 2.765966417596374e-05, -0.0007202133585709316, -0.00014311920285780766, -0.00014311920285780855, 0.00013434235422358874, -7.280763146118424e-05, 2.7659664175959393e-05, 2.7659664175966087e-05, 0.0001266261464087354], [0.0038520649406760185, 0.0055352074955284675, -0.000611604371590947, 2.6232393783902017e-05, 0.005535207495528464, 0.008457965266319152, 2.623239682072565e-05, 0.0012426283939683555, -0.000611604371590935, 2.6232385318280638e-05, -0.0004441030021586547, -0.00047526486782032594, 2.623239083227866e-05, 0.001242628398854385,