{"r1": 0.8655555555555555, "r2": 0.8655555555555555, "theta": 143.22, "sequence": [[[0.11330815450122418, 0.08160245558793254], [0.08160245558793254, 0.05904874145938553]], [[0.018000021798450252, 0.020415347374400573, 0.020415347374400643, 0.004425112250079371], [0.020415347374400573, 0.06221424446235946, -0.0004893670036453148, -0.0001057355599417836], [0.020415347374400643, -0.0004893670036453148, 0.062214244462360124, -0.00010573555994184025], [0.004425112250079371, -0.0001057355599417836, -0.00010573555994184025, 0.004495678369754949]], [[0.001638797389619864, 0.002317853443105042, 0.002317853443105029, 0.000976741483372017, 0.0023178534431050344, 0.0009767414833719923, 0.0009767414833719565, -0.0005939682354093511], [0.002317853443105042, 0.008879976306901384, 0.002000781616444495, 0.003946333163032169, 0.002000781616444579, 0.003946333163032114, -0.0008009087235753326, -0.0012712704861085602], [0.002317853443105029, 0.002000781616444495, 0.008879976306901308, 0.003946333163032177, 0.0020007816164441844, -0.0008009087235751434, 0.003946333163032039, -0.0012712704861084485], [0.000976741483372017, 0.003946333163032169, 0.003946333163032177, 0.003544209571247957, -0.0008009087235751843, -0.00017843053318369203, -0.00017843053318333365, -0.00020833869076086663], [0.0023178534431050344, 0.002000781616444579, 0.0020007816164441844, -0.0008009087235751843, 0.008879976306901231, 0.003946333163032069, 0.003946333163032047, -0.00127127048610854], [0.0009767414833719923, 0.003946333163032114, -0.0008009087235751434, -0.00017843053318369203, 0.003946333163032069, 0.0035442095712477483, -0.00017843053318338962, -0.00020833869076151173], [0.0009767414833719565, -0.0008009087235753326, 0.003946333163032039, -0.00017843053318333365, 0.003946333163032047, -0.00017843053318338962, 0.003544209571247332, -0.00020833869076142383], [-0.0005939682354093511, -0.0012712704861085602, -0.0012712704861084485, -0.00020833869076086663, -0.00127127048610854, -0.00020833869076151173, -0.00020833869076142383, 0.0003238752205404855]], [[0.0002203667858739837, 0.0003303583636067046, 0.00033035836360672003, 0.0002453053661318236, 0.0003303583636067128, 0.00024530536613182974, 0.00024530536613183077, -4.3452517993853096e-05, 0.00033035836360670664, 0.0002453053661318287, 0.0002453053661318277, -4.345251799386513e-05, 0.0002453053661318328, -4.345251799385875e-05, -4.3452517993869996e-05, -8.37194575561287e-05], [0.0003303583636067046, 0.001656668087847762, 0.0004938286519162715, 0.0013657966245374789, 0.0004938286519162753, 0.0013657966245372948, 1.824069448445158e-06, 0.00012487272989617176, 0.0004938286519164145, 0.0013657966245375116, 1.8240694485256519e-06, 0.0001248727298961472, 1.8240694484706881e-06, 0.00012487272989610576, -6.691024004041911e-05, -0.00034513201786485185], [0.00033035836360672003, 0.0004938286519162715, 0.0016566680878476463, 0.0013657966245374646, 0.0004938286519162075, 1.8240694485211088e-06, 0.0013657966245374544, 0.00012487272989608934, 0.0004938286519163852, 1.8240694484145732e-06, 0.0013657966245374381, 0.0001248727298961262, 1.8240694484766387e-06, -6.691024004043357e-05, 0.00012487272989612723, -0.00034513201786493886], [0.0002453053661318236, 0.0013657966245374789, 0.0013657966245374646, 0.0038479530976932314, 1.82406944840971e-06, -5.704379900150919e-05, -5.704379900144782e-05, 5.4503597453655325e-05, 1.8240694484675526e-06, -5.704379900123552e-05, -5.7043799001311276e-05, 5.450359745361028e-05, -9.12260806615568e-06, -4.845525823466401e-05, -4.845525823470316e-05, -0.00013058699245842504], [0.0003303583636067128, 0.0004938286519162753, 0.0004938286519162075, 1.82406944840971e-06, 0.0016566680878478774, 0.001365796624537532, 0.0013657966245374214, 0.00012487272989626492, 0.000493828651916588, 1.8240694484835488e-06, 1.8240694484343443e-06, -6.691024004028189e-05, 0.001365796624537475, 0.000124872729896311, 0.0001248727298962112, -0.00034513201786485435], [0.00024530536613182974, 0.0013657966245372948, 1.8240694485211088e-06, -5.704379900150919e-05, 0.001365796624537532, 0.0038479530976933242, -5.70437990015049e-05, 5.450359745366762e-05, 1.82406944847875e-06, -5.7043799001311215e-05, -9.122608066074868e-06, -4.845525823468933e-05, -5.704379900135293e-05, 5.4503597453598e-05, -4.845525823475819e-05, -0.00013058699245842916], [0.00024530536613183077, 1.824069448445158e-06, 0.0013657966245374544, -5.704379900144782e-05, 0.0013657966245374214, -5.70437990015049e-05, 0.0038479530976930115, 5.4503597453663524e-05, 1.8240694484970501e-06, -9.122608066100142e-06, -5.704379900119496e-05, -4.8455258234735925e-05, -5.704379900126123e-05, -4.845525823469753e-05, 5.450359745360822e-05, -0.00013058699245843122], [-4.3452517993853096e-05, 0.00012487272989617176, 0.00012487272989608934, 5.4503597453655325e-05, 0.00012487272989626492, 5.450359745366762e-05, 5.4503597453663524e-05, 0.00019169152947716547, -6.691024004037528e-05, -4.8455258234734394e-05, -4.8455258234765876e-05, 4.249911518784572e-06, -4.8455258234792995e-05, 4.249911518921757e-06, 4.249911518708814e-06, -1.50959290144573e-05], [0.00033035836360670664, 0.0004938286519164145, 0.0004938286519163852, 1.8240694484675526e-06, 0.000493828651916588, 1.82406944847875e-06, 1.8240694484970501e-06, -6.691024004037528e-05, 0.0016566680878473217, 0.0013657966245374483, 0.0013657966245374726, 0.00012487272989616152, 0.001365796624537491, 0.0001248727298961559, 0.00012487272989616255, -0.00034513201786489625], [0.0002453053661318287, 0.0013657966245375116, 1.8240694484145732e-06, -5.704379900123552e-05, 1.8240694484835488e-06, -5.7043799001311215e-05, -9.122608066100142e-06, -4.8455258234734394e-05, 0.0013657966245374483, 0.003847953097692884, -5.7043799001439185e-05, 5.4503597453690135e-05, -5.704379900126701e-05, 5.4503597453640986e-05, -4.845525823476511e-05, -0.00013058699245843274], [0.0002453053661318277, 1.8240694485256519e-06, 0.0013657966245374381, -5.7043799001311276e-05, 1.8240694484343443e-06, -9.122608066074868e-06, -5.704379900119496e-05, -4.8455258234765876e-05, 0.0013657966245374726, -5.7043799001439185e-05, 0.003847953097692929, 5.450359745367171e-05, -5.704379900141371e-05, -4.845525823475077e-05, 5.450359745370038e-05, -0.00013058699245845477], [-4.345251799386513e-05, 0.0001248727298961472, 0.0001248727298961262, 5.450359745361028e-05, -6.691024004028189e-05, -4.845525823468933e-05, -4.8455258234735925e-05, 4.249911518784572e-06, 0.00012487272989616152, 5.4503597453690135e-05, 5.450359745367171e-05, 0.0001916915294775767, -4.8455258234703684e-05, 4.24991151858801e-06, 4.249911518882855e-06, -1.509592901438666e-05], [0.0002453053661318328, 1.8240694484706881e-06, 1.8240694484766387e-06, -9.12260806615568e-06, 0.001365796624537475, -5.704379900135293e-05, -5.704379900126123e-05, -4.8455258234792995e-05, 0.001365796624537491, -5.704379900126701e-05, -5.704379900141371e-05, -4.8455258234703684e-05, 0.003847953097693017, 5.450359745362667e-05, 5.450359745368604e-05, -0.00013058699245844193], [-4.345251799385875e-05, 0.00012487272989610576, -6.691024004043357e-05, -4.845525823466401e-05, 0.000124872729896311, 5.4503597453598e-05, -4.845525823469753e-05, 4.249911518921757e-06, 0.0001248727298961559, 5.4503597453640986e-05, -4.845525823475077e-05, 4.24991151858801e-06, 5.450359745362667e-05, 0.00019169152947756652, 4.249911518676565e-06, -1.5095929014371305e-05], [-4.3452517993869996e-05, -6.691024004041911e-05, 0.00012487272989612723, -4.845525823470316e-05, 0.0001248727298962112, -4.845525823475819e-05, 5.450359745360822e-05, 4.249911518708814e-06, 0.00012487272989616255, -4.845525823476511e-05, 5.450359745370038e-05, 4.249911518882855e-06, 5.450359745368604e-05, 4.249911518676565e-06, 0.00019169152947742758, -1.5095929014406623e-05], [-8.37194575561287e-05, -0.00034513201786485185, -0.00034513201786493886, -0.00013058699245842504, -0.00034513201786485435, -0.00013058699245842916, -0.00013058699245843122, -1.50959290144573e-05, -0.00034513201786489625, -0.00013058699245843274, -0.00013058699245845477, -1.509592901438666e-05, -0.00013058699245844193, -1.5095929014371305e-05, -1.5095929014406623e-05, 0.0001075198921004101]], [[2.4943783570778766e-05, 4.6879261279166925e-05, 4.687926127917344e-05, 4.908079124805479e-05, 4.687926127916792e-05, 4.908079124806232e-05, 4.908079124805756e-05, 1.522405605408973e-05, 4.687926127916892e-05, 4.908079124806081e-05, 4.908079124806031e-05, 1.5224056054095243e-05, 4.9080791248059306e-05, 1.5224056054096496e-05, 1.5224056054095243e-05, -3.171600720008924e-05, 4.6879261279169676e-05, 4.908079124806132e-05, 4.9080791248059814e-05, 1.5224056054094238e-05, 4.908079124806231e-05, 1.522405605409449e-05, 1.5224056054094992e-05, -3.171600720009121e-05, 4.908079124806081e-05, 1.52240560540985e-05, 1.5224056054092483e-05, -3.1716007200097045e-05, 1.522405605409048e-05, -3.1716007200089455e-05, -3.171600720009576e-05, 1.9577521361154917e-05], [4.6879261279166925e-05, 0.0002076771767098085, 8.13395015600842e-05, 0.000244177261866042, 8.133950155993035e-05, 0.00024417726186597437, 5.4721575525870315e-05, 9.539308743144111e-05, 8.133950156008458e-05, 0.00024417726186603097, 5.4721575525873554e-05, 9.539308743152236e-05, 5.4721575525926646e-05, 9.539308743145166e-05, -1.0028631515690644e-05, -6.076843754174194e-05, 8.1339501559873e-05, 0.00024417726186598635, 5.472157552595202e-05, 9.539308743146218e-05, 5.472157552587147e-05, 9.539308743148024e-05, -1.002863151569566e-05, -6.07684375417185e-05, 5.472157552590531e-05, 9.539308743145517e-05, -1.0028631515721731e-05, -6.076843754171598e-05, -1.0028631515749553e-05, -6.076843754171812e-05, 7.024546961067873e-06, -5.168382316566527e-06], [4.687926127917344e-05, 8.13395015600842e-05, 0.00020767717670977455, 0.0002441772618659954, 8.133950155993698e-05, 5.4721575525837315e-05, 0.00024417726186606756, 9.539308743148675e-05, 8.133950155989648e-05, 5.472157552591702e-05, 0.00024417726186595827, 9.539308743147974e-05, 5.472157552592204e-05, -1.0028631515724674e-05, 9.539308743147872e-05, -6.076843754168214e-05, 8.133950155998198e-05, 5.472157552592396e-05, 0.0002441772618660094, 9.539308743146868e-05, 5.472157552592419e-05, -1.002863151571841e-05, 9.539308743145867e-05, -6.076843754168579e-05, 5.472157552594297e-05, -1.0028631515703303e-05, 9.539308743152236e-05, -6.076843754167561e-05, -1.0028631515733072e-05, 7.024546961101589e-06, -6.0768437541710964e-05, -5.168382316525195e-06], [4.908079124805479e-05, 0.000244177261866042, 0.0002441772618659954, 0.0007564909197300636, 5.4721575525875465e-05, 0.00016939822027978028, 0.00016939822027978936, 0.00027277345446599725, 5.4721575525878284e-05, 0.00016939822027972444, 0.00016939822027967928, 0.0002727734544659792, -2.9815038416784756e-05, -1.4846720342105897e-05, -1.484672034207068e-05, -6.677750815062645e-05, 5.47215755259438e-05, 0.00016939822027982673, 0.00016939822027975328, 0.00027277345446602734, -2.981503841685923e-05, -1.4846720342074941e-05, -1.484672034209888e-05, -6.677750815062142e-05, -2.981503841667529e-05, -1.484672034208271e-05, -1.4846720342028439e-05, -6.677750815066755e-05, -2.729742406565899e-05, 6.868280394145087e-06, 6.868280394124845e-06, -6.495100072547371e-06], [4.687926127916792e-05, 8.133950155993035e-05, 8.133950155993698e-05, 5.4721575525875465e-05, 0.000207677176709956, 0.0002441772618659808, 0.0002441772618659447, 9.539308743148374e-05, 8.133950155997365e-05, 5.472157552595601e-05, 5.472157552595698e-05, -1.0028631515753065e-05, 0.0002441772618660109, 9.539308743145768e-05, 9.539308743148123e-05, -6.076843754171888e-05, 8.133950155993971e-05, 5.472157552590276e-05, 5.472157552591205e-05, -1.0028631515722856e-05, 0.0002441772618659748, 9.539308743151635e-05, 9.539308743148925e-05, -6.076843754167324e-05, 5.472157552587109e-05, -1.0028631515740153e-05, -1.0028631515778945e-05, 7.024546961132298e-06, 9.539308743145968e-05, -6.076843754170583e-05, -6.0768437541687904e-05, -5.168382316577808e-06], [4.908079124806232e-05, 0.00024417726186597437, 5.4721575525837315e-05, 0.00016939822027978028, 0.0002441772618659808, 0.0007564909197303019, 0.00016939822027974954, 0.00027277345446590504, 5.4721575525914266e-05, 0.0001693982202798232, -2.9815038416715987e-05, -1.4846720342038719e-05, 0.00016939822027980413, 0.00027277345446597513, -1.4846720342053005e-05, -6.677750815057681e-05, 5.472157552590927e-05, 0.00016939822027946074, -2.981503841665125e-05, -1.4846720342065285e-05, 0.00016939822027975924, 0.00027277345446599926, -1.484672034204636e-05, -6.677750815057407e-05, -2.981503841671544e-05, -1.4846720342108406e-05, -2.7297424065651585e-05, 6.868280394167021e-06, -1.4846720342028561e-05, -6.677750815060262e-05, 6.86828039417586e-06, -6.495100072565287e-06], [4.908079124805756e-05, 5.4721575525870315e-05, 0.00024417726186606756, 0.00016939822027978936, 0.0002441772618659447, 0.00016939822027974954, 0.0007564909197303244, 0.00027277345446595307, 5.472157552590304e-05, -2.981503841672951e-05, 0.00016939822027967232, -1.4846720342058768e-05, 0.0001693982202797761, -1.48467203420886e-05, 0.0002727734544659711, -6.677750815060238e-05, 5.47215755259248e-05, -2.9815038416745193e-05, 0.00016939822027961838, -1.4846720342068924e-05, 0.00016939822027989667, -1.4846720342024431e-05, 0.0002727734544659992, -6.677750815057705e-05, -2.981503841681101e-05, -2.7297424065654723e-05, -1.484672034212144e-05, 6.868280394140138e-06, -1.484672034205288e-05, 6.868280394137065e-06, -6.677750815062466e-05, -6.49510007252207e-06], [1.522405605408973e-05, 9.539308743144111e-05, 9.539308743148675e-05, 0.00027277345446599725, 9.539308743148374e-05, 0.00027277345446590504, 0.00027277345446595307, 0.0001819293517720765, -1.00286315157431e-05, -1.484672034211204e-05, -1.4846720342024428e-05, -1.645119984761141e-05, -1.4846720342082461e-05, -1.6451199847577813e-05, -1.6451199847694632e-05, -1.1529140047074256e-05, -1.0028631515735702e-05, -1.4846720342057765e-05, -1.4846720342086717e-05, -1.6451199847618925e-05, -1.4846720342036837e-05, -1.6451199847747277e-05, -1.6451199847598867e-05, -1.1529140046977491e-05, -2.729742406565823e-05, -9.919066674954978e-06, -9.919066674927248e-06, 3.0533372494161244e-06, -9.91906667491374e-06, 3.0533372493557724e-06, 3.053337249347626e-06, -5.657052198209953e-06], [4.687926127916892e-05, 8.133950156008458e-05, 8.133950155989648e-05, 5.4721575525878284e-05, 8.133950155997365e-05, 5.4721575525914266e-05, 5.472157552590304e-05, -1.00286315157431e-05, 0.00020767717670993333, 0.0002441772618659221, 0.0002441772618660079, 9.539308743145666e-05, 0.0002441772618659227, 9.539308743151732e-05, 9.539308743149126e-05, -6.076843754170358e-05, 8.133950155984528e-05, 5.47215755259564e-05, 5.4721575525936e-05, -1.0028631515743663e-05, 5.472157552595032e-05, -1.002863151574335e-05, -1.0028631515768732e-05, 7.024546961078216e-06, 0.0002441772618660029, 9.53930874314652e-05, 9.539308743147822e-05, -6.076843754171786e-05, 9.539308743149828e-05, -6.0768437541712095e-05, -6.076843754168302e-05, -5.168382316553459e-06], [4.908079124806081e-05, 0.00024417726186603097, 5.472157552591702e-05, 0.00016939822027972444, 5.472157552595601e-05, 0.0001693982202798232, -2.981503841672951e-05, -1.484672034211204e-05, 0.0002441772618659221, 0.0007564909197303019, 0.00016939822027982416, 0.00027277345446600327, 0.00016939822027965947, 0.00027277345446596516, -1.484672034207644e-05, -6.677750815062118e-05, 5.472157552588638e-05, 0.00016939822027966652, -2.9815038416765596e-05, -1.4846720342056391e-05, -2.9815038416819613e-05, -1.4846720342037961e-05, -2.7297424065706358e-05, 6.868280394161256e-06, 0.00016939822027981668, 0.00027277345446602734, -1.4846720342047489e-05, -6.677750815062619e-05, -1.4846720342078196e-05, -6.67775081506109e-05, 6.8682803941682756e-06, -6.495100072518012e-06], [4.908079124806031e-05, 5.4721575525873554e-05, 0.00024417726186595827, 0.00016939822027967928, 5.472157552595698e-05, -2.9815038416715987e-05, 0.00016939822027967232, -1.4846720342024428e-05, 0.0002441772618660079, 0.00016939822027982416, 0.0007564909197303927, 0.00027277345446593307, 0.00016939822027979735, -1.4846720342049744e-05, 0.000272773454465943, -6.677750815063198e-05, 5.4721575525959436e-05, -2.9815038416653415e-05, 0.00016939822027974049, -1.4846720342081956e-05, -2.981503841676068e-05, -2.7297424065661485e-05, -1.4846720342053506e-05, 6.868280394144084e-06, 0.00016939822027962716, -1.484672034208597e-05, 0.00027277345446592304, -6.67775081505768e-05, -1.4846720342030818e-05, 6.868280394186013e-06, -6.677750815062543e-05, -6.49510007252272e-06], [1.5224056054095243e-05, 9.539308743152236e-05, 9.539308743147974e-05, 0.0002727734544659792, -1.0028631515753065e-05, -1.4846720342038719e-05, -1.4846720342058768e-05, -1.645119984761141e-05, 9.539308743145666e-05, 0.00027277345446600327, 0.00027277345446593307, 0.00018192935177208645, -1.4846720342053755e-05, -1.645119984753971e-05, -1.6451199847516647e-05, -1.1529140047038659e-05, -1.0028631515740781e-05, -1.484672034209612e-05, -1.4846720342087476e-05, -1.6451199847670566e-05, -2.7297424065631534e-05, -9.919066674895634e-06, -9.91906667503661e-06, 3.0533372493558982e-06, -1.4846720342028063e-05, -1.645119984750662e-05, -1.645119984759987e-05, -1.1529140047022118e-05, -9.919066675131522e-06, 3.0533372493958197e-06, 3.053337249392122e-06, -5.657052198242661e-06], [4.9080791248059306e-05, 5.4721575525926646e-05, 5.472157552592204e-05, -2.9815038416784756e-05, 0.0002441772618660109, 0.00016939822027980413, 0.0001693982202797761, -1.4846720342082461e-05, 0.0002441772618659227, 0.00016939822027965947, 0.00016939822027979735, -1.4846720342053755e-05, 0.0007564909197306194, 0.0002727734544660273, 0.0002727734544659932, -6.677750815058807e-05, 5.4721575525931654e-05, -2.9815038416705738e-05, -2.9815038416892502e-05, -2.729742406564231e-05, 0.00016939822027965448, -1.4846720342091485e-05, -1.4846720342040342e-05, 6.868280394144021e-06, 0.00016939822027964876, -1.4846720342097875e-05, -1.4846720342088351e-05, 6.868280394151669e-06, 0.0002727734544659591, -6.677750815061391e-05, -6.677750815060513e-05, -6.495100072517792e-06], [1.5224056054096496e-05, 9.539308743145166e-05, -1.0028631515724674e-05, -1.4846720342105897e-05, 9.539308743145768e-05, 0.00027277345446597513, -1.48467203420886e-05, -1.6451199847577813e-05, 9.539308743151732e-05, 0.00027277345446596516, -1.4846720342049744e-05, -1.645119984753971e-05, 0.0002727734544660273, 0.0001819293517723289, -1.6451199847558765e-05, -1.152914004706398e-05, -1.0028631515743097e-05, -1.4846720342037961e-05, -2.7297424065678914e-05, -9.91906667512278e-06, -1.4846720342106525e-05, -1.6451199847691122e-05, -9.919066675083046e-06, 3.0533372494031512e-06, -1.48467203421148e-05, -1.645119984773123e-05, -9.91906667491741e-06, 3.0533372494051566e-06, -1.645119984760188e-05, -1.152914004705295e-05, 3.0533372493917464e-06, -5.6570521982164475e-06], [1.5224056054095243e-05, -1.0028631515690644e-05, 9.539308743147872e-05, -1.484672034207068e-05, 9.539308743148123e-05, -1.4846720342053005e-05, 0.0002727734544659711, -1.6451199847694632e-05, 9.539308743149126e-05, -1.484672034207644e-05, 0.000272773454465943, -1.6451199847516647e-05, 0.0002727734544659932, -1.6451199847558765e-05, 0.00018192935177232183, -1.1529140047095566e-05, -1.0028631515783209e-05, -2.7297424065676285e-05, -1.4846720342041097e-05, -9.919066674926715e-06, -1.4846720342032449e-05, -9.91906667501035e-06, -1.6451199847691126e-05, 3.0533372493476253e-06, -1.4846720342085343e-05, -9.919066675011977e-06, -1.645119984788365e-05, 3.0533372494087294e-06, -1.645119984747604e-05, 3.0533372494662615e-06, -1.1529140047035401e-05, -5.6570521982338785e-06], [-3.171600720008924e-05, -6.076843754174194e-05, -6.076843754168214e-05, -6.677750815062645e-05, -6.076843754171888e-05, -6.677750815057681e-05, -6.677750815060238e-05, -1.1529140047074256e-05, -6.076843754170358e-05, -6.677750815062118e-05, -6.677750815063198e-05, -1.1529140047038659e-05, -6.677750815058807e-05, -1.152914004706398e-05, -1.1529140047095566e-05, 1.9721755740219777e-05, 7.024546961133176e-06, 6.86828039412898e-06, 6.868280394148158e-06, 3.0533372494046564e-06, 6.868280394157684e-06, 3.05333724939112e-06, 3.053337249396446e-06, 3.4401225212547093e-06, 6.868280394136251e-06, 3.053337249413806e-06, 3.0533372494215763e-06, 3.44012252141596e-06, 3.053337249364547e-06, 3.440122521412733e-06, 3.440122521266899e-06, 2.7890934455063944e-06], [4.6879261279169676e-05, 8.1339501559873e-05, 8.133950155998198e-05, 5.47215755259438e-05, 8.133950155993971e-05, 5.472157552590927e-05, 5.47215755259248e-05, -1.0028631515735702e-05, 8.133950155984528e-05, 5.472157552588638e-05, 5.4721575525959436e-05, -1.0028631515740781e-05, 5.4721575525931654e-05, -1.0028631515743097e-05, -1.0028631515783209e-05, 7.024546961133176e-06, 0.00020767717671002413, 0.00024417726186599085, 0.00024417726186589864, 9.539308743148624e-05, 0.0002441772618659668, 9.539308743146418e-05, 9.53930874315073e-05, -6.076843754172162e-05, 0.00024417726186600744, 9.539308743146368e-05, 9.53930874314657e-05, -6.0768437541732404e-05, 9.539308743146219e-05, -6.076843754171347e-05, -6.076843754171687e-05, -5.1683823165552455e-06], [4.908079124806132e-05, 0.00024417726186598635, 5.472157552592396e-05, 0.00016939822027982673, 5.472157552590276e-05, 0.00016939822027946074, -2.9815038416745193e-05, -1.4846720342057765e-05, 5.47215755259564e-05, 0.00016939822027966652, -2.9815038416653415e-05, -1.484672034209612e-05, -2.9815038416705738e-05, -1.4846720342037961e-05, -2.7297424065676285e-05, 6.86828039412898e-06, 0.00024417726186599085, 0.0007564909197304607, 0.00016939822027973772, 0.0002727734544659631, 0.00016939822027980164, 0.000272773454465907, -1.484672034207043e-05, -6.677750815061917e-05, 0.00016939822027973493, 0.0002727734544660153, -1.4846720342067421e-05, -6.677750815060764e-05, -1.4846720342038968e-05, -6.677750815060588e-05, 6.868280394166394e-06, -6.495100072513891e-06], [4.9080791248059814e-05, 5.472157552595202e-05, 0.0002441772618660094, 0.00016939822027975328, 5.472157552591205e-05, -2.981503841665125e-05, 0.00016939822027961838, -1.4846720342086717e-05, 5.4721575525936e-05, -2.9815038416765596e-05, 0.00016939822027974049, -1.4846720342087476e-05, -2.9815038416892502e-05, -2.7297424065678914e-05, -1.4846720342041097e-05, 6.868280394148158e-06, 0.00024417726186589864, 0.00016939822027973772, 0.0007564909197305402, 0.00027277345446602327, 0.00016939822027971793, -1.4846720342061778e-05, 0.0002727734544659471, -6.677750815059836e-05, 0.00016939822027979668, -1.484672034208008e-05, 0.0002727734544659992, -6.677750815062294e-05, -1.484672034209324e-05, 6.868280394159691e-06, -6.677750815061164e-05, -6.495100072516938e-06], [1.5224056054094238e-05, 9.539308743146218e-05, 9.539308743146868e-05, 0.00027277345446602734, -1.0028631515722856e-05, -1.4846720342065285e-05, -1.4846720342068924e-05, -1.6451199847618925e-05, -1.0028631515743663e-05, -1.4846720342056391e-05, -1.4846720342081956e-05, -1.6451199847670566e-05, -2.729742406564231e-05, -9.91906667512278e-06, -9.919066674926715e-06, 3.0533372494046564e-06, 9.539308743148624e-05, 0.0002727734544659631, 0.00027277345446602327, 0.00018192935177234026, -1.4846720342099382e-05, -1.6451199847663546e-05, -1.6451199847642492e-05, -1.1529140047033897e-05, -1.4846720342058395e-05, -1.6451199847594862e-05, -1.64511998475352e-05, -1.1529140047049687e-05, -9.919066675029433e-06, 3.0533372494226427e-06, 3.053337249345871e-06, -5.6570521982317084e-06], [4.908079124806231e-05, 5.472157552587147e-05, 5.472157552592419e-05, -2.981503841685923e-05, 0.0002441772618659748, 0.00016939822027975924, 0.00016939822027989667, -1.4846720342036837e-05, 5.472157552595032e-05, -2.9815038416819613e-05, -2.981503841676068e-05, -2.7297424065631534e-05, 0.00016939822027965448, -1.4846720342106525e-05, -1.4846720342032449e-05, 6.868280394157684e-06, 0.0002441772618659668, 0.00016939822027980164, 0.00016939822027971793, -1.4846720342099382e-05, 0.0007564909197304607, 0.00027277345446598115, 0.0002727734544660073, -6.677750815062267e-05, 0.00016939822027971845, -1.4846720342052254e-05, -1.4846720342103395e-05, 6.8682803941657065e-06, 0.0002727734544659731, -6.677750815062394e-05, -6.677750815060989e-05, -6.495100072533067e-06], [1.522405605409449e-05, 9.539308743148024e-05, -1.002863151571841e-05, -1.4846720342074941e-05, 9.539308743151635e-05, 0.00027277345446599926, -1.4846720342024431e-05, -1.6451199847747277e-05, -1.002863151574335e-05, -1.4846720342037961e-05, -2.7297424065661485e-05, -9.919066674895634e-06, -1.4846720342091485e-05, -1.6451199847691122e-05, -9.91906667501035e-06, 3.05333724939112e-06, 9.539308743146418e-05, 0.000272773454465907, -1.4846720342061778e-05, -1.6451199847663546e-05, 0.00027277345446598115, 0.00018192935177224808, -1.6451199847453472e-05, -1.1529140047062472e-05, -1.4846720342064662e-05, -1.6451199847708165e-05, -9.919066674955448e-06, 3.0533372494166263e-06, -1.6451199847587845e-05, -1.1529140047067738e-05, 3.053337249394127e-06, -5.657052198227862e-06], [1.5224056054094992e-05, -1.002863151569566e-05, 9.539308743145867e-05, -1.484672034209888e-05, 9.539308743148925e-05, -1.484672034204636e-05, 0.0002727734544659992, -1.6451199847598867e-05, -1.0028631515768732e-05, -2.7297424065706358e-05, -1.4846720342053506e-05, -9.91906667503661e-06, -1.4846720342040342e-05, -9.919066675083046e-06, -1.6451199847691126e-05, 3.053337249396446e-06, 9.53930874315073e-05, -1.484672034207043e-05, 0.0002727734544659471, -1.6451199847642492e-05, 0.0002727734544660073, -1.6451199847453472e-05, 0.00018192935177219137, -1.1529140047062472e-05, -1.4846720342074689e-05, -9.919066675012855e-06, -1.645119984759085e-05, 3.0533372493614755e-06, -1.6451199847580818e-05, 3.0533372493967595e-06, -1.1529140047014845e-05, -5.657052198213204e-06], [-3.171600720009121e-05, -6.07684375417185e-05, -6.076843754168579e-05, -6.677750815062142e-05, -6.076843754167324e-05, -6.677750815057407e-05, -6.677750815057705e-05, -1.1529140046977491e-05, 7.024546961078216e-06, 6.868280394161256e-06, 6.868280394144084e-06, 3.0533372493558982e-06, 6.868280394144021e-06, 3.0533372494031512e-06, 3.0533372493476253e-06, 3.4401225212547093e-06, -6.076843754172162e-05, -6.677750815061917e-05, -6.677750815059836e-05, -1.1529140047033897e-05, -6.677750815062267e-05, -1.1529140047062472e-05, -1.1529140047062472e-05, 1.9721755740109612e-05, 6.868280394147218e-06, 3.053337249370563e-06, 3.0533372493793373e-06, 3.4401225213823064e-06, 3.0533372494497783e-06, 3.4401225212877373e-06, 3.4401225214517766e-06, 2.78909344547956e-06], [4.908079124806081e-05, 5.472157552590531e-05, 5.472157552594297e-05, -2.981503841667529e-05, 5.472157552587109e-05, -2.981503841671544e-05, -2.981503841681101e-05, -2.729742406565823e-05, 0.0002441772618660029, 0.00016939822027981668, 0.00016939822027962716, -1.4846720342028063e-05, 0.00016939822027964876, -1.48467203421148e-05, -1.4846720342085343e-05, 6.868280394136251e-06, 0.00024417726186600744, 0.00016939822027973493, 0.00016939822027979668, -1.4846720342058395e-05, 0.00016939822027971845, -1.4846720342064662e-05, -1.4846720342074689e-05, 6.868280394147218e-06, 0.0007564909197302905, 0.0002727734544660073, 0.00027277345446602127, -6.677750815059035e-05, 0.00027277345446594103, -6.677750815058609e-05, -6.67775081506277e-05, -6.495100072521677e-06], [1.52240560540985e-05, 9.539308743145517e-05, -1.0028631515703303e-05, -1.484672034208271e-05, -1.0028631515740153e-05, -1.4846720342108406e-05, -2.7297424065654723e-05, -9.919066674954978e-06, 9.53930874314652e-05, 0.00027277345446602734, -1.484672034208597e-05, -1.645119984750662e-05, -1.4846720342097875e-05, -1.645119984773123e-05, -9.919066675011977e-06, 3.053337249413806e-06, 9.539308743146368e-05, 0.0002727734544660153, -1.484672034208008e-05, -1.6451199847594862e-05, -1.4846720342052254e-05, -1.6451199847708165e-05, -9.919066675012855e-06, 3.053337249370563e-06, 0.0002727734544660073, 0.0001819293517723757, -1.6451199847675076e-05, -1.1529140047084536e-05, -1.645119984755024e-05, -1.1529140047018105e-05, 3.0533372494133677e-06, -5.657052198227408e-06], [1.5224056054092483e-05, -1.0028631515721731e-05, 9.539308743152236e-05, -1.4846720342028439e-05, -1.0028631515778945e-05, -2.7297424065651585e-05, -1.484672034212144e-05, -9.919066674927248e-06, 9.539308743147822e-05, -1.4846720342047489e-05, 0.00027277345446592304, -1.645119984759987e-05, -1.4846720342088351e-05, -9.91906667491741e-06, -1.645119984788365e-05, 3.0533372494215763e-06, 9.53930874314657e-05, -1.4846720342067421e-05, 0.0002727734544659992, -1.64511998475352e-05, -1.4846720342103395e-05, -9.919066674955448e-06, -1.645119984759085e-05, 3.0533372493793373e-06, 0.00027277345446602127, -1.6451199847675076e-05, 0.00018192935177224103, -1.152914004706423e-05, -1.6451199847659037e-05, 3.0533372494006444e-06, -1.152914004702713e-05, -5.657052198232178e-06], [-3.1716007200097045e-05, -6.076843754171598e-05, -6.076843754167561e-05, -6.677750815066755e-05, 7.024546961132298e-06, 6.868280394167021e-06, 6.868280394140138e-06, 3.0533372494161244e-06, -6.076843754171786e-05, -6.677750815062619e-05, -6.67775081505768e-05, -1.1529140047022118e-05, 6.868280394151669e-06, 3.0533372494051566e-06, 3.0533372494087294e-06, 3.44012252141596e-06, -6.0768437541732404e-05, -6.677750815060764e-05, -6.677750815062294e-05, -1.1529140047049687e-05, 6.8682803941657065e-06, 3.0533372494166263e-06, 3.0533372493614755e-06, 3.4401225213823064e-06, -6.677750815059035e-05, -1.1529140047084536e-05, -1.152914004706423e-05, 1.9721755740121175e-05, 3.053337249357904e-06, 3.440122521303185e-06, 3.440122521268748e-06, 2.78909344544499e-06], [1.522405605409048e-05, -1.0028631515749553e-05, -1.0028631515733072e-05, -2.729742406565899e-05, 9.539308743145968e-05, -1.4846720342028561e-05, -1.484672034205288e-05, -9.91906667491374e-06, 9.539308743149828e-05, -1.4846720342078196e-05, -1.4846720342030818e-05, -9.919066675131522e-06, 0.0002727734544659591, -1.645119984760188e-05, -1.645119984747604e-05, 3.053337249364547e-06, 9.539308743146219e-05, -1.4846720342038968e-05, -1.484672034209324e-05, -9.919066675029433e-06, 0.0002727734544659731, -1.6451199847587845e-05, -1.6451199847580818e-05, 3.0533372494497783e-06, 0.00027277345446594103, -1.645119984755024e-05, -1.6451199847659037e-05, 3.053337249357904e-06, 0.0001819293517721375, -1.1529140047050443e-05, -1.1529140047025625e-05, -5.657052198231873e-06], [-3.1716007200089455e-05, -6.076843754171812e-05, 7.024546961101589e-06, 6.868280394145087e-06, -6.076843754170583e-05, -6.677750815060262e-05, 6.868280394137065e-06, 3.0533372493557724e-06, -6.0768437541712095e-05, -6.67775081506109e-05, 6.868280394186013e-06, 3.0533372493958197e-06, -6.677750815061391e-05, -1.152914004705295e-05, 3.0533372494662615e-06, 3.440122521412733e-06, -6.076843754171347e-05, -6.677750815060588e-05, 6.868280394159691e-06, 3.0533372494226427e-06, -6.677750815062394e-05, -1.1529140047067738e-05, 3.0533372493967595e-06, 3.4401225212877373e-06, -6.677750815058609e-05, -1.1529140047018105e-05, 3.0533372494006444e-06, 3.440122521303185e-06, -1.1529140047050443e-05, 1.972175574011218e-05, 3.440122521565931e-06, 2.789093445507636e-06], [-3.171600720009576e-05, 7.024546961067873e-06, -6.0768437541710964e-05, 6.868280394124845e-06, -6.0768437541687904e-05, 6.86828039417586e-06, -6.677750815062466e-05, 3.053337249347626e-06, -6.076843754168302e-05, 6.8682803941682756e-06, -6.677750815062543e-05, 3.053337249392122e-06, -6.677750815060513e-05, 3.0533372493917464e-06, -1.1529140047035401e-05, 3.440122521266899e-06, -6.076843754171687e-05, 6.868280394166394e-06, -6.677750815061164e-05, 3.053337249345871e-06, -6.677750815060989e-05, 3.053337249394127e-06, -1.1529140047014845e-05, 3.4401225214517766e-06, -6.67775081506277e-05, 3.0533372494133677e-06, -1.152914004702713e-05, 3.440122521268748e-06, -1.1529140047025625e-05, 3.440122521565931e-06, 1.972175573997277e-05, 2.7890934454554945e-06], [1.9577521361154917e-05, -5.168382316566527e-06, -5.168382316525195e-06, -6.495100072547371e-06, -5.168382316577808e-06, -6.495100072565287e-06, -6.49510007252207e-06, -5.657052198209953e-06, -5.168382316553459e-06, -6.495100072518012e-06, -6.49510007252272e-06, -5.657052198242661e-06, -6.495100072517792e-06, -5.6570521982164475e-06, -5.6570521982338785e-06, 2.7890934455063944e-06, -5.1683823165552455e-06, -6.495100072513891e-06, -6.495100072516938e-06, -5.6570521982317084e-06, -6.495100072533067e-06, -5.657052198227862e-06, -5.657052198213204e-06, 2.78909344547956e-06, -6.495100072521677e-06, -5.657052198227408e-06, -5.657052198232178e-06, 2.78909344544499e-06, -5.657052198231873e-06, 2.789093445507636e-06, 2.7890934454554945e-06, -2.1067629291355845e-06]], [[1.2508614875398884e-05, 7.455433612610596e-06, 7.455433612598436e-06, 9.214831594609328e-06, 7.4554336126163064e-06, 9.21483159459971e-06, 9.214831594600163e-06, 5.9331758251509685e-06, 7.455433612613763e-06, 9.214831594600051e-06, 9.214831594599599e-06, 5.933175825151648e-06, 9.214831594601295e-06, 5.933175825151987e-06, 5.933175825153117e-06, -1.5795392468001272e-07, 7.4554336126140466e-06, 9.21483159459858e-06, 9.214831594598918e-06, 5.933175825152666e-06, 9.214831594599484e-06, 5.933175825152213e-06, 5.933175825152325e-06, -1.5795392468261425e-07, 9.21483159460412e-06, 5.933175825152099e-06, 5.933175825152666e-06, -1.5795392468049343e-07, 5.9331758251517604e-06, -1.5795392467978648e-07, -1.5795392468298186e-07, -6.7566461203079814e-06, 7.455433612611218e-06, 9.214831594603216e-06, 9.214831594597449e-06, 5.933175825153231e-06, 9.214831594606834e-06, 5.933175825151082e-06, 5.933175825151987e-06, -1.57953924677496e-07, 9.214831594598806e-06, 5.9331758251521e-06, 5.9331758251525516e-06, -1.5795392468046514e-07, 5.933175825152666e-06, -1.5795392467930576e-07, -1.579539246773546e-07, -6.756646120296614e-06, 9.2148315946005e-06, 5.933175825151422e-06, 5.9331758251521e-06, -1.57953924683915e-07, 5.9331758251525516e-06, -1.5795392467789188e-07, -1.5795392467890988e-07, -6.7566461203034574e-06, 5.9331758251509685e-06, -1.5795392468210523e-07, -1.5795392468105896e-07, -6.756646120303061e-06, -1.5795392467978648e-07, -6.756646120301816e-06, -6.756646120298648e-06, 8.127304711654399e-06], [7.455433612610596e-06, 3.8592719885902814e-05, 1.355612807864779e-05, 4.2429427225401604e-05, 1.3556128078920357e-05, 4.242942722540908e-05, 1.3758434132027734e-05, 2.392103394852572e-05, 1.3556128078640862e-05, 4.242942722541563e-05, 1.3758434132091815e-05, 2.3921033948506265e-05, 1.375843413201791e-05, 2.3921033948532286e-05, 4.0750983564178106e-06, 4.4093774440800484e-06, 1.355612807863784e-05, 4.24294272253722e-05, 1.3758434132021284e-05, 2.392103394853975e-05, 1.3758434132051118e-05, 2.3921033948504232e-05, 4.075098356364191e-06, 4.40937744407428e-06, 1.3758434132030298e-05, 2.392103394852595e-05, 4.0750983563655495e-06, 4.409377444100806e-06, 4.0750983563619335e-06, 4.409377444089041e-06, -8.622234754376014e-07, -1.1692247953543656e-05, 1.3556128078638204e-05, 4.242942722539166e-05, 1.3758434132047561e-05, 2.3921033948494952e-05, 1.3758434132028733e-05, 2.392103394852685e-05, 4.075098356367121e-06, 4.409377444079145e-06, 1.3758434132056406e-05, 2.3921033948526624e-05, 4.075098356353081e-06, 4.409377444092548e-06, 4.075098356343894e-06, 4.4093774440887026e-06, -8.622234754521643e-07, -1.1692247953549537e-05, 1.3758434132007552e-05, 2.3921033948490652e-05, 4.0750983563557375e-06, 4.409377444085761e-06, 4.0750983563492754e-06, 4.409377444078125e-06, -8.622234754473856e-07, -1.1692247953543656e-05, 4.075098356358902e-06, 4.40937744411913e-06, -8.622234754510048e-07, -1.1692247953541394e-05, -8.622234754613545e-07, -1.1692247953546824e-05, -4.321787224832668e-07, 3.7792075032564303e-06], [7.455433612598436e-06, 1.355612807864779e-05, 3.859271988623042e-05, 4.242942722540704e-05, 1.3556128078593977e-05, 1.3758434132062464e-05, 4.2429427225386005e-05, 2.3921033948485e-05, 1.3556128078719106e-05, 1.3758434132096374e-05, 4.2429427225427964e-05, 2.3921033948523683e-05, 1.3758434132049016e-05, 4.075098356352918e-06, 2.3921033948526844e-05, 4.409377444078579e-06, 1.3556128078744588e-05, 1.3758434132045501e-05, 4.2429427225391996e-05, 2.3921033948517124e-05, 1.375843413205488e-05, 4.0750983563827426e-06, 2.3921033948495176e-05, 4.409377444060877e-06, 1.3758434132058793e-05, 4.075098356377288e-06, 2.392103394849156e-05, 4.409377444053356e-06, 4.075098356368791e-06, -8.622234754685652e-07, 4.409377444091472e-06, -1.1692247953555646e-05, 1.3556128078598871e-05, 1.3758434132054256e-05, 4.242942722539686e-05, 2.392103394850943e-05, 1.375843413204247e-05, 4.0750983563649125e-06, 2.392103394851848e-05, 4.4093774440959405e-06, 1.3758434132037869e-05, 4.075098356360372e-06, 2.392103394851938e-05, 4.409377444075581e-06, 4.075098356387399e-06, -8.622234754748712e-07, 4.409377444073602e-06, -1.1692247953579341e-05, 1.375843413206812e-05, 4.0750983563804556e-06, 2.3921033948504452e-05, 4.409377444060028e-06, 4.075098356375933e-06, -8.622234754678303e-07, 4.40937744407592e-06, -1.16922479535626e-05, 4.075098356376844e-06, -8.622234754752387e-07, 4.409377444071905e-06, -1.1692247953595685e-05, -8.622234754571414e-07, -4.3217872253764476e-07, -1.1692247953589409e-05, 3.7792075031892432e-06], [9.214831594609328e-06, 4.2429427225401604e-05, 4.242942722540704e-05, 0.00013887602988210242, 1.3758434132041354e-05, 4.9691056031824846e-05, 4.9691067321483555e-05, 7.494830778508197e-05, 1.3758434132080151e-05, 4.969107523847384e-05, 4.969104843095021e-05, 7.494831051297407e-05, 2.5118456909825583e-07, 1.5337379285742288e-05, 1.5337383450098936e-05, 1.8375999860090003e-05, 1.3758434132052813e-05, 4.969105282064737e-05, 4.969108276084718e-05, 7.494831380285982e-05, 2.5116738119090267e-07, 1.5337391532022213e-05, 1.5337384289012432e-05, 1.8376008052817878e-05, 2.511865253619911e-07, 1.5337383487643864e-05, 1.533739620955487e-05, 1.8376008294973454e-05, -9.84005153331553e-06, 1.1064015274260705e-06, 1.1064010011591656e-06, -2.3167417539182808e-05, 1.3758434132074142e-05, 4.969106884175847e-05, 4.969105441970297e-05, 7.494831222349866e-05, 2.511928432671488e-07, 1.5337396209535828e-05, 1.5337383487613225e-05, 1.837600701682354e-05, 2.5117338304433914e-07, 1.5337384289024334e-05, 1.533739153203386e-05, 1.8376010511576413e-05, -9.840049953979483e-06, 1.106395655093396e-06, 1.106405692900812e-06, -2.3167417539220362e-05, 2.5117865877178863e-07, 1.533738345007142e-05, 1.5337379285729257e-05, 1.8376002001366786e-05, -9.840053243859685e-06, 1.1064078080679565e-06, 1.106393857394488e-06, -2.3167417539239478e-05, -9.840055971705903e-06, 1.1063967447451558e-06, 1.106401183811661e-06, -2.3167417539213806e-05, -2.132357295406921e-05, 3.7571256106441096e-06, 3.757125610644251e-06, 1.016626396753447e-05], [7.4554336126163064e-06, 1.3556128078920357e-05, 1.3556128078593977e-05, 1.3758434132041354e-05, 3.859271988607684e-05, 4.2429427225448435e-05, 4.242942722537775e-05, 2.3921033948497442e-05, 1.3556128078686505e-05, 1.3758434132040226e-05, 1.3758434132075911e-05, 4.075098356378443e-06, 4.242942722540342e-05, 2.3921033948515538e-05, 2.3921033948514857e-05, 4.409377444094469e-06, 1.3556128078638488e-05, 1.3758434132053289e-05, 1.3758434132038386e-05, 4.075098356375454e-06, 4.2429427225389394e-05, 2.3921033948524134e-05, 2.392103394850943e-05, 4.409377444114321e-06, 1.3758434132064471e-05, 4.075098356374712e-06, 4.0750983563647905e-06, -8.62223475439185e-07, 2.3921033948505133e-05, 4.4093774441025016e-06, 4.409377444106121e-06, -1.1692247953539529e-05, 1.355612807883694e-05, 1.3758434132053285e-05, 1.3758434132076145e-05, 4.075098356359313e-06, 4.242942722538769e-05, 2.392103394852391e-05, 2.392103394851667e-05, 4.4093774441022746e-06, 1.3758434132062943e-05, 4.07509835639173e-06, 4.075098356375111e-06, -8.622234754459713e-07, 2.3921033948516443e-05, 4.4093774441033495e-06, 4.409377444122408e-06, -1.1692247953540035e-05, 1.375843413209006e-05, 4.075098356369061e-06, 4.0750983563862315e-06, -8.622234754249614e-07, 2.3921033948523002e-05, 4.40937744409187e-06, 4.409377444093339e-06, -1.1692247953531779e-05,