{"r1": 0.8655555555555555, "r2": 0.8655555555555555, "theta": 35.88, "sequence": [[[0.6967641390548315, 0.11021644090237195], [0.11021644090237195, 0.015916316517143123]], [[0.5053764310003673, 0.08152449055288966, 0.08152449055288927, 0.0020106974795265574], [0.08152449055288966, 0.04447707654528221, -0.018181541806993273, -0.0004393597906006939], [0.08152449055288927, -0.018181541806993273, 0.044477076545283496, -0.0004393597906005946], [0.0020106974795265574, -0.0004393597906006939, -0.0004393597906005946, 0.0044835128175486445]], [[0.3772849462546493, 0.06206948312011802, 0.06206948312011786, 0.0018819928269770856, 0.06206948312011802, 0.0018819928269770653, 0.0018819928269770774, -0.0024617994875497685], [0.06206948312011802, 0.040372877431172544, -0.004568582221283786, 0.0024489577435861873, -0.0045685824947523145, 0.002448957511260845, -0.004721289330417889, -0.00011748660054177219], [0.06206948312011786, -0.004568582221283786, 0.04037287737194479, 0.002448957467090115, -0.004568582435524695, -0.004721289053921481, 0.0024489575112610303, -0.00011748660054188431], [0.0018819928269770856, 0.0024489577435861873, 0.002448957467090115, 0.0010589778851610818, -0.00472128928624705, 0.0004107911946783116, 0.00041079102870413307, 0.0004962995389490532], [0.06206948312011802, -0.0045685824947523145, -0.004568582435524695, -0.00472128928624705, 0.04037287764541321, 0.002448957467089843, 0.0024489577435860784, -0.00011748660054188641], [0.0018819928269770653, 0.002448957511260845, -0.004721289053921481, 0.0004107911946783116, 0.002448957467089843, 0.0010589774409393504, 0.00041079147292582137, 0.0004962995389488101], [0.0018819928269770774, -0.004721289330417889, 0.0024489575112610303, 0.00041079102870413307, 0.0024489577435860784, 0.00041079147292582137, 0.0010589776069135869, 0.0004962995389491035], [-0.0024617994875497685, -0.00011748660054177219, -0.00011748660054188431, 0.0004962995389490532, -0.00011748660054188641, 0.0004962995389488101, 0.0004962995389491035, -0.0001494296708675226]], [[0.28681736203532376, 0.04781405206726459, 0.04781405206726452, 0.002296158777919378, 0.04781405206726461, 0.002296158777919403, 0.0022961587779193686, -0.001435619582741509, 0.04781405206726464, 0.0022961587779193344, 0.002296158777919374, -0.0014356195827415629, 0.0022961587779193543, -0.0014356195827415431, -0.001435619582741475, -0.0008985678798761737], [0.04781405206726459, 0.03177670632521336, 0.00032754559248690925, 0.0027850394821959295, 0.0003275455924868957, 0.0027850394821959095, -0.0023004401707923073, -0.00012549590447374188, 0.000327545592486861, 0.002785039482196031, -0.002300440170792273, -0.00012549590447377842, -0.0023004401707923065, -0.00012549590447380034, -0.00020252679293575023, -7.303855105811872e-05], [0.04781405206726452, 0.00032754559248690925, 0.03177670632521508, 0.0027850394821959776, 0.00032754559248617335, -0.0023004401707920536, 0.002785039482195861, -0.00012549590447385884, 0.0003275455924859435, -0.0023004401707921317, 0.0027850394821958948, -0.0001254959044738856, -0.0023004401707921807, -0.0002025267929357411, -0.00012549590447380522, -7.303855105818202e-05], [0.002296158777919378, 0.0027850394821959295, 0.0027850394821959776, 0.0023295698266610388, -0.0023004401707923073, -0.00041560975428756107, -0.00041560975428651644, 0.00017685915180644176, -0.0023004401707922436, -0.0004156097542876853, -0.00041560975428668443, 0.00017685915180643688, 0.0007198455283988039, 0.00019539593788371322, 0.00019539593788371802, 9.702912485448153e-05], [0.04781405206726461, 0.0003275455924868957, 0.00032754559248617335, -0.0023004401707923073, 0.031776706325213844, 0.0027850394821958956, 0.002785039482195924, -0.00012549590447385637, 0.000327545592487331, -0.002300440170792278, -0.0023004401707922588, -0.00020252679293570458, 0.0027850394821959685, -0.0001254959044738296, -0.0001254959044737906, -7.303855105837805e-05], [0.002296158777919403, 0.0027850394821959095, -0.0023004401707920536, -0.00041560975428756107, 0.0027850394821958956, 0.0023295698266600335, -0.0004156097542869523, 0.00017685915180614957, -0.002300440170792273, -0.0004156097542864994, 0.0007198455283990086, 0.00019539593788389824, -0.00041560975428661374, 0.0001768591518063639, 0.0001953959378838301, 9.70291248545911e-05], [0.0022961587779193686, -0.0023004401707923073, 0.002785039482195861, -0.00041560975428651644, 0.002785039482195924, -0.0004156097542869523, 0.0023295698266592064, 0.00017685915180623481, -0.0023004401707922583, 0.0007198455283996442, -0.00041560975428640444, 0.00019539593788382763, -0.000415609754287544, 0.00019539593788391046, 0.00017685915180619833, 9.702912485455218e-05], [-0.001435619582741509, -0.00012549590447374188, -0.00012549590447385884, 0.00017685915180644176, -0.00012549590447385637, 0.00017685915180614957, 0.00017685915180623481, 0.00011924029469370298, -0.00020252679293573556, 0.00019539593788390317, 0.00019539593788389095, -2.953518375311374e-05, 0.00019539593788371078, -2.953518375422905e-05, -2.953518375346866e-05, -1.5461833271011842e-05], [0.04781405206726464, 0.000327545592486861, 0.0003275455924859435, -0.0023004401707922436, 0.000327545592487331, -0.002300440170792273, -0.0023004401707922583, -0.00020252679293573556, 0.03177670632521407, 0.002785039482195919, 0.0027850394821959923, -0.00012549590447386854, 0.0027850394821959832, -0.00012549590447380278, -0.00012549590447381983, -7.303855105817594e-05], [0.0022961587779193344, 0.002785039482196031, -0.0023004401707921317, -0.0004156097542876853, -0.002300440170792278, -0.0004156097542864994, 0.0007198455283996442, 0.00019539593788390317, 0.002785039482195919, 0.002329569826659385, -0.00041560975428690843, 0.00017685915180628593, -0.00041560975428669164, 0.00017685915180620316, 0.0001953959378838642, 9.702912485451564e-05], [0.002296158777919374, -0.002300440170792273, 0.0027850394821958948, -0.00041560975428668443, -0.0023004401707922588, 0.0007198455283990086, -0.00041560975428640444, 0.00019539593788389095, 0.0027850394821959923, -0.00041560975428690843, 0.002329569826659413, 0.00017685915180623235, -0.00041560975428731517, 0.0001953959378837619, 0.00017685915180626154, 9.70291248545059e-05], [-0.0014356195827415629, -0.00012549590447377842, -0.0001254959044738856, 0.00017685915180643688, -0.00020252679293570458, 0.00019539593788389824, 0.00019539593788382763, -2.953518375311374e-05, -0.00012549590447386854, 0.00017685915180628593, 0.00017685915180623235, 0.00011924029469337238, 0.00019539593788367915, -2.9535183754185215e-05, -2.953518375312226e-05, -1.546183327105081e-05], [0.0022961587779193543, -0.0023004401707923065, -0.0023004401707921807, 0.0007198455283988039, 0.0027850394821959685, -0.00041560975428661374, -0.000415609754287544, 0.00019539593788371078, 0.0027850394821959832, -0.00041560975428669164, -0.00041560975428731517, 0.00019539593788367915, 0.0023295698266605986, 0.00017685915180629323, 0.00017685915180633467, 9.702912485463009e-05], [-0.0014356195827415431, -0.00012549590447380034, -0.0002025267929357411, 0.00019539593788371322, -0.0001254959044738296, 0.0001768591518063639, 0.00019539593788391046, -2.953518375422905e-05, -0.00012549590447380278, 0.00017685915180620316, 0.0001953959378837619, -2.9535183754185215e-05, 0.00017685915180629323, 0.0001192402946946948, -2.953518375320567e-05, -1.546183327098658e-05], [-0.001435619582741475, -0.00020252679293575023, -0.00012549590447380522, 0.00019539593788371802, -0.0001254959044737906, 0.0001953959378838301, 0.00017685915180619833, -2.953518375346866e-05, -0.00012549590447381983, 0.0001953959378838642, 0.00017685915180626154, -2.953518375312226e-05, 0.00017685915180633467, -2.953518375320567e-05, 0.00011924029469286267, -1.5461833271036806e-05], [-0.0008985678798761737, -7.303855105811872e-05, -7.303855105818202e-05, 9.702912485448153e-05, -7.303855105837805e-05, 9.70291248545911e-05, 9.702912485455218e-05, -1.5461833271011842e-05, -7.303855105817594e-05, 9.702912485451564e-05, 9.70291248545059e-05, -1.546183327105081e-05, 9.702912485463009e-05, -1.546183327098658e-05, -1.5461833271036806e-05, -2.7560243929952013e-05]], [[0.21731881824404528, 0.03648935159532516, 0.03648935159532527, 0.002297478116592116, 0.03648935159532536, 0.0022974781165921304, 0.002297478116592183, -0.0008444099465251067, 0.03648935159532532, 0.0022974781165921465, 0.002297478116592183, -0.0008444099465251179, 0.00229747811659213, -0.0008444099465251066, -0.0008444099465250955, -0.0005148461169362995, 0.03648935159532533, 0.002297478116592169, 0.00229747811659213, -0.0008444099465251514, 0.0022974781165921747, -0.0008444099465251012, -0.0008444099465250872, -0.0005148461169363078, 0.0022974781165921356, -0.0008444099465251012, -0.0008444099465251514, -0.0005148461169362746, -0.0008444099465250817, -0.0005148461169362578, -0.000514846116936305, -0.00019815515083660443], [0.03648935159532516, 0.02465927198831175, 0.001851137913958832, 0.002616994412446672, 0.0018511379139601902, 0.002616994412446489, -0.0011399306804306183, -5.135038231236657e-05, 0.001851137913959252, 0.002616994412446455, -0.0011399306804306016, -5.1350382312383237e-05, -0.001139930680430543, -5.135038231234296e-05, -8.838875911390236e-05, -6.885560480087426e-05, 0.0018511379139599601, 0.0026169944124465995, -0.0011399306804305766, -5.1350382312330456e-05, -0.0011399306804305625, -5.135038231234018e-05, -8.83887591137954e-05, -6.88556048009458e-05, -0.0011399306804305458, -5.135038231227628e-05, -8.838875911385861e-05, -6.885560480092393e-05, -8.838875911381103e-05, -6.885560480088815e-05, 0.00011802855078201032, -9.594553882447076e-06], [0.03648935159532527, 0.001851137913958832, 0.024659271988312345, 0.002616994412446542, 0.0018511379139602062, -0.0011399306804305237, 0.0026169944124465805, -5.135038231234852e-05, 0.0018511379139598508, -0.0011399306804305764, 0.0026169944124465583, -5.1350382312487415e-05, -0.0011399306804305237, -8.838875911390654e-05, -5.135038231233185e-05, -6.885560480090726e-05, 0.001851137913959877, -0.0011399306804305957, 0.0026169944124466186, -5.135038231234018e-05, -0.0011399306804304652, -8.838875911396798e-05, -5.1350382312405456e-05, -6.885560480095064e-05, -0.001139930680430593, -8.838875911380026e-05, -5.1350382312427675e-05, -6.885560480093191e-05, -8.838875911389611e-05, 0.0001180285507818881, -6.885560480098539e-05, -9.594553882462703e-06], [0.002297478116592116, 0.002616994412446672, 0.002616994412446542, 0.002236885092424582, -0.0011399306804305098, -0.00024025899528991212, -0.0002402589952903788, 0.00013871888319459647, -0.0011399306804304875, -0.0002402589952907788, -0.00024025899529090663, 0.00013871888319462426, -7.947261557556848e-06, -1.7058894000174923e-05, -1.7058894000297844e-05, 2.7449714080190467e-05, -0.0011399306804305846, -0.00024025899529086495, -0.00024025899529024828, 0.00013871888319448813, -7.947261557308224e-06, -1.705889400028604e-05, -1.7058894000307565e-05, 2.7449714080205754e-05, -7.947261557375934e-06, -1.705889400033674e-05, -1.7058894000292986e-05, 2.7449714080254367e-05, 0.00026012453690061227, 3.146653677973289e-05, 3.146653677976344e-05, 1.0392604218506327e-05], [0.03648935159532536, 0.0018511379139601902, 0.0018511379139602062, -0.0011399306804305098, 0.024659271988310905, 0.0026169944124465024, 0.0026169944124465943, -5.1350382312392954e-05, 0.0018511379139600187, -0.001139930680430518, -0.0011399306804305569, -8.838875911385134e-05, 0.002616994412446614, -5.135038231235685e-05, -5.135038231240408e-05, -6.885560480091003e-05, 0.0018511379139593788, -0.001139930680430479, -0.0011399306804305127, -8.838875911394195e-05, 0.00261699441244653, -5.135038231238045e-05, -5.1350382312383237e-05, -6.885560480092358e-05, -0.0011399306804304513, -8.838875911395096e-05, -8.838875911393569e-05, 0.00011802855078191726, -5.135038231233323e-05, -6.885560480099092e-05, -6.885560480087356e-05, -9.5945538824568e-06], [0.0022974781165921304, 0.002616994412446489, -0.0011399306804305237, -0.00024025899528991212, 0.0026169944124465024, 0.0022368850924241973, -0.0002402589952906205, 0.00013871888319463263, -0.0011399306804305569, -0.00024025899529032734, -7.94726155757178e-06, -1.705889400024576e-05, -0.00024025899529016772, 0.0001387188831946132, -1.7058894000224925e-05, 2.744971408022658e-05, -0.0011399306804304652, -0.00024025899528957735, -7.947261558143688e-06, -1.705889400014645e-05, -0.00024025899529038017, 0.00013871888319456872, -1.7058894000246453e-05, 2.7449714080241868e-05, -7.947261558025276e-06, -1.705889400027354e-05, 0.00026012453690060116, 3.1466536779749555e-05, -1.7058894000392987e-05, 2.7449714080305755e-05, 3.146653677981901e-05, 1.0392604218527162e-05], [0.002297478116592183, -0.0011399306804306183, 0.0026169944124465805, -0.0002402589952903788, 0.0026169944124465943, -0.0002402589952906205, 0.0022368850924246995, 0.0001387188831946993, -0.0011399306804305486, -7.947261557243637e-06, -0.00024025899528998574, -1.705889400024229e-05, -0.00024025899529056077, -1.7058894000267985e-05, 0.0001387188831946715, 2.7449714080219642e-05, -0.0011399306804305016, -7.947261557883257e-06, -0.0002402589952902691, -1.7058894000295066e-05, -0.0002402589952904122, -1.7058894000299234e-05, 0.00013871888319462152, 2.74497140803002e-05, -7.947261557620394e-06, 0.00026012453690058446, -1.705889400031382e-05, 3.146653677974678e-05, -1.7058894000190203e-05, 3.146653677976899e-05, 2.7449714080266866e-05, 1.0392604218563969e-05], [-0.0008444099465251067, -5.135038231236657e-05, -5.135038231234852e-05, 0.00013871888319459647, -5.1350382312392954e-05, 0.00013871888319463263, 0.0001387188831946993, 6.235243438605889e-05, -8.838875911386452e-05, -1.705889400036313e-05, -1.7058894000198535e-05, 2.1919108960090277e-05, -1.705889400018673e-05, 2.191910895977776e-05, 2.1919108959841646e-05, 1.9624319400514782e-05, -8.838875911390618e-05, -1.7058894000324933e-05, -1.705889400021659e-05, 2.191910896024167e-05, -1.7058894000326315e-05, 2.191910896009028e-05, 2.191910896007221e-05, 1.962431940055645e-05, 0.0002601245369006289, 1.6380168982425653e-05, 1.638016898202077e-05, -3.8077034410605206e-06, 1.638016898282568e-05, -3.8077034410549653e-06, -3.8077034411133013e-06, 1.6428616508523652e-06], [0.03648935159532532, 0.001851137913959252, 0.0018511379139598508, -0.0011399306804304875, 0.0018511379139600187, -0.0011399306804305569, -0.0011399306804305486, -8.838875911386452e-05, 0.024659271988312092, 0.002616994412446583, 0.0026169944124466134, -5.135038231232351e-05, 0.0026169944124465826, -5.135038231239158e-05, -5.135038231238185e-05, -6.885560480098295e-05, 0.0018511379139593898, -0.0011399306804305374, -0.0011399306804306042, -8.838875911388328e-05, -0.0011399306804304957, -8.838875911394161e-05, -8.83887591138621e-05, 0.00011802855078194225, 0.0026169944124465523, -5.135038231243324e-05, -5.135038231234852e-05, -6.88556048009576e-05, -5.135038231246518e-05, -6.885560480095621e-05, -6.885560480088884e-05, -9.59455388247069e-06], [0.0022974781165921465, 0.002616994412446455, -0.0011399306804305764, -0.0002402589952907788, -0.001139930680430518, -0.00024025899529032734, -7.947261557243637e-06, -1.705889400036313e-05, 0.002616994412446583, 0.0022368850924241817, -0.0002402589952904844, 0.00013871888319458818, -0.00024025899528994687, 0.0001387188831945576, -1.7058894000223533e-05, 2.7449714080227973e-05, -0.0011399306804305127, -0.00024025899528981487, -7.947261558237095e-06, -1.7058894000208953e-05, -7.947261557515874e-06, -1.70588940002152e-05, 0.00026012453690062333, 3.1466536779784284e-05, -0.00024025899529040096, 0.00013871888319460767, -1.7058894000311736e-05, 2.7449714080223806e-05, -1.705889400029854e-05, 2.7449714080140468e-05, 3.1466536779789834e-05, 1.039260421856883e-05], [0.002297478116592183, -0.0011399306804306016, 0.0026169944124465583, -0.00024025899529090663, -0.0011399306804305569, -7.94726155757178e-06, -0.00024025899528998574, -1.7058894000198535e-05, 0.0026169944124466134, -0.0002402589952904844, 0.002236885092424928, 0.00013871888319462428, -0.00024025899529024546, -1.705889400023465e-05, 0.0001387188831945993, 2.7449714080127972e-05, -0.001139930680430543, -7.947261557988816e-06, -0.00024025899529034821, -1.7058894000212426e-05, -7.947261557242943e-06, 0.00026012453690060116, -1.7058894000170752e-05, 3.1466536779789834e-05, -0.00024025899529052464, -1.7058894000245064e-05, 0.00013871888319447984, 2.744971408029742e-05, -1.7058894000281873e-05, 3.146653677982456e-05, 2.7449714080229362e-05, 1.039260421856744e-05], [-0.0008444099465251179, -5.1350382312383237e-05, -5.1350382312487415e-05, 0.00013871888319462426, -8.838875911385134e-05, -1.705889400024576e-05, -1.705889400024229e-05, 2.1919108960090277e-05, -5.135038231232351e-05, 0.00013871888319458818, 0.00013871888319462428, 6.235243438552461e-05, -1.705889400024576e-05, 2.1919108959923594e-05, 2.1919108960302787e-05, 1.9624319400537005e-05, -8.838875911393569e-05, -1.705889400029229e-05, -1.70588940002527e-05, 2.1919108959601353e-05, 0.00026012453690059005, 1.638016898263747e-05, 1.6380168982477746e-05, -3.8077034410021846e-06, -1.7058894000319376e-05, 2.1919108959947213e-05, 2.191910896021806e-05, 1.9624319400555064e-05, 1.6380168982770813e-05, -3.8077034410744102e-06, -3.807703441107746e-06, 1.6428616508777142e-06], [0.00229747811659213, -0.001139930680430543, -0.0011399306804305237, -7.947261557556848e-06, 0.002616994412446614, -0.00024025899529016772, -0.00024025899529056077, -1.705889400018673e-05, 0.0026169944124465826, -0.00024025899528994687, -0.00024025899529024546, -1.705889400024576e-05, 0.0022368850924247624, 0.0001387188831944687, 0.0001387188831945298, 2.744971408024048e-05, -0.0011399306804305374, -7.947261558343349e-06, -7.947261557170369e-06, 0.0002601245369006678, -0.00024025899529093442, -1.7058894000281178e-05, -1.7058894000149227e-05, 3.146653677978289e-05, -0.00024025899529022605, -1.7058894000276313e-05, -1.7058894000212423e-05, 3.1466536779752334e-05, 0.00013871888319455207, 2.7449714080277982e-05, 2.744971408022937e-05, 1.0392604218578553e-05], [-0.0008444099465251066, -5.135038231234296e-05, -8.838875911390654e-05, -1.7058894000174923e-05, -5.135038231235685e-05, 0.0001387188831946132, -1.7058894000267985e-05, 2.191910895977776e-05, -5.135038231239158e-05, 0.0001387188831945576, -1.705889400023465e-05, 2.1919108959923594e-05, 0.0001387188831944687, 6.235243438643606e-05, 2.1919108960526404e-05, 1.962431940060923e-05, -8.838875911388363e-05, -1.7058894000183258e-05, 0.00026012453690069554, 1.6380168982736782e-05, -1.7058894000255483e-05, 2.191910896012639e-05, 1.638016898169853e-05, -3.8077034411160804e-06, -1.705889400028812e-05, 2.1919108960258342e-05, 1.6380168981821458e-05, -3.8077034410438544e-06, 2.1919108960316675e-05, 1.9624319400603677e-05, -3.807703441071633e-06, 1.6428616508544496e-06], [-0.0008444099465250955, -8.838875911390236e-05, -5.135038231233185e-05, -1.7058894000297844e-05, -5.135038231240408e-05, -1.7058894000224925e-05, 0.0001387188831946715, 2.1919108959841646e-05, -5.135038231238185e-05, -1.7058894000223533e-05, 0.0001387188831945993, 2.1919108960302787e-05, 0.0001387188831945298, 2.1919108960526404e-05, 6.235243438583889e-05, 1.962431940052034e-05, -8.838875911390549e-05, 0.00026012453690060116, -1.7058894000141584e-05, 1.638016898165478e-05, -1.705889400028743e-05, 1.638016898208813e-05, 2.191910896055835e-05, -3.8077034410271864e-06, -1.7058894000395768e-05, 1.638016898226037e-05, 2.191910896080142e-05, -3.807703440979961e-06, 2.191910895972775e-05, -3.807703441032742e-06, 1.9624319400487e-05, 1.642861650854449e-06], [-0.0005148461169362995, -6.885560480087426e-05, -6.885560480090726e-05, 2.7449714080190467e-05, -6.885560480091003e-05, 2.744971408022658e-05, 2.7449714080219642e-05, 1.9624319400514782e-05, -6.885560480098295e-05, 2.7449714080227973e-05, 2.7449714080127972e-05, 1.9624319400537005e-05, 2.744971408024048e-05, 1.962431940060923e-05, 1.962431940052034e-05, -2.382852346567411e-05, 0.00011802855078185338, 3.1466536779835675e-05, 3.146653677981068e-05, -3.807703440977183e-06, 3.146653677980789e-05, -3.807703441032742e-06, -3.8077034410744102e-06, 8.587959814350985e-06, 3.146653677981206e-05, -3.8077034409299585e-06, -3.8077034410605206e-06, 8.587959814607944e-06, -3.807703441124414e-06, 8.587959815176032e-06, 8.587959815062135e-06, 4.418748569006542e-06], [0.03648935159532533, 0.0018511379139599601, 0.001851137913959877, -0.0011399306804305846, 0.0018511379139593788, -0.0011399306804304652, -0.0011399306804305016, -8.838875911390618e-05, 0.0018511379139593898, -0.0011399306804305127, -0.001139930680430543, -8.838875911393569e-05, -0.0011399306804305374, -8.838875911388363e-05, -8.838875911390549e-05, 0.00011802855078185338, 0.024659271988311963, 0.0026169944124465245, 0.0026169944124465887, -5.13503823124388e-05, 0.002616994412446569, -5.135038231237212e-05, -5.135038231237212e-05, -6.885560480096143e-05, 0.0026169944124466026, -5.135038231234296e-05, -5.1350382312390175e-05, -6.885560480095063e-05, -5.135038231237213e-05, -6.885560480091004e-05, -6.885560480089822e-05, -9.594553882456452e-06], [0.002297478116592169, 0.0026169944124465995, -0.0011399306804305957, -0.00024025899529086495, -0.001139930680430479, -0.00024025899528957735, -7.947261557883257e-06, -1.7058894000324933e-05, -0.0011399306804305374, -0.00024025899528981487, -7.947261557988816e-06, -1.705889400029229e-05, -7.947261558343349e-06, -1.7058894000183258e-05, 0.00026012453690060116, 3.1466536779835675e-05, 0.0026169944124465245, 0.0022368850924243226, -0.00024025899528995375, 0.00013871888319461317, -0.0002402589952900163, 0.00013871888319460485, -1.705889400029715e-05, 2.7449714080219645e-05, -0.0002402589952903677, 0.00013871888319457704, -1.7058894000226318e-05, 2.7449714080264094e-05, -1.705889400024576e-05, 2.744971408014602e-05, 3.146653677974538e-05, 1.0392604218555634e-05], [0.00229747811659213, -0.0011399306804305766, 0.0026169944124466186, -0.00024025899529024828, -0.0011399306804305127, -7.947261558143688e-06, -0.0002402589952902691, -1.705889400021659e-05, -0.0011399306804306042, -7.947261558237095e-06, -0.00024025899529034821, -1.70588940002527e-05, -7.947261557170369e-06, 0.00026012453690069554, -1.7058894000141584e-05, 3.146653677981068e-05, 0.0026169944124465887, -0.00024025899528995375, 0.0022368850924246297, 0.00013871888319449927, -0.00024025899529038435, -1.705889400023465e-05, 0.00013871888319456872, 2.7449714080223806e-05, -0.00024025899529044964, -1.7058894000247148e-05, 0.00013871888319462707, 2.7449714080352985e-05, -1.7058894000165196e-05, 3.146653677973705e-05, 2.7449714080233533e-05, 1.0392604218584803e-05], [-0.0008444099465251514, -5.1350382312330456e-05, -5.135038231234018e-05, 0.00013871888319448813, -8.838875911394195e-05, -1.705889400014645e-05, -1.7058894000295066e-05, 2.191910896024167e-05, -8.838875911388328e-05, -1.7058894000208953e-05, -1.7058894000212426e-05, 2.1919108959601353e-05, 0.0002601245369006678, 1.6380168982736782e-05, 1.638016898165478e-05, -3.807703440977183e-06, -5.13503823124388e-05, 0.00013871888319461317, 0.00013871888319449927, 6.235243438600391e-05, -1.7058894000292986e-05, 2.191910896008194e-05, 2.1919108960559747e-05, 1.962431940050784e-05, -1.7058894000168672e-05, 2.191910895966247e-05, 2.191910896044585e-05, 1.962431940052589e-05, 1.638016898232495e-05, -3.8077034411410815e-06, -3.8077034410827446e-06, 1.6428616508468097e-06], [0.0022974781165921747, -0.0011399306804305625, -0.0011399306804304652, -7.947261557308224e-06, 0.00261699441244653, -0.00024025899529038017, -0.0002402589952904122, -1.7058894000326315e-05, -0.0011399306804304957, -7.947261557515874e-06, -7.947261557242943e-06, 0.00026012453690059005, -0.00024025899529093442, -1.7058894000255483e-05, -1.705889400028743e-05, 3.146653677980789e-05, 0.002616994412446569, -0.0002402589952900163, -0.00024025899529038435, -1.7058894000292986e-05, 0.0022368850924239458, 0.0001387188831945993, 0.00013871888319457427, 2.744971408027104e-05, -0.00024025899529022323, -1.7058894000167977e-05, -1.705889400014645e-05, 3.146653677971205e-05, 0.0001387188831946354, 2.7449714080283532e-05, 2.7449714080261312e-05, 1.0392604218616751e-05], [-0.0008444099465251012, -5.135038231234018e-05, -8.838875911396798e-05, -1.705889400028604e-05, -5.135038231238045e-05, 0.00013871888319456872, -1.7058894000299234e-05, 2.191910896009028e-05, -8.838875911394161e-05, -1.70588940002152e-05, 0.00026012453690060116, 1.638016898263747e-05, -1.7058894000281178e-05, 2.191910896012639e-05, 1.638016898208813e-05, -3.807703441032742e-06, -5.135038231237212e-05, 0.00013871888319460485, -1.705889400023465e-05, 2.191910896008194e-05, 0.0001387188831945993, 6.235243438665604e-05, 2.191910895980415e-05, 1.9624319400487003e-05, -1.70588940002152e-05, 2.1919108960277786e-05, 1.6380168982298568e-05, -3.8077034410327417e-06, 2.191910895961108e-05, 1.962431940062729e-05, -3.8077034410938564e-06, 1.642861650835351e-06], [-0.0008444099465250872, -8.83887591137954e-05, -5.1350382312405456e-05, -1.7058894000307565e-05, -5.1350382312383237e-05, -1.7058894000246453e-05, 0.00013871888319462152, 2.191910896007221e-05, -8.83887591138621e-05, 0.00026012453690062333, -1.7058894000170752e-05, 1.6380168982477746e-05, -1.7058894000149227e-05, 1.638016898169853e-05, 2.191910896055835e-05, -3.8077034410744102e-06, -5.135038231237212e-05, -1.705889400029715e-05, 0.00013871888319456872, 2.1919108960559747e-05, 0.00013871888319457427, 2.191910895980415e-05, 6.235243438580746e-05, 1.962431940058562e-05, -1.7058894000285346e-05, 1.6380168982729836e-05, 2.191910896015277e-05, -3.8077034411188583e-06, 2.1919108959620807e-05, -3.807703441032742e-06, 1.962431940054534e-05, 1.6428616508603523e-06], [-0.0005148461169363078, -6.88556048009458e-05, -6.885560480095064e-05, 2.7449714080205754e-05, -6.885560480092358e-05, 2.7449714080241868e-05, 2.74497140803002e-05, 1.962431940055645e-05, 0.00011802855078194225, 3.1466536779784284e-05, 3.1466536779789834e-05, -3.8077034410021846e-06, 3.146653677978289e-05, -3.8077034411160804e-06, -3.8077034410271864e-06, 8.587959814350985e-06, -6.885560480096143e-05, 2.7449714080219645e-05, 2.7449714080223806e-05, 1.962431940050784e-05, 2.744971408027104e-05, 1.9624319400487003e-05, 1.962431940058562e-05, -2.382852346501411e-05, 3.146653677968844e-05, -3.8077034410410757e-06, -3.8077034410938564e-06, 8.587959815206586e-06, -3.8077034411133026e-06, 8.587959814714892e-06, 8.58795981442321e-06, 4.418748568987444e-06], [0.0022974781165921356, -0.0011399306804305458, -0.001139930680430593, -7.947261557375934e-06, -0.0011399306804304513, -7.947261558025276e-06, -7.947261557620394e-06, 0.0002601245369006289, 0.0026169944124465523, -0.00024025899529040096, -0.00024025899529052464, -1.7058894000319376e-05, -0.00024025899529022605, -1.705889400028812e-05, -1.7058894000395768e-05, 3.146653677981206e-05, 0.0026169944124466026, -0.0002402589952903677, -0.00024025899529044964, -1.7058894000168672e-05, -0.00024025899529022323, -1.70588940002152e-05, -1.7058894000285346e-05, 3.146653677968844e-05, 0.002236885092424661, 0.00013871888319466594, 0.0001387188831946243, 2.7449714080230755e-05, 0.00013871888319462707, 2.7449714080248803e-05, 2.7449714080244636e-05, 1.0392604218556329e-05], [-0.0008444099465251012, -5.135038231227628e-05, -8.838875911380026e-05, -1.705889400033674e-05, -8.838875911395096e-05, -1.705889400027354e-05, 0.00026012453690058446, 1.6380168982425653e-05, -5.135038231243324e-05, 0.00013871888319460767, -1.7058894000245064e-05, 2.1919108959947213e-05, -1.7058894000276313e-05, 2.1919108960258342e-05, 1.638016898226037e-05, -3.8077034409299585e-06, -5.135038231234296e-05, 0.00013871888319457704, -1.7058894000247148e-05, 2.191910895966247e-05, -1.7058894000167977e-05, 2.1919108960277786e-05, 1.6380168982729836e-05, -3.8077034410410757e-06, 0.00013871888319466594, 6.235243438638891e-05, 2.1919108959649976e-05, 1.9624319400471722e-05, 2.1919108959912485e-05, 1.9624319400524503e-05, -3.8077034410883007e-06, 1.642861650864519e-06], [-0.0008444099465251514, -8.838875911385861e-05, -5.1350382312427675e-05, -1.7058894000292986e-05, -8.838875911393569e-05, 0.00026012453690060116, -1.705889400031382e-05, 1.638016898202077e-05, -5.135038231234852e-05, -1.7058894000311736e-05, 0.00013871888319447984, 2.191910896021806e-05, -1.7058894000212423e-05, 1.6380168981821458e-05, 2.191910896080142e-05, -3.8077034410605206e-06, -5.1350382312390175e-05, -1.7058894000226318e-05, 0.00013871888319462707, 2.191910896044585e-05, -1.705889400014645e-05, 1.6380168982298568e-05, 2.191910896015277e-05, -3.8077034410938564e-06, 0.0001387188831946243, 2.1919108959649976e-05, 6.23524343856896e-05, 1.9624319400524506e-05, 2.1919108960470852e-05, -3.8077034410660767e-06, 1.9624319400564784e-05, 1.6428616508707698e-06], [-0.0005148461169362746, -6.885560480092393e-05, -6.885560480093191e-05, 2.7449714080254367e-05, 0.00011802855078191726, 3.1466536779749555e-05, 3.146653677974678e-05, -3.8077034410605206e-06, -6.88556048009576e-05, 2.7449714080223806e-05, 2.744971408029742e-05, 1.9624319400555064e-05, 3.1466536779752334e-05, -3.8077034410438544e-06, -3.807703440979961e-06, 8.587959814607944e-06, -6.885560480095063e-05, 2.7449714080264094e-05, 2.7449714080352985e-05, 1.962431940052589e-05, 3.146653677971205e-05, -3.8077034410327417e-06, -3.8077034411188583e-06, 8.587959815206586e-06, 2.7449714080230755e-05, 1.9624319400471722e-05, 1.9624319400524506e-05, -2.3828523466475535e-05, -3.8077034410577444e-06, 8.587959814817678e-06, 8.587959815417711e-06, 4.41874856899404e-06], [-0.0008444099465250817, -8.838875911381103e-05, -8.838875911389611e-05, 0.00026012453690061227, -5.135038231233323e-05, -1.7058894000392987e-05, -1.7058894000190203e-05, 1.638016898282568e-05, -5.135038231246518e-05, -1.705889400029854e-05, -1.7058894000281873e-05, 1.6380168982770813e-05, 0.00013871888319455207, 2.1919108960316675e-05, 2.191910895972775e-05, -3.807703441124414e-06, -5.135038231237213e-05, -1.705889400024576e-05, -1.7058894000165196e-05, 1.638016898232495e-05, 0.0001387188831946354, 2.191910895961108e-05, 2.1919108959620807e-05, -3.8077034411133026e-06, 0.00013871888319462707, 2.1919108959912485e-05, 2.1919108960470852e-05, -3.8077034410577444e-06, 6.23524343860589e-05, 1.9624319400577283e-05, 1.9624319400552285e-05, 1.6428616508995903e-06], [-0.0005148461169362578, -6.885560480088815e-05, 0.0001180285507818881, 3.146653677973289e-05, -6.885560480099092e-05, 2.7449714080305755e-05, 3.146653677976899e-05, -3.8077034410549653e-06, -6.885560480095621e-05, 2.7449714080140468e-05, 3.146653677982456e-05, -3.8077034410744102e-06, 2.7449714080277982e-05, 1.9624319400603677e-05, -3.807703441032742e-06, 8.587959815176032e-06, -6.885560480091004e-05, 2.744971408014602e-05, 3.146653677973705e-05, -3.8077034411410815e-06, 2.7449714080283532e-05, 1.962431940062729e-05, -3.807703441032742e-06, 8.587959814714892e-06, 2.7449714080248803e-05, 1.9624319400524503e-05, -3.8077034410660767e-06, 8.587959814817678e-06, 1.9624319400577283e-05, -2.382852346513196e-05, 8.587959814027357e-06, 4.41874856900168e-06], [-0.000514846116936305, 0.00011802855078201032, -6.885560480098539e-05, 3.146653677976344e-05, -6.885560480087356e-05, 3.146653677981901e-05, 2.7449714080266866e-05, -3.8077034411133013e-06, -6.885560480088884e-05, 3.1466536779789834e-05, 2.7449714080229362e-05, -3.807703441107746e-06, 2.744971408022937e-05, -3.807703441071633e-06, 1.9624319400487e-05, 8.587959815062135e-06, -6.885560480089822e-05, 3.146653677974538e-05, 2.7449714080233533e-05, -3.8077034410827446e-06, 2.7449714080261312e-05, -3.8077034410938564e-06, 1.962431940054534e-05, 8.58795981442321e-06, 2.7449714080244636e-05, -3.8077034410883007e-06, 1.9624319400564784e-05, 8.587959815417711e-06, 1.9624319400552285e-05, 8.587959814027357e-06, -2.3828523465422677e-05, 4.41874856898779e-06], [-0.00019815515083660443, -9.594553882447076e-06, -9.594553882462703e-06, 1.0392604218506327e-05, -9.5945538824568e-06, 1.0392604218527162e-05, 1.0392604218563969e-05, 1.6428616508523652e-06, -9.59455388247069e-06, 1.039260421856883e-05, 1.039260421856744e-05, 1.6428616508777142e-06, 1.0392604218578553e-05, 1.6428616508544496e-06, 1.642861650854449e-06, 4.418748569006542e-06, -9.594553882456452e-06, 1.0392604218555634e-05, 1.0392604218584803e-05, 1.6428616508468097e-06, 1.0392604218616751e-05, 1.642861650835351e-06, 1.6428616508603523e-06, 4.418748568987444e-06, 1.0392604218556329e-05, 1.642861650864519e-06, 1.6428616508707698e-06, 4.41874856899404e-06, 1.6428616508995903e-06, 4.41874856900168e-06, 4.41874856898779e-06, -9.357851954513412e-06]], [[0.16129766125518846, 0.02698940775628549, 0.026989407756285895, 0.0022871303114021363, 0.02698940775628574, 0.0022871303114020956, 0.002287130311402157, -0.00036967471181926993, 0.02698940775628573, 0.00228713031140214, 0.0022871303114021507, -0.00036967471181929736, 0.0022871303114021368, -0.0003696747118192836, -0.00036967471181925264, -0.00019380688225651392, 0.026989407756285746, 0.0022871303114021468, 0.0022871303114021645, -0.0003696747118192837, 0.002287130311402106, -0.0003696747118193008, -0.0003696747118192975, -0.00019380688225654485, 0.002287130311402071, -0.0003696747118192802, -0.00036967471181926647, -0.00019380688225650872, -0.0003696747118192698, -0.00019380688225652248, -0.00019380688225654138, -3.9670974388281376e-05, 0.026989407756285843, 0.0022871303114021676, 0.002287130311402106, -0.0003696747118192905, 0.002287130311402109, -0.00036967471181929053, -0.00036967471181923204, -0.00019380688225652414, 0.002287130311402192, -0.00036967471181926294, -0.00036967471181926977, -0.00019380688225651387, -0.00036967471181925606, -0.00019380688225647082, -0.00019380688225650525, -3.9670974388277066e-05, 0.0022871303114021164, -0.00036967471181927666, -0.0003696747118192733, -0.00019380688225654482, -0.00036967471181924234, -0.00019380688225648288, -0.00019380688225653105, -3.9670974388296866e-05, -0.00036967471181927324, -0.00019380688225648465, -0.00019380688225653452, -3.967097438828654e-05, -0.00019380688225654485, -3.967097438827793e-05, -3.967097438831148e-05, 1.2458356330369393e-05], [0.02698940775628549, 0.019579295947862015, 0.001787958840004806, 0.002396424503583746, 0.0017879588400051029, 0.0023964245035836993, -0.0005750994548648254, 4.268320337945291e-05, 0.0017879588400053895, 0.0023964245035837887, -0.0005750994548648031, 4.268320337946495e-05, -0.0005750994548648548, 4.268320337959313e-05, -8.024445353061228e-05, -3.404022546347607e-05, 0.0017879588400046516, 0.002396424503583781, -0.0005750994548647024, 4.268320337942193e-05, -0.0005750994548647103, 4.268320337945463e-05, -8.024445353074348e-05, -3.404022546348704e-05, -0.0005750994548647946, 4.2683203379478715e-05, -8.024445353074559e-05, -3.4040225463457575e-05, -8.024445353064712e-05, -3.404022546339435e-05, 6.465043974587238e-05, -3.913622255932944e-06, 0.001787958840005831, 0.0023964245035837614, -0.0005750994548647807, 4.268320337948732e-05, -0.0005750994548647351, 4.26832033795028e-05, -8.024445353076023e-05, -3.4040225463428105e-05, -0.0005750994548648702, 4.268320337947527e-05, -8.024445353068625e-05, -3.404022546341736e-05, -8.024445353071594e-05, -3.4040225463429406e-05, 6.465043974585002e-05, -3.913622255881651e-06, -0.0005750994548647532, 4.2683203379476134e-05, -8.024445353065743e-05, -3.404022546334188e-05, -8.024445353076283e-05, -3.40402254634094e-05, 6.465043974585346e-05, -3.913622255908158e-06, -8.024445353076542e-05, -3.4040225463462095e-05, 6.4650439745924e-05, -3.913622255844929e-06, 6.465043974587928e-05, -3.913622255863855e-06, 5.776793675383988e-05, 6.760539954613766e-06], [0.026989407756285895, 0.001787958840004806, 0.019579295947862736, 0.00239642450358384, 0.0017879588400052026, -0.0005750994548649269, 0.002396424503583782, 4.2683203379544953e-05, 0.0017879588400046432, -0.0005750994548648454, 0.002396424503583816, 4.268320337942452e-05, -0.0005750994548648558, -8.024445353065572e-05, 4.268320337954582e-05, -3.404022546338467e-05, 0.0017879588400054902, -0.0005750994548648977, 0.002396424503583873, 4.268320337947871e-05, -0.0005750994548649382, -8.024445353063377e-05, 4.268320337955356e-05, -3.404022546340338e-05, -0.000575099454864926, -8.024445353070733e-05, 4.268320337952087e-05, -3.404022546339413e-05, -8.024445353059809e-05, 6.465043974595153e-05, -3.4040225463401014e-05, -3.913622255923589e-06, 0.0017879588400049578, -0.0005750994548648951, 0.0023964245035837995, 4.2683203379525174e-05, -0.0005750994548649547, -8.024445353064842e-05, 4.2683203379504526e-05, -3.404022546341821e-05, -0.0005750994548648918, -8.02444535306596e-05, 4.268320337951657e-05, -3.40402254633795e-05, -8.024445353065529e-05, 6.46504397459481e-05, -3.4040225463380366e-05, -3.9136222558955765e-06, -0.0005750994548648883, -8.024445353062518e-05, 4.268320337958024e-05, -3.404022546338488e-05, -8.024445353063292e-05, 6.465043974590164e-05, -3.404022546341543e-05, -3.913622255917621e-06, -8.024445353066733e-05, 6.46504397459309e-05, -3.404022546339929e-05, -3.9136222559129965e-06, 6.46504397459326e-05, 5.776793675392762e-05, -3.913622255919611e-06, 6.760539954610432e-06], [0.0022871303114021363, 0.002396424503583746, 0.00239642450358384, 0.001870916933849903, -0.0005750994548648944, -7.057406037972057e-05, -7.057405625827707e-05, 0.0001237310425561381, -0.0005750994548648193, -7.057408152130348e-05, -7.05740691691405e-05, 0.00012373103097762395, -0.0001091411904768063, -4.893284976188373e-05, -4.8932847160917167e-05, -1.2526093468976473e-06, -0.0005750994548648563, -7.057404007167796e-05, -7.057405114078805e-05, 0.0001237310500452397, -0.00010914122627059447, -4.8932849269023425e-05, -4.893284426085263e-05, -1.252606468036856e-06, -0.00010914120053285152, -4.893284932511852e-05, -4.8932846046133215e-05, -1.2526105421436051e-06, 8.650372124342738e-05, 5.4639539099734705e-06, 5.463954515348267e-06, -2.2809296906601495e-06, -0.0005750994548648537, -7.057407143296056e-05, -7.05740768367997e-05, 0.00012373103254757761, -0.00010914118902984773, -4.8932846046258386e-05, -4.893284932509658e-05, -1.2526113402376814e-06, -0.00010914118071569147, -4.893284426090296e-05, -4.893284926899634e-05, -1.2526114207908715e-06, 8.650373874093117e-05, 5.463959909873361e-06, 5.463954266574334e-06, -2.280929690642514e-06, -0.00010914120439945456, -4.893284716091845e-05, -4.893284976182997e-05, -1.2526097581973937e-06, 8.65037196734256e-05, 5.463955020832051e-06, 5.463954614106317e-06, -2.2809296906248778e-06, 8.650373125198787e-05, 5.46395417253998e-06, 5.463959616887135e-06, -2.2809296906739138e-06, 1.4273223121575966e-05, 1.6654358414779342e-06, 1.6654358414721271e-06, -1.9061274964533075e-06], [0.02698940775628574, 0.0017879588400051029, 0.0017879588400052026, -0.0005750994548648944, 0.01957929594786262, 0.0023964245035837527, 0.0023964245035838646, 4.268320337947614e-05, 0.001787958840004599, -0.0005750994548649243, -0.0005750994548649621, -8.024445353056025e-05, 0.0023964245035837926, 4.268320337956474e-05, 4.268320337953979e-05, -3.4040225463385306e-05, 0.001787958840004856, -0.0005750994548648469, -0.0005750994548649967, -8.024445353061528e-05, 0.002396424503583837, 4.268320337945463e-05, 4.268320337947699e-05, -3.404022546334273e-05, -0.0005750994548649691, -8.024445353059336e-05, -8.024445353057746e-05, 6.465043974597389e-05, 4.268320337953463e-05, -3.404022546336058e-05, -3.404022546338445e-05, -3.913622255903534e-06, 0.0017879588400054104, -0.0005750994548648985, -0.0005750994548649116, -8.024445353061097e-05, 0.0023964245035838624, 4.268320337953893e-05, 4.268320337950624e-05, -3.404022546338467e-05, -0.0005750994548649003, -8.024445353062304e-05, -8.02444535305938e-05, 6.465043974586207e-05, 4.2683203379548396e-05, -3.404022546343198e-05, -3.404022546338747e-05, -3.91362225591504e-06, -0.000575099454864914, -8.024445353065357e-05, -8.02444535306282e-05, 6.465043974594465e-05, 4.2683203379526895e-05, -3.404022546337435e-05, -3.404022546338187e-05, -3.913622255861543e-06, -8.024445353064454e-05, 6.465043974593602e-05, 6.465043974594982e-05, 5.7767936753906985e-05, -3.404022546338144e