{"r1": 0.99, "r2": 0.99, "theta": 35.88, "sequence": [[[0.1690723943364899, 0.02675016743066705], [0.02675016743066705, 0.003826691439759292]], [[0.08770758333729509, 0.014109251694295609, 0.01410925169429543, 0.0006290573878251829], [0.014109251694295609, 0.004665432587861545, -0.0002041190535152156, 8.396300810745563e-05], [0.01410925169429543, -0.0002041190535152156, 0.00466543258785663, 8.396300810873655e-05], [0.0006290573878251829, 8.396300810745563e-05, 8.396300810873655e-05, 3.083837347718598e-05]], [[0.054752398612775054, 0.008955877007529825, 0.00895587700752956, 0.00042493947442813793, 0.008955877007530038, 0.0004249394744281775, 0.00042493947442815105, -0.0002773416955706951], [0.008955877007529825, 0.004600452775429841, -7.342331184716271e-05, 0.00030252904613759836, -7.342331184874738e-05, 0.00030252904613806207, -0.00042446475315433365, 1.5015004042938399e-06], [0.00895587700752956, -7.342331184716271e-05, 0.004600452775429354, 0.0003025290461383427, -7.342331184769092e-05, -0.00042446475315425445, 0.0003025290461383494, 1.5015004047032103e-06], [0.00042493947442813793, 0.00030252904613759836, 0.0003025290461383427, 0.0001405219460165155, -0.0004244647531542544, -4.2444540432914046e-05, -4.244454043478593e-05, 2.5548142064292588e-05], [0.008955877007530038, -7.342331184874738e-05, -7.342331184769092e-05, -0.0004244647531542544, 0.004600452775430923, 0.0003025290461377485, 0.00030252904613801095, 1.5015004044968743e-06], [0.0004249394744281775, 0.00030252904613806207, -0.00042446475315425445, -4.2444540432914046e-05, 0.0003025290461377485, 0.00014052194601561912, -4.244454043315506e-05, 2.5548142064188596e-05], [0.00042493947442815105, -0.00042446475315433365, 0.0003025290461383494, -4.244454043478593e-05, 0.00030252904613801095, -4.244454043315506e-05, 0.00014052194601748666, 2.5548142064139905e-05], [-0.0002773416955706951, 1.5015004042938399e-06, 1.5015004047032103e-06, 2.5548142064292588e-05, 1.5015004044968743e-06, 2.5548142064188596e-05, 2.5548142064139905e-05, -6.9314311475902395e-06]], [[0.03853278479709382, 0.006527279494501711, 0.006527279494501848, 8.723380801415981e-05, 0.006527279494501846, 8.723380801417686e-05, 8.723380801422802e-05, -0.0003062429404135657, 0.0065272794945014385, 8.723380801410014e-05, 8.72338080141598e-05, -0.00030624294041356785, 8.723380801413421e-05, -0.00030624294041354757, -0.00030624294041354535, -0.0002068545027973953], [0.006527279494501711, 0.0033937399404998566, 0.0004039700887108628, 0.00026480915306884473, 0.00040397008871061565, 0.0002648091530686977, -0.00023639084240194402, 2.2762064599689997e-05, 0.0004039700887101466, 0.00026480915306879784, -0.00023639084240219133, 2.2762064599572223e-05, -0.00023639084240200374, 2.276206459946724e-05, -0.00013636833987321455, -1.2532994872826937e-05], [0.006527279494501848, 0.0004039700887108628, 0.0033937399404984823, 0.000264809153068817, 0.0004039700887106582, -0.00023639084240175648, 0.0002648091530685804, 2.27620645995613e-05, 0.0004039700887110249, -0.0002363908424018332, 0.00026480915306870194, 2.2762064599677743e-05, -0.00023639084240188434, -0.00013636833987309093, 2.276206459957223e-05, -1.2532994872813615e-05], [8.723380801415981e-05, 0.00026480915306884473, 0.000264809153068817, -4.128255820773089e-05, -0.00023639084240202078, -1.5918912170324811e-06, -1.5918912174854633e-06, 1.4657552154171585e-06, -0.00023639084240208895, -1.591891217206746e-06, -1.5918912178467832e-06, 1.4657552153031119e-06, 5.648109077078196e-05, 1.822477631365727e-05, 1.8224776313372422e-05, 6.482459157987147e-06], [0.006527279494501846, 0.00040397008871061565, 0.0004039700887106582, -0.00023639084240202078, 0.0033937399404985052, 0.00026480915306859113, 0.00026480915306874243, 2.2762064599619653e-05, 0.0004039700887111784, -0.00023639084240201227, -0.0002363908424018758, -0.00013636833987323586, 0.00026480915306873604, 2.2762064599568492e-05, 2.2762064599664153e-05, -1.2532994873039839e-05], [8.723380801417686e-05, 0.0002648091530686977, -0.00023639084240175648, -1.5918912170324811e-06, 0.00026480915306859113, -4.1282558208430294e-05, -1.5918912170074337e-06, 1.4657552150643636e-06, -0.00023639084240211454, -1.5918912167399085e-06, 5.648109077088001e-05, 1.8224776313655667e-05, -1.5918912180162519e-06, 1.4657552157518303e-06, 1.8224776313161653e-05, 6.482459158133434e-06], [8.723380801422802e-05, -0.00023639084240194402, 0.0002648091530685804, -1.5918912174854633e-06, 0.00026480915306874243, -1.5918912170074337e-06, -4.128255820927439e-05, 1.4657552155034896e-06, -0.00023639084240178204, 5.6481090771080394e-05, -1.5918912172237998e-06, 1.8224776313556814e-05, -1.5918912169642675e-06, 1.822477631306306e-05, 1.4657552154576596e-06, 6.482459158124641e-06], [-0.0003062429404135657, 2.2762064599689997e-05, 2.27620645995613e-05, 1.4657552154171585e-06, 2.2762064599619653e-05, 1.4657552150643636e-06, 1.4657552155034896e-06, 9.6641965478601e-06, -0.00013636833987322737, 1.8224776313492863e-05, 1.8224776313589052e-05, 1.2466380433576238e-05, 1.8224776313276497e-05, 1.246638043396447e-05, 1.2466380432980166e-05, 6.3862781728454085e-06], [0.0065272794945014385, 0.0004039700887101466, 0.0004039700887110249, -0.00023639084240208895, 0.0004039700887111784, -0.00023639084240211454, -0.00023639084240178204, -0.00013636833987322737, 0.003393739940499229, 0.00026480915306891086, 0.00026480915306876374, 2.2762064599594337e-05, 0.0002648091530689407, 2.2762064599634046e-05, 2.276206459948935e-05, -1.2532994872854513e-05], [8.723380801410014e-05, 0.00026480915306879784, -0.0002363908424018332, -1.591891217206746e-06, -0.00023639084240201227, -1.5918912167399085e-06, 5.6481090771080394e-05, 1.8224776313492863e-05, 0.00026480915306891086, -4.1282558208840285e-05, -1.5918912175430186e-06, 1.465755215391577e-06, -1.5918912175179714e-06, 1.465755215474713e-06, 1.822477631324212e-05, 6.482459158067885e-06], [8.72338080141598e-05, -0.00023639084240219133, 0.00026480915306870194, -1.5918912178467832e-06, -0.0002363908424018758, 5.648109077088001e-05, -1.5918912172237998e-06, 1.8224776313589052e-05, 0.00026480915306876374, -1.5918912175430186e-06, -4.128255820775501e-05, 1.465755215037719e-06, -1.5918912169674648e-06, 1.8224776313219743e-05, 1.465755215760359e-06, 6.482459158040706e-06], [-0.00030624294041356785, 2.2762064599572223e-05, 2.2762064599677743e-05, 1.4657552153031119e-06, -0.00013636833987323586, 1.8224776313655667e-05, 1.8224776313556814e-05, 1.2466380433576238e-05, 2.2762064599594337e-05, 1.465755215391577e-06, 1.465755215037719e-06, 9.664196548173622e-06, 1.822477631349899e-05, 1.2466380432955653e-05, 1.2466380433626866e-05, 6.386278172784922e-06], [8.723380801413421e-05, -0.00023639084240200374, -0.00023639084240188434, 5.648109077078196e-05, 0.00026480915306873604, -1.5918912180162519e-06, -1.5918912169642675e-06, 1.8224776313276497e-05, 0.0002648091530689407, -1.5918912175179714e-06, -1.5918912169674648e-06, 1.822477631349899e-05, -4.128255820789971e-05, 1.4657552153883789e-06, 1.4657552155002935e-06, 6.482459158192322e-06], [-0.00030624294041354757, 2.276206459946724e-05, -0.00013636833987309093, 1.822477631365727e-05, 2.2762064599568492e-05, 1.4657552157518303e-06, 1.822477631306306e-05, 1.246638043396447e-05, 2.2762064599634046e-05, 1.465755215474713e-06, 1.8224776313219743e-05, 1.2466380432955653e-05, 1.4657552153883789e-06, 9.664196546654238e-06, 1.2466380434708693e-05, 6.386278172811435e-06], [-0.00030624294041354535, -0.00013636833987321455, 2.276206459957223e-05, 1.8224776313372422e-05, 2.2762064599664153e-05, 1.8224776313161653e-05, 1.4657552154576596e-06, 1.2466380432980166e-05, 2.276206459948935e-05, 1.822477631324212e-05, 1.465755215760359e-06, 1.2466380433626866e-05, 1.4657552155002935e-06, 1.2466380434708693e-05, 9.664196547281286e-06, 6.3862781728170295e-06], [-0.0002068545027973953, -1.2532994872826937e-05, -1.2532994872813615e-05, 6.482459157987147e-06, -1.2532994873039839e-05, 6.482459158133434e-06, 6.482459158124641e-06, 6.3862781728454085e-06, -1.2532994872854513e-05, 6.482459158067885e-06, 6.482459158040706e-06, 6.386278172784922e-06, 6.482459158192322e-06, 6.386278172811435e-06, 6.3862781728170295e-06, 5.421051166822954e-06]], [[0.03022355572409017, 0.005251205782157314, 0.005251205782157228, 0.0001123759483450335, 0.0052512057821570935, 0.00011237594834500298, 0.0001123759483449999, -0.00022288120571942446, 0.005251205782157252, 0.00011237594834503655, 0.00011237594834502436, -0.00022288120571941456, 0.00011237594834500907, -0.00022288120571942904, -0.00022288120571942757, -0.0001556147809455967, 0.005251205782157202, 0.00011237594834503047, 0.00011237594834501824, -0.00022288120571942142, 0.00011237594834497241, -0.00022288120571943747, -0.00022288120571942752, -0.000155614780945595, 0.00011237594834500907, -0.00022288120571942063, -0.00022288120571941218, -0.00015561478094559386, -0.00022288120571942364, -0.00015561478094559502, -0.00015561478094559998, -7.731307445689006e-05], [0.005251205782157314, 0.0030675282372659343, 0.00039741259197499033, 0.00028452060577897236, 0.0003974125919749201, 0.0002845206057790106, -0.00017091280976378633, 4.2394029588806524e-05, 0.0003974125919753751, 0.00028452060577896624, -0.0001709128097639024, 4.239402958865724e-05, -0.00017091280976406123, 4.239402958869809e-05, -0.000102124649469195, -1.92409469722359e-06, 0.00039741259197522853, 0.00028452060577892964, -0.00017091280976389933, 4.239402958863473e-05, -0.00017091280976373437, 4.2394029588625184e-05, -0.00010212464946917667, -1.9240946972108477e-06, -0.00017091280976390237, 4.2394029588654966e-05, -0.00010212464946908963, -1.9240946971806036e-06, -0.00010212464946914157, -1.9240946972145467e-06, -4.813310398389315e-05, -5.627527743591201e-06], [0.005251205782157228, 0.00039741259197499033, 0.0030675282372662283, 0.00028452060577887305, 0.00039741259197495667, -0.00017091280976396043, 0.0002845206057789464, 4.239402958852477e-05, 0.0003974125919743734, -0.0001709128097640154, 0.00028452060577888834, 4.239402958851027e-05, -0.00017091280976394208, -0.00010212464946919195, 4.23940295886332e-05, -1.9240946972643565e-06, 0.0003974125919747887, -0.0001709128097639299, 0.0002845206057788639, 4.2394029588696566e-05, -0.00017091280976406123, -0.00010212464946917974, 4.2394029588604564e-05, -1.924094697135339e-06, -0.00017091280976401542, -0.00010212464946916293, 4.239402958854845e-05, -1.9240946972380735e-06, -0.00010212464946911407, -4.8133103983881315e-05, -1.924094697224043e-06, -5.627527743592014e-06], [0.0001123759483450335, 0.00028452060577897236, 0.00028452060577887305, -5.0203333596798304e-05, -0.00017091280976395127, -1.393037838154466e-05, -1.393046070933296e-05, -5.3485022801380015e-06, -0.00017091280976396043, -1.3930452376904319e-05, -1.3930352450758393e-05, -5.348552215223825e-06, 2.992856368444381e-05, 7.01793514363571e-06, 7.0179113234427304e-06, 1.9476387435489958e-06, -0.0001709128097639543, -1.3930432309484386e-05, -1.3930449907142737e-05, -5.348538146914838e-06, 2.9928641073387127e-05, 7.017898089535754e-06, 7.017934309264052e-06, 1.9476387434596588e-06, 2.992860680995431e-05, 7.017947366573608e-06, 7.017934967190236e-06, 1.9476387434509737e-06, 2.1778039084484398e-05, 6.07628346213895e-06, 6.0762834621466325e-06, 1.8385475595970467e-06], [0.0052512057821570935, 0.0003974125919749201, 0.00039741259197495667, -0.00017091280976395127, 0.00306752823726597, 0.0002845206057789998, 0.00028452060577896775, 4.2394029588583185e-05, 0.0003974125919747887, -0.00017091280976400623, -0.00017091280976396043, -0.00010212464946915836, 0.0002845206057789021, 4.239402958858433e-05, 4.239402958867291e-05, -1.924094697184529e-06, 0.00039741259197460544, -0.0001709128097640826, -0.00017091280976396956, -0.00010212464946919042, 0.00028452060577896325, 4.2394029588601515e-05, 4.2394029588580515e-05, -1.9240946972222653e-06, -0.0001709128097640154, -0.00010212464946922403, -0.000102124649469195, -4.8133103983909185e-05, 4.2394029588620976e-05, -1.9240946972671835e-06, -1.9240946971991676e-06, -5.627527743551448e-06], [0.00011237594834500298, 0.0002845206057790106, -0.00017091280976396043, -1.393037838154466e-05, 0.0002845206057789998, -5.0203376552001094e-05, -1.3930413600879998e-05, -5.348551655700236e-06, -0.00017091280976391766, -1.393037726926388e-05, 2.9928482078536194e-05, 7.017944958347051e-06, -1.3930350106195324e-05, -5.348545901326548e-06, 7.017944570513029e-06, 1.9476387435051864e-06, -0.0001709128097640856, -1.3930464462321184e-05, 2.9928675570697324e-05, 7.017937650555966e-06, -1.3930456405469045e-05, -5.348527625105225e-06, 7.0179336020364985e-06, 1.94763874350595e-06, 2.9928610963871748e-05, 7.0179305309768125e-06, 2.177800654486079e-05, 6.076283462193068e-06, 7.017934967233712e-06, 1.9476387435224616e-06, 6.07628346214377e-06, 1.83854755971473e-06], [0.0001123759483449999, -0.00017091280976378633, 0.0002845206057789464, -1.393046070933296e-05, 0.00028452060577896775, -1.3930413600879998e-05, -5.0203270767683015e-05, -5.348565995167262e-06, -0.00017091280976404594, 2.99286393953203e-05, -1.393042117753473e-05, 7.01797459452529e-06, -1.393048697116082e-05, 7.017925134145281e-06, -5.348541761464666e-06, 1.9476387435396415e-06, -0.00017091280976400927, 2.9928600581682658e-05, -1.3930444009997711e-05, 7.017934753417388e-06, -1.3930425324887005e-05, 7.017967377913126e-06, -5.348544164188698e-06, 1.9476387434614723e-06, 2.992863441983887e-05, 2.177797980553155e-05, 7.0179305309070424e-06, 6.076283462194261e-06, 7.017947366627199e-06, 6.076283462142435e-06, 1.947638743547277e-06, 1.838547559608691e-06], [-0.00022288120571942446, 4.2394029588806524e-05, 4.239402958852477e-05, -5.3485022801380015e-06, 4.2394029588583185e-05, -5.348551655700236e-06, -5.348565995167262e-06, -5.296360907020015e-06, -0.00010212464946920568, 7.017927760918008e-06, 7.017941856637392e-06, 6.095599919314154e-06, 7.017938271346765e-06, 6.095805501127744e-06, 6.095664167976899e-06, 3.4138701272719202e-06, -0.0001021246494691828, 7.017918146376136e-06, 7.017918390813225e-06, 6.095656256942741e-06, 7.017971351387004e-06, 6.0956181620588656e-06, 6.095795169478276e-06, 3.4138701272777423e-06, 2.1778011795689893e-05, 1.0287810800819293e-05, 1.0287775125786527e-05, 4.549035199420235e-06, 1.0287607639852607e-05, 4.549035199425245e-06, 4.549035199410212e-06, 1.932962110639855e-06], [0.005251205782157252, 0.0003974125919753751, 0.0003974125919743734, -0.00017091280976396043, 0.0003974125919747887, -0.00017091280976391766, -0.00017091280976404594, -0.00010212464946920568, 0.003067528237266073, 0.0002845206057788899, 0.0002845206057789403, 4.23940295886561e-05, 0.00028452060577887153, 4.239402958864694e-05, 4.239402958858929e-05, -1.924094697194873e-06, 0.0003974125919743091, -0.00017091280976401846, -0.00017091280976404592, -0.00010212464946926832, -0.0001709128097639146, -0.00010212464946914767, -0.00010212464946922094, -4.8133103983975606e-05, 0.00028452060577887766, 4.239402958865267e-05, 4.239402958864046e-05, -1.9240946972060163e-06, 4.239402958864504e-05, -1.9240946971751157e-06, -1.9240946972315835e-06, -5.627527743624964e-06], [0.00011237594834503655, 0.00028452060577896624, -0.0001709128097640154, -1.3930452376904319e-05, -0.00017091280976400623, -1.393037726926388e-05, 2.99286393953203e-05, 7.017927760918008e-06, 0.0002845206057788899, -5.020333065895525e-05, -1.3930395155556895e-05, -5.3485217691766015e-06, -1.3930497765617455e-05, -5.348534546364821e-06, 7.017920526161783e-06, 1.947638743554436e-06, -0.00017091280976389933, -1.3930436359640724e-05, 2.9928573803532672e-05, 7.017924303142195e-06, 2.9928601306303983e-05, 7.017936373200408e-06, 2.1778031247008033e-05, 6.076283462261119e-06, -1.393037308384535e-05, -5.348544164181445e-06, 7.017933602197275e-06, 1.9476387435028007e-06, 7.017934309385363e-06, 1.947638743516544e-06, 6.0762834621620485e-06, 1.838547559610934e-06], [0.00011237594834502436, -0.0001709128097639024, 0.00028452060577888834, -1.3930352450758393e-05, -0.00017091280976396043, 2.9928482078536194e-05, -1.393042117753473e-05, 7.017941856637392e-06, 0.0002845206057789403, -1.3930395155556895e-05, -5.020343984997948e-05, -5.34856682802159e-06, -1.3930287275650041e-05, 7.017931809076265e-06, -5.348514865771249e-06, 1.9476387435804923e-06, -0.00017091280976398485, 2.9928631194818592e-05, -1.3930383186254847e-05, 7.017919046851895e-06, 2.9928592041254704e-05, 2.177802240800578e-05, 7.017936373254665e-06, 6.076283462214543e-06, -1.3930474383336162e-05, 7.017967377946149e-06, -5.348527625218994e-06, 1.9476387435067136e-06, 7.017898089449614e-06, 6.076283462126924e-06, 1.947638743467104e-06, 1.8385475596188083e-06], [-0.00022288120571941456, 4.239402958865724e-05, 4.239402958851027e-05, -5.348552215223825e-06, -0.00010212464946915836, 7.017944958347051e-06, 7.01797459452529e-06, 6.095599919314154e-06, 4.23940295886561e-05, -5.3485217691766015e-06, -5.34856682802159e-06, -5.296315886996834e-06, 7.017909217230204e-06, 6.09563276127716e-06, 6.095791887837407e-06, 3.413870127121787e-06, -0.00010212464946916752, 7.017920997785547e-06, 7.01793642051653e-06, 6.095783166184644e-06, 2.1777990914596744e-05, 1.028779454248575e-05, 1.028766447486101e-05, 4.549035199439228e-06, 7.0179713516462806e-06, 6.09563523057302e-06, 6.095606171740734e-06, 3.4138701273738547e-06, 1.0287779569096422e-05, 4.549035199355714e-06, 4.54903519954331e-06, 1.932962110624631e-06], [0.00011237594834500907, -0.00017091280976406123, -0.00017091280976394208, 2.992856368444381e-05, 0.0002845206057789021, -1.3930350106195324e-05, -1.393048697116082e-05, 7.017938271346765e-06, 0.00028452060577887153, -1.3930497765617455e-05, -1.3930287275650041e-05, 7.017909217230204e-06, -5.020335539659567e-05, -5.348523681634682e-06, -5.348531835047096e-06, 1.9476387434796072e-06, -0.00017091280976393294, 2.99286498545095e-05, 2.9928576228728936e-05, 2.17780380632534e-05, -1.3930404190495452e-05, 7.017919046734165e-06, 7.017924303139522e-06, 6.0762834622010866e-06, -1.3930456226502163e-05, 7.017934753511592e-06, 7.017937650556158e-06, 6.076283462169015e-06, -5.34853814686788e-06, 1.9476387435158763e-06, 1.94763874356398e-06, 1.838547559613463e-06], [-0.00022288120571942904, 4.239402958869809e-05, -0.00010212464946919195, 7.01793514363571e-06, 4.239402958858433e-05, -5.348545901326548e-06, 7.017925134145281e-06, 6.095805501127744e-06, 4.239402958864694e-05, -5.348534546364821e-06, 7.017931809076265e-06, 6.09563276127716e-06, -5.348523681634682e-06, -5.29641637412509e-06, 6.095686793743248e-06, 3.413870127321838e-06, -0.00010212464946919652, 7.0179372757641135e-06, 2.1778027597599174e-05, 1.028762885824918e-05, 7.017936420461219e-06, 6.095696644304525e-06, 1.0287711099742673e-05, 4.549035199408257e-06, 7.017918390867628e-06, 6.095782342427901e-06, 1.028779814098841e-05, 4.549035199361632e-06, 6.095646068834278e-06, 3.4138701272576037e-06, 4.549035199461227e-06, 1.932962110633651e-06], [-0.00022288120571942757, -0.000102124649469195, 4.23940295886332e-05, 7.0179113234427304e-06, 4.239402958867291e-05, 7.017944570513029e-06, -5.348541761464666e-06, 6.095664167976899e-06, 4.239402958858929e-05, 7.017920526161783e-06, -5.348514865771249e-06, 6.095791887837407e-06, -5.348531835047096e-06, 6.095686793743248e-06, -5.2964341681945695e-06, 3.413870127337586e-06, -0.0001021246494691828, 2.1778043264444453e-05, 7.017937275656212e-06, 1.0287773821722975e-05, 7.017920997936683e-06, 1.028773275457579e-05, 6.0956713587706395e-06, 4.549035199478504e-06, 7.017918146363156e-06, 1.0287613729737983e-05, 6.095662664562199e-06, 4.549035199376235e-06, 6.095808825620743e-06, 4.54903519936731e-06, 3.413870127284424e-06, 1.932962110627304e-06], [-0.0001556147809455967, -1.92409469722359e-06, -1.9240946972643565e-06, 1.9476387435489958e-06, -1.924094697184529e-06, 1.9476387435051864e-06, 1.9476387435396415e-06, 3.4138701272719202e-06, -1.924094697194873e-06, 1.947638743554436e-06, 1.9476387435804923e-06, 3.413870127121787e-06, 1.9476387434796072e-06, 3.413870127321838e-06, 3.413870127337586e-06, -5.976140410313361e-06, -4.81331039838775e-05, 6.0762834621376624e-06, 6.076283462167202e-06, 4.549035199498069e-06, 6.0762834621562734e-06, 4.549035199450729e-06, 4.549035199508665e-06, 2.372965249820531e-06, 6.07628346216305e-06, 4.549035199334e-06, 4.549035199426914e-06, 2.3729652499861518e-06, 4.549035199370842e-06, 2.372965250648942e-06, 2.372965249686098e-06, 1.082761330287484e-06], [0.005251205782157202, 0.00039741259197522853, 0.0003974125919747887, -0.0001709128097639543, 0.00039741259197460544, -0.0001709128097640856, -0.00017091280976400927, -0.0001021246494691828, 0.0003974125919743091, -0.00017091280976389933, -0.00017091280976398485, -0.00010212464946916752, -0.00017091280976393294, -0.00010212464946919652, -0.0001021246494691828, -4.81331039838775e-05, 0.003067528237266194, 0.00028452060577891734, 0.00028452060577901047, 4.239402958861639e-05, 0.0002845206057789097, 4.239402958861526e-05, 4.2394029588682064e-05, -1.9240946972190085e-06, 0.0002845206057789464, 4.23940295886145e-05, 4.239402958860725e-05, -1.924094697201017e-06, 4.239402958858586e-05, -1.9240946972117668e-06, -1.9240946972064576e-06, -5.6275277436227465e-06], [0.00011237594834503047, 0.00028452060577892964, -0.0001709128097639299, -1.3930432309484386e-05, -0.0001709128097640826, -1.3930464462321184e-05, 2.9928600581682658e-05, 7.017918146376136e-06, -0.00017091280976401846, -1.3930436359640724e-05, 2.9928631194818592e-05, 7.017920997785547e-06, 2.99286498545095e-05, 7.0179372757641135e-06, 2.1778043264444453e-05, 6.0762834621376624e-06, 0.00028452060577891734, -5.020326353345582e-05, -1.3930433800435835e-05, -5.348531835025716e-06, -1.39304203072709e-05, -5.348514865795302e-06, 7.017920526123509e-06, 1.9476387435096723e-06, -1.3930479022928422e-05, -5.34854176138831e-06, 7.017944570483535e-06, 1.947638743542505e-06, 7.017911323492314e-06, 1.947638743588223e-06, 6.0762834622230374e-06, 1.8385475596110776e-06], [0.00011237594834501824, -0.00017091280976389933, 0.0002845206057788639, -1.3930449907142737e-05, -0.00017091280976396956, 2.9928675570697324e-05, -1.3930444009997711e-05, 7.017918390813225e-06, -0.00017091280976404592, 2.9928573803532672e-05, -1.3930383186254847e-05, 7.01793642051653e-06, 2.9928576228728936e-05, 2.1778027597599174e-05, 7.017937275656212e-06, 6.076283462167202e-06, 0.00028452060577901047, -1.3930433800435835e-05, -5.020331956106287e-05, -5.348523681596122e-06, -1.393044212284628e-05, 7.017931809078176e-06, -5.3485345462919005e-06, 1.947638743510818e-06, -1.3930401179993248e-05, 7.0179251340356636e-06, -5.3485459012505744e-06, 1.9476387435098633e-06, 7.017935143768951e-06, 6.0762834621756485e-06, 1.9476387435603528e-06, 1.8385475596184745e-06], [-0.00022288120571942142, 4.239402958863473e-05, 4.2394029588696566e-05, -5.348538146914838e-06, -0.00010212464946919042, 7.017937650555966e-06, 7.017934753417388e-06, 6.095656256942741e-06, -0.00010212464946926832, 7.017924303142195e-06, 7.017919046851895e-06, 6.095783166184644e-06, 2.17780380632534e-05, 1.028762885824918e-05, 1.0287773821722975e-05, 4.549035199498069e-06, 4.239402958861639e-05, -5.348531835025716e-06, -5.348523681596122e-06, -5.296423281102691e-06, 7.017909217272532e-06, 6.095810011369554e-06, 6.095665694029906e-06, 3.4138701272500634e-06, 7.017938271218868e-06, 6.0956747210268594e-06, 6.09567407529162e-06, 3.4138701273013178e-06, 1.0287728512610211e-05, 4.549035199431162e-06, 4.549035199355523e-06, 1.9329621106365854e-06], [0.00011237594834497241, -0.00017091280976373437, -0.00017091280976406123, 2.9928641073387127e-05, 0.00028452060577896325, -1.3930456405469045e-05, -1.3930425324887005e-05, 7.017971351387004e-06, -0.0001709128097639146, 2.9928601306303983e-05, 2.9928592041254704e-05, 2.1777990914596744e-05, -1.3930404190495452e-05, 7.017936420461219e-06, 7.017920997936683e-06, 6.0762834621562734e-06, 0.0002845206057789097, -1.39304203072709e-05, -1.393044212284628e-05, 7.017909217272532e-06, -5.020331074378452e-05, -5.348566827913547e-06, -5.348521769113225e-06, 1.947638743529715e-06, -1.393042349064136e-05, 7.017974594419157e-06, 7.017944958306964e-06, 6.076283462180421e-06, -5.34855221508944e-06, 1.9476387434969778e-06, 1.947638743554054e-06, 1.838547559612223e-06], [-0.00022288120571943747, 4.2394029588625184e-05, -0.00010212464946917974, 7.017898089535754e-06, 4.2394029588601515e-05, -5.348527625105225e-06, 7.017967377913126e-06, 6.0956181620588656e-06, -0.00010212464946914767, 7.017936373200408e-06, 2.177802240800578e-05, 1.028779454248575e-05, 7.017919046734165e-06, 6.095696644304525e-06, 1.028773275457579e-05, 4.549035199450729e-06, 4.239402958861526e-05, -5.348514865795302e-06, 7.017931809078176e-06, 6.095810011369554e-06, -5.348566827913547e-06, -5.2963547457571884e-06, 6.09563525416291e-06, 3.4138701271806757e-06, 7.017941856622835e-06, 6.0955651183334875e-06, 1.0287672430489691e-05, 4.5490351994429985e-06, 6.095801664217826e-06, 3.4138701273622106e-06, 4.549035199395944e-06, 1.9329621106342235e-06], [-0.00022288120571942752, -0.00010212464946917667, 4.2394029588604564e-05, 7.017934309264052e-06, 4.2394029588580515e-05, 7.0179336020364985e-06, -5.348544164188698e-06, 6.095795169478276e-06, -0.00010212464946922094, 2.1778031247008033e-05, 7.017936373254665e-06, 1.028766447486101e-05, 7.017924303139522e-06, 1.0287711099742673e-05, 6.0956713587706395e-06, 4.549035199508665e-06, 4.2394029588682064e-05, 7.017920526123509e-06, -5.3485345462919005e-06, 6.095665694029906e-06, -5.348521769113225e-06, 6.09563525416291e-06, -5.296387435937773e-06, 3.413870127349422e-06, 7.017927761003147e-06, 1.0287791463013673e-05, 6.0957204714410985e-06, 4.549035199368932e-06, 6.095704286756694e-06, 4.5490351994142706e-06, 3.413870127211599e-06, 1.9329621106350112e-06], [-0.000155614780945595, -1.9240946972108477e-06, -1.924094697135339e-06, 1.9476387434596588e-06, -1.9240946972222653e-06, 1.94763874350595e-06, 1.9476387434614723e-06, 3.4138701272777423e-06, -4.8133103983975606e-05, 6.076283462261119e-06, 6.076283462214543e-06, 4.549035199439228e-06, 6.0762834622010866e-06, 4.549035199408257e-06, 4.549035199478504e-06, 2.372965249820531e-06, -1.9240946972190085e-06, 1.9476387435096723e-06, 1.947638743510818e-06, 3.4138701272500634e-06, 1.947638743529715e-06, 3.4138701271806757e-06, 3.413870127349422e-06, -5.976140410503413e-06, 6.07628346216496e-06, 4.5490351994053445e-06, 4.549035199472014e-06, 2.37296524997236e-06, 4.549035199412169e-06, 2.3729652502779013e-06, 2.3729652503531364e-06, 1.0827613302852053e-06], [0.00011237594834500907, -0.00017091280976390237, -0.00017091280976401542, 2.992860680995431e-05, -0.0001709128097640154, 2.9928610963871748e-05, 2.992863441983887e-05, 2.1778011795689893e-05, 0.00028452060577887766, -1.393037308384535e-05, -1.3930474383336162e-05, 7.0179713516462806e-06, -1.3930456226502163e-05, 7.017918390867628e-06, 7.017918146363156e-06, 6.07628346216305e-06, 0.0002845206057789464, -1.3930479022928422e-05, -1.3930401179993248e-05, 7.017938271218868e-06, -1.393042349064136e-05, 7.017941856622835e-06, 7.017927761003147e-06, 6.07628346216496e-06, -5.020329297099206e-05, -5.348565995234454e-06, -5.348551655804461e-06, 1.947638743521889e-06, -5.3485022802174125e-06, 1.9476387436089348e-06, 1.9476387434693946e-06, 1.8385475595980018e-06], [-0.00022288120571942063, 4.2394029588654966e-05, -0.00010212464946916293, 7.017947366573608e-06, -0.00010212464946922403, 7.0179305309768125e-06, 2.177797980553155e-05, 1.0287810800819293e-05, 4.239402958865267e-05, -5.348544164181445e-06, 7.017967377946149e-06, 6.09563523057302e-06, 7.017934753511592e-06, 6.095782342427901e-06, 1.0287613729737983e-05, 4.549035199334e-06, 4.23940295886145e-05, -5.34854176138831e-06, 7.0179251340356636e-06, 6.0956747210268594e-06, 7.017974594419157e-06, 6.0955651183334875e-06, 1.0287791463013673e-05, 4.5490351994053445e-06, -5.348565995234454e-06, -5.2963384808249926e-06, 6.095737210561703e-06, 3.4138701273282322e-06, 6.095699700664125e-06, 3.413870127302845e-06, 4.549035199455883e-06, 1.932962110626588e-06], [-0.00022288120571941218, -0.00010212464946908963, 4.239402958854845e-05, 7.017934967190236e-06, -0.000102124649469195, 2.177800654486079e-05, 7.0179305309070424e-06, 1.0287775125786527e-05, 4.239402958864046e-05, 7.017933602197275e-06, -5.348527625218994e-06, 6.095606171740734e-06, 7.017937650556158e-06, 1.028779814098841e-05, 6.095662664562199e-06, 4.549035199426914e-06, 4.239402958860725e-05, 7.017944570483535e-06, -5.3485459012505744e-06, 6.09567407529162e-06, 7.017944958306964e-06, 1.0287672430489691e-05, 6.0957204714410985e-06, 4.549035199472014e-06, -5.348551655804461e-06, 6.095737210561703e-06, -5.2963087756631656e-06, 3.4138701273052302e-06, 6.095634321253651e-06, 4.549035199334047e-06, 3.413870127285473e-06, 1.932962110626254e-06], [-0.00015561478094559386, -1.9240946971806036e-06, -1.9240946972380735e-06, 1.9476387434509737e-06, -4.8133103983909185e-05, 6.076283462193068e-06, 6.076283462194261e-06, 4.549035199420235e-06, -1.9240946972060163e-06, 1.9476387435028007e-06, 1.9476387435067136e-06, 3.4138701273738547e-06, 6.076283462169015e-06, 4.549035199361632e-06, 4.549035199376235e-06, 2.3729652499861518e-06, -1.924094697201017e-06, 1.947638743542505e-06, 1.9476387435098633e-06, 3.4138701273013178e-06, 6.076283462180421e-06, 4.5490351994429985e-06, 4.549035199368932e-06, 2.37296524997236e-06, 1.947638743521889e-06, 3.4138701273282322e-06, 3.4138701273052302e-06, -5.9761404107280164e-06, 4.5490351994021e-06, 2.3729652498924488e-06, 2.3729652507712548e-06, 1.0827613302788343e-06], [-0.00022288120571942364, -0.00010212464946914157, -0.00010212464946911407, 2.1778039084484398e-05, 4.2394029588620976e-05, 7.017934967233712e-06, 7.017947366627199e-06, 1.0287607639852607e-05, 4.239402958864504e-05, 7.017934309385363e-06, 7.017898089449614e-06, 1.0287779569096422e-05, -5.34853814686788e-06, 6.095646068834278e-06, 6.095808825620743e-06, 4.549035199370842e-06, 4.239402958858586e-05, 7.017911323492314e-06, 7.017935143768951e-06, 1.0287728512610211e-05, -5.34855221508944e-06, 6.095801664217826e-06, 6.095704286756694e-06, 4.549035199412169e-06, -5.3485022802174125e-06, 6.095699700664125e-06, 6.095634321253651e-06, 4.5490351994021e-06, -5.296438752703836e-06, 3.413870127341117e-06, 3.413870127274974e-06, 1.932962110632744e-06], [-0.00015561478094559502, -1.9240946972145467e-06, -4.8133103983881315e-05, 6.07628346213895e-06, -1.9240946972671835e-06, 1.9476387435224616e-06, 6.076283462142435e-06, 4.549035199425245e-06, -1.9240946971751157e-06, 1.947638743516544e-06, 6.076283462126924e-06, 4.549035199355714e-06, 1.9476387435158763e-06, 3.4138701272576037e-06, 4.54903519936731e-06, 2.372965250648942e-06, -1.9240946972117668e-06, 1.947638743588223e-06, 6.0762834621756485e-06, 4.549035199431162e-06, 1.9476387434969778e-06, 3.4138701273622106e-06, 4.5490351994142706e-06, 2.3729652502779013e-06, 1.9476387436089348e-06, 3.413870127302845e-06, 4.549035199334047e-06, 2.3729652498924488e-06, 3.413870127341117e-06, -5.976140411125394e-06, 2.372965250491936e-06, 1.0827613303056783e-06], [-0.00015561478094559998, -4.813310398389315e-05, -1.924094697224043e-06, 6.0762834621466325e-06, -1.9240946971991676e-06, 6.07628346214377e-06, 1.947638743547277e-06, 4.549035199410212e-06, -1.9240946972315835e-06, 6.0762834621620485e-06, 1.947638743467104e-06, 4.54903519954331e-06, 1.94763874356398e-06, 4.549035199461227e-06, 3.413870127284424e-06, 2.372965249686098e-06, -1.9240946972064576e-06, 6.0762834622230374e-06, 1.9476387435603528e-06, 4.549035199355523e-06, 1.947638743554054e-06, 4.549035199395944e-06, 3.413870127211599e-06, 2.3729652503531364e-06, 1.9476387434693946e-06, 4.549035199455883e-06, 3.413870127285473e-06, 2.3729652507712548e-06, 3.413870127274974e-06, 2.372965250491936e-06, -5.976140411462303e-06, 1.082761330319279e-06], [-7.731307445689006e-05, -5.627527743591201e-06, -5.627527743592014e-06, 1.8385475595970467e-06, -5.627527743551448e-06, 1.83854755971473e-06, 1.838547559608691e-06, 1.932962110639855e-06, -5.627527743624964e-06, 1.838547559610934e-06, 1.8385475596188083e-06, 1.932962110624631e-06, 1.838547559613463e-06, 1.932962110633651e-06, 1.932962110627304e-06, 1.082761330287484e-06, -5.6275277436227465e-06, 1.8385475596110776e-06, 1.8385475596184745e-06, 1.9329621106365854e-06, 1.838547559612223e-06, 1.9329621106342235e-06, 1.9329621106350112e-06, 1.0827613302852053e-06, 1.8385475595980018e-06, 1.932962110626588e-06, 1.932962110626254e-06, 1.0827613302788343e-06, 1.932962110632744e-06, 1.0827613303056783e-06, 1.082761330319279e-06, -7.55086730891582e-06]], [[0.022276034905624072, 0.003944696372905264, 0.00394469637290491, 0.000113000809969446, 0.003944696372905022, 0.00011300080996946762, 0.0001130008099693638, -0.00013995051250881237, 0.0039446963729051175, 0.00011300080996950223, 0.00011300080996939411, -0.0001399505125087864, 0.00011300080996944166, -0.00013995051250877992, -0.00013995051250879507, -0.00010127533235375367, 0.003944696372904997, 0.00011300080996946759, 0.00011300080996940709, -0.00013995051250880806, 0.00011300080996939843, -0.00013995051250879074, -0.0001399505125088167, -0.00010127533235374715, 0.00011300080996947625, -0.00013995051250876477, -0.00013995051250879938, -0.0001012753323537212, -0.0001399505125088059, -0.00010127533235373634, -0.00010127533235375795, -5.070636744215717e-05, 0.003944696372905006, 0.00011300080996947195, 0.0001130008099694114, -0.00013995051250878423, 0.00011300080996941571, -0.0001399505125087756, -0.00013995051250880806, -0.0001012753323537385, 0.0001130008099695152, -0.0001399505125087648, -0.0001399505125087907, -0.00010127533235373849, -0.00013995051250882104, -0.00010127533235372983, -0.00010127533235374931, -5.070636744215176e-05, 0.00011300080996938544, -0.00013995051250881237, -0.0001399505125087691, -0.00010127533235375362, -0.00013995051250881237, -0.0001012753323537169, -0.00010127533235375148, -5.070636744216907e-05, -0.00013995051250879938, -0.00010127533235371686, -0.00010127533235376012, -5.070636744213988e-05, -0.00010127533235373201, -5.07063674421496e-05, -5.0706367442148525e-05, -2.21510039927911e-05], [0.003944696372905264, 0.001277967386994105, 0.0006034809634568145, 9.654070658876847e-05, 0.0006034809404330541, 9.654070504159427e-05, -1.3222787144266063e-05, -4.080310947452849e-06, 0.0006034809473220683, 9.654069311792569e-05, -1.3222799067874097e-05, -4.080314882137409e-06, -1.322280061498129e-05, -4.0803151674018885e-06, -3.298464970994127e-05, -1.1550254775392796e-05, 0.0006034809506206707, 9.654069094517031e-05, -1.3222801240795974e-05, -4.080315221552316e-06, -1.3222802787777746e-05, -4.080315506732458e-06, -3.298465004933401e-05, -1.155025475883692e-05, -1.322281471154364e-05, -4.0803194413824195e-06, -3.2984653983984786e-05, -1.155025602573225e-05, -3.298465426919142e-05, -1.1550256093691132e-05, -1.9771954154670653e-05, -6.921159896586858e-06, 0.0006034809782637806, 9.654070479691504e-05, -1.3222787388902046e-05, -4.080311436158243e-06, -1.3222788935989778e-05, -4.080311721424884e-06, -3.298464626406023e-05, -1.1550253829523807e-05, -1.3222800859894068e-05, -4.080315656059708e-06, -3.298465019871316e-05, -1.1550255096365074e-05, -3.298465048384789e-05, -1.1550255164385585e-05, -1.977195322530658e-05, -6.921159691487327e-06, -1.3222803032504552e-05, -4.080315995355679e-06, -3.298465053803048e-05, -1.1550255079780004e-05, -3.2984650823334164e-05, -1.155025514787404e-05, -1.9771953208718406e-05, -6.921159647502945e-06, -3.298465475798195e-05, -1.1550256414672059e-05, -1.9771954475514804e-05, -6.921160053706299e-06, -1.9771954543515178e-05, -6.921160070629524e-06, -9.218405674628913e-06, -3.2289561335395125e-06], [0.00394469637290491, 0.0006034809634568145, 0.0012779673649267057, 9.654070161875785e-05, 0.0006034809264131861, -1.3222796193846794e-05, 9.65406910217953e-05, -4.08031502260069e-06, 0.0006034809816727513, -1.3222791574937057e-05, 9.654069564053852e-05, -4.080314028138821e-06, -1.3222802171958004e-05, -3.2984650068956545e-05, -4.080316957449686e-06, -1.155025530913813e-05, 0.0006034809757591641, -1.3222787425181816e-05, 9.654069979053163e-05, -4.0803127122040656e-06, -1.3222798022049228e-05, -3.2984648753035296e-05, -4.080315641575479e-06, -1.1550254853814797e-05, -1.322279340329951e-05, -3.2984647758444764e-05, -4.080314646938451e-06, -1.1550254710753302e-05, -3.298465068780104e-05, -1.9771953155026827e-05, -1.1550255531697443e-05, -6.9211597565076845e-06, 0.000603480954862318, -1.3222794677429382e-05, 9.654069253829703e-05, -4.080315017730807e-06, -1.3222805274229756e-05, -3.298465105849258e-05, -4.080317947080595e-06, -1.1550255582112206e-05, -1.3222800655497339e-05, -3.298465006391177e-05, -4.080316952437079e-06, -1.1550255439086397e-05, -3.298465299322399e-05, -1.977195388333262e-05, -1.1550256260078114e-05, -6.92115998980502e-06, -1.3222796505551801e-05, -3.2984648748031344e-05, -4.080315636571522e-06, -1.1550254983702512e-05, -3.298465167730193e-05, -1.977195342799685e-05, -1.1550255804701797e-05, -6.921159829327261e-06, -3.2984650682812496e-05, -1.9771953284907648e-05, -1.155025566158841e-05, -6.921159845180336e-06, -1.977195410591248e-05, -9.218405543105556e-06, -6.9211600706219535e-06, -3.228956133615199e-06], [0.000113000809969446, 9.654070658876847e-05, 9.654070161875785e-05, 5.185505713702427e-06, -1.3222797740992913e-05, -4.539393505319351e-06, -4.539340059969508e-06, 5.06731847214994e-06, -1.3222805045712832e-05, -4.539289599177329e-06, -4.539339216439442e-06, 5.067313867519266e-06, -6.65695093070075e-06, 3.3130696306698708e-06, 3.3130723329926774e-06, 3.143323246535958e-06, -1.3222803068667546e-05, -4.539319805051862e-06, -4.539347743426699e-06, 5.067326384087834e-06, -6.656921584799709e-06, 3.3130766605435526e-06, 3.3130811458931566e-06, 3.143325872201342e-06, -6.656933542873198e-06, 3.313075630393349e-06, 3.3130752554809464e-06, 3.143321024270825e-06, 3.7157096902392246e-06, 2.76717629779033e-06, 2.76717442388246e-06, 1.5342077676969556e-06, -1.3222796469213648e-05, -4.5393767392540156e-06, -4.5393695068882015e-06, 5.0673191979188815e-06, -6.656916179697815e-06, 3.3130530443939656e-06, 3.31307220538258e-06, 3.1433212592167733e-06, -6.656932202739314e-06, 3.313057599450811e-06, 3.3130719001109226e-06, 3.1433177214218074e-06, 3.715689905096704e-06, 2.767167772634683e-06, 2.76717056264946e-06, 1.5342059499046593e-06, -6.656925189385826e-06, 3.3130714544705913e-06, 3.3130875381131695e-06, 3.1433229465001823e-06, 3.715700056445422e-06, 2.7671708387775007e-06, 2.767174467517333e-06, 1.534207064849932e-06, 3.7157033255626013e-06, 2.767168873339276e-06, 2.7671709438016723e-06, 1.5342048818479675e-06, 3.085462150766948e-06, 1.4739679193998298e-06, 1.4739680442706168e-06, 6.734891707841912e-07], [0.003944696372905022, 0.0006034809404330541, 0.0006034809264131861, -1.3222797740992913e-05, 0.00127796737545836, 9.654070749762896e-05, 9.654069844787956e-05, -4.080313271284905e-06, 0.0006034809639769416, -1.3222790122351454e-05, -1.322279917203382e-05, -3.29846495158752e-05, 9.654070606656212e-05, -4.080311438487224e-06, -4.080314082611458e-06, -1.155025459518006e-05, 0.0006034809529705054, -1.3222795164078269e-05, -1.322280421372171e-05, -3.298465085270997e-05, 9.654070102490447e-05, -4.0803127752033235e-06, -4.080315419379456e-06, -1.1550255022837828e-05, -1.3222796595056462e-05, -3.298464901992932e-05, -3.298465166410654e-05, -1.9771953519849413e-05, -4.080313586696387e-06, -1.1550254586673982e-05, -1.1550255339752222e-05, -6.921159761703561e-06, 0.0006034810078388854, -1.3222798911557741e-05, -1.3222807961337418e-05, -3.298465211878437e-05, 9.654069727743799e-05, -4.080314041416392e-06, -4.080316685506028e-06, -1.15502552852904e-05, -1.3222800342687308e-05, -3.298465028603346e-05, -3.298465293018175e-05, -1.9771953782233197e-05, -4.0803148527364585e-06, -1.1550254849128721e-05, -1.1550255602125871e-05, -6.921159796822895e-06, -1.322280538430384e-05, -3.2984651622804694e-05, -3.2984654266924344e-05, -1.977195420999084e-05, -4.080316189493644e-06, -1.155025527685028e-05, -1.1550256029805261e-05, -6.921159932454947e-06, -3.2984652434