{"r1": 0.18999999999999995, "r2": 0.18999999999999995, "theta": 0.1, "sequence": [[[0.595095569436249, 8.290907768703582e-05], [8.290907768703582e-05, 0.40508200827922003]], [[0.3540772843852649, 4.933085630171583e-05, 4.9330856301693083e-05, 1.3766075338903575e-08], [4.933085630171583e-05, 0.24101920467937976, 1.3828641858293141e-08, 3.357817727438316e-05], [4.9330856301693083e-05, 1.3828641858293141e-08, 0.24101920467937996, 3.3578177274116884e-05], [1.3766075338903575e-08, 3.357817727438316e-05, 3.3578177274116884e-05, 0.1640636820400839]], [[0.21068487708785413, 2.9357247897963757e-05, 2.935724789795123e-05, 8.16885929822105e-09, 2.9357247897953606e-05, 8.168859299312782e-09, 8.168859297321248e-09, 9.407206591141286e-12], [2.9357247897963757e-05, 0.14340303035054003, 8.170013510532819e-09, 1.9978511429354904e-05, 8.1700134908361e-09, 1.9978511429337462e-05, -7.874143073873822e-11, 5.553040473406018e-09], [2.935724789795123e-05, 8.170013510532819e-09, 0.14340303035053992, 1.9978511429294613e-05, 8.170013600323056e-09, -7.874139948062712e-11, 1.997851142938318e-05, 5.5530404956243236e-09], [8.16885929822105e-09, 1.9978511429354904e-05, 1.9978511429294613e-05, 0.09761576740423983, -7.8741378414372e-11, 5.5491874283597425e-09, 5.5491874519139015e-09, 1.3599673503539893e-05], [2.9357247897953606e-05, 8.1700134908361e-09, 8.170013600323056e-09, -7.8741378414372e-11, 0.14340303035053995, 1.9978511429326783e-05, 1.9978511429321667e-05, 5.5530404845282375e-09], [8.168859299312782e-09, 1.9978511429337462e-05, -7.874139948062712e-11, 5.5491874283597425e-09, 1.9978511429326783e-05, 0.09761576740423983, 5.5491874298430676e-09, 1.359967350350619e-05], [8.168859297321248e-09, -7.874143073873822e-11, 1.997851142938318e-05, 5.5491874519139015e-09, 1.9978511429321667e-05, 5.5491874298430676e-09, 0.09761576740423984, 1.3599673503518443e-05], [9.407206591141286e-12, 5.553040473406018e-09, 5.5530404956243236e-09, 1.3599673503539893e-05, 5.5530404845282375e-09, 1.359967350350619e-05, 1.3599673503518443e-05, 0.06644762282549639]], [[0.1253656155868918, 1.7471497392317267e-05, 1.747149739231703e-05, 4.903075713913815e-09, 1.747149739231294e-05, 4.903075715109719e-09, 4.903075715055131e-09, -1.4894007482444057e-13, 1.7471497392318308e-05, 4.903075713157757e-09, 4.903075713936655e-09, -1.4894130245841954e-13, 4.90307571388462e-09, -1.48943243098484e-13, -1.4894070108506578e-13, 2.920836649300927e-12], [1.7471497392317267e-05, 0.08532389912345868, 4.909356475360592e-09, 1.1887162737764369e-05, 4.909356490608454e-09, 1.1887162737777745e-05, 5.270483220184369e-12, 3.3180109690236864e-09, 4.909356461296142e-09, 1.1887162737793058e-05, 5.2705050071474494e-12, 3.3180109757975333e-09, 5.270495449630428e-12, 3.31801095555671e-09, -1.4681998481480875e-12, 1.2455852607633386e-12], [1.747149739231703e-05, 4.909356475360592e-09, 0.08532389912345864, 1.1887162737781606e-05, 4.909356494228253e-09, 5.270490413277768e-12, 1.1887162737772727e-05, 3.3180109605956494e-09, 4.909356464606365e-09, 5.2705210715137345e-12, 1.1887162737786969e-05, 3.3180109699904247e-09, 5.270502264586637e-12, -1.4681914333376104e-12, 3.3180109564721966e-09, 1.245594303508149e-12], [4.903075713913815e-09, 1.1887162737764369e-05, 1.1887162737781606e-05, 0.05808052713581897, 5.270493692201182e-12, 3.328073249948736e-09, 3.3280732546688686e-09, 8.091267161961088e-06, 5.2705158337726e-12, 3.3280732361665452e-09, 3.328073254715668e-09, 8.091267161978132e-06, -2.0041746783796268e-11, 4.5632237733836275e-12, 4.563234997146415e-12, 2.2557474134751086e-09], [1.747149739231294e-05, 4.909356490608454e-09, 4.909356494228253e-09, 5.270493692201182e-12, 0.08532389912345865, 1.1887162737768729e-05, 1.1887162737762488e-05, 3.31801096583058e-09, 4.909356463448037e-09, 5.2705024811100456e-12, 5.2705008228843974e-12, -1.4682092160498472e-12, 1.1887162737789849e-05, 3.3180109560720377e-09, 3.3180109907394294e-09, 1.2456218898806747e-12], [4.903075715109719e-09, 1.1887162737777745e-05, 5.270490413277768e-12, 3.328073249948736e-09, 1.1887162737768729e-05, 0.058080527135819016, 3.3280732311294913e-09, 8.091267161957031e-06, 5.270515522070887e-12, 3.3280732254971052e-09, -2.0041740008311484e-11, 4.563238120063992e-12, 3.328073247865576e-09, 8.091267161985766e-06, 4.56322734620981e-12, 2.2557474162716727e-09], [4.903075715055131e-09, 5.270483220184369e-12, 1.1887162737772727e-05, 3.3280732546688686e-09, 1.1887162737762488e-05, 3.3280732311294913e-09, 0.05808052713581904, 8.09126716195962e-06, 5.2705291223882354e-12, -2.0041766530846274e-11, 3.328073238343976e-09, 4.5632173546744115e-12, 3.3280732405961044e-09, 4.56324075826707e-12, 8.091267161987051e-06, 2.2557474158208783e-09], [-1.4894007482444057e-13, 3.3180109690236864e-09, 3.3180109605956494e-09, 8.091267161961088e-06, 3.31801096583058e-09, 8.091267161957031e-06, 8.09126716195962e-06, 0.03953671379612055, -1.4681948992941288e-12, 4.563265128070231e-12, 4.563249781345989e-12, 2.2572135598880114e-09, 4.563225867601448e-12, 2.2572135388657496e-09, 2.2572135648047527e-09, 5.510712631792629e-06], [1.7471497392318308e-05, 4.909356461296142e-09, 4.909356464606365e-09, 5.2705158337726e-12, 4.909356463448037e-09, 5.270515522070887e-12, 5.2705291223882354e-12, -1.4681948992941288e-12, 0.08532389912345871, 1.188716273773592e-05, 1.1887162737753625e-05, 3.318010964059129e-09, 1.188716273776049e-05, 3.3180109781171074e-09, 3.3180109539515937e-09, 1.2455936165274962e-12], [4.903075713157757e-09, 1.1887162737793058e-05, 5.2705210715137345e-12, 3.3280732361665452e-09, 5.2705024811100456e-12, 3.3280732254971052e-09, -2.0041766530846274e-11, 4.563265128070231e-12, 1.188716273773592e-05, 0.05808052713581904, 3.32807325010291e-09, 8.091267161971449e-06, 3.328073226604884e-09, 8.091267161964058e-06, 4.563213814336845e-12, 2.2557474131918654e-09], [4.903075713936655e-09, 5.2705050071474494e-12, 1.1887162737786969e-05, 3.328073254715668e-09, 5.2705008228843974e-12, -2.0041740008311484e-11, 3.328073238343976e-09, 4.563249781345989e-12, 1.1887162737753625e-05, 3.32807325010291e-09, 0.05808052713581898, 8.091267161980492e-06, 3.3280732458502366e-09, 4.563204425803239e-12, 8.091267161972527e-06, 2.2557474128162444e-09], [-1.4894130245841954e-13, 3.3180109757975333e-09, 3.3180109699904247e-09, 8.091267161978132e-06, -1.4682092160498472e-12, 4.563238120063992e-12, 4.5632173546744115e-12, 2.2572135598880114e-09, 3.318010964059129e-09, 8.091267161971449e-06, 8.091267161980492e-06, 0.039536713796120504, 4.5632242223772745e-12, 2.257213574263258e-09, 2.257213562695212e-09, 5.510712631793029e-06], [4.90307571388462e-09, 5.270495449630428e-12, 5.270502264586637e-12, -2.0041746783796268e-11, 1.1887162737789849e-05, 3.328073247865576e-09, 3.3280732405961044e-09, 4.563225867601448e-12, 1.188716273776049e-05, 3.328073226604884e-09, 3.3280732458502366e-09, 4.5632242223772745e-12, 0.058080527135818995, 8.091267161986735e-06, 8.091267161969542e-06, 2.255747415160284e-09], [-1.48943243098484e-13, 3.31801095555671e-09, -1.4681914333376104e-12, 4.5632237733836275e-12, 3.3180109560720377e-09, 8.091267161985766e-06, 4.56324075826707e-12, 2.2572135388657496e-09, 3.3180109781171074e-09, 8.091267161964058e-06, 4.563204425803239e-12, 2.257213574263258e-09, 8.091267161986735e-06, 0.03953671379612055, 2.257213549216512e-09, 5.51071263179459e-06], [-1.4894070108506578e-13, -1.4681998481480875e-12, 3.3180109564721966e-09, 4.563234997146415e-12, 3.3180109907394294e-09, 4.56322734620981e-12, 8.091267161987051e-06, 2.2572135648047527e-09, 3.3180109539515937e-09, 4.563213814336845e-12, 8.091267161972527e-06, 2.257213562695212e-09, 8.091267161969542e-06, 2.257213549216512e-09, 0.039536713796120504, 5.5107126317977934e-06], [2.920836649300927e-12, 1.2455852607633386e-12, 1.245594303508149e-12, 2.2557474134751086e-09, 1.2456218898806747e-12, 2.2557474162716727e-09, 2.2557474158208783e-09, 5.510712631792629e-06, 1.2455936165274962e-12, 2.2557474131918654e-09, 2.2557474128162444e-09, 5.510712631793029e-06, 2.255747415160284e-09, 5.51071263179459e-06, 5.5107126317977934e-06, 0.026907099438179396]], [[0.07459651208212148, 1.039684056765659e-05, 1.0396840567652853e-05, 2.916544384146658e-09, 1.0396840567654738e-05, 2.916544383372168e-09, 2.916544383753114e-09, -2.6753457473377526e-13, 1.0396840567655577e-05, 2.916544383688518e-09, 2.9165443843461802e-09, -2.6753431634633546e-13, 2.916544384364967e-09, -2.6753418437398674e-13, -2.675342432805863e-13, -2.266815625984713e-12, 1.039684056765358e-05, 2.9165443832247355e-09, 2.9165443839427456e-09, -2.6753409454996964e-13, 2.9165443837830617e-09, -2.675340174372931e-13, -2.6753423936694866e-13, -2.2668168277342613e-12, 2.916544383475697e-09, -2.6753525810947963e-13, -2.6753403176649167e-13, -2.266816656918143e-12, -2.675345324681979e-13, -2.2668166768121014e-12, -2.2668166023688816e-12, 3.3755724412629663e-12], [1.039684056765659e-05, 0.05076870383228225, 2.9135348699065976e-09, 7.073480151470563e-06, 2.9135348707900774e-09, 7.073480151478545e-06, -2.0271202488999617e-13, 1.972848404678038e-09, 2.913534840914282e-09, 7.073480151479592e-06, -2.0271961806311107e-13, 1.9728484209663242e-09, -2.0270773546278366e-13, 1.9728484155823727e-09, 1.4716347993987142e-12, 8.785176513891673e-13, 2.9135348514067516e-09, 7.073480151479614e-06, -2.0270980338629576e-13, 1.972848409553065e-09, -2.0271826569526358e-13, 1.9728484213488014e-09, 1.4716302213561412e-12, 8.78517524433914e-13, -2.027104519228042e-13, 1.9728484150661678e-09, 1.471633970270251e-12, 8.785175032661884e-13, 1.4716222759719716e-12, 8.785148162560672e-13, -3.352868110299304e-12, -5.855134778771412e-13], [1.0396840567652853e-05, 2.9135348699065976e-09, 0.05076870383228226, 7.0734801514911375e-06, 2.913534861930122e-09, -2.027012893188081e-13, 7.073480151477113e-06, 1.9728484095357987e-09, 2.913534845024394e-09, -2.026977577116494e-13, 7.073480151489705e-06, 1.9728484129053847e-09, -2.0269505932249015e-13, 1.4716327688298428e-12, 1.972848418979323e-09, 8.785187206553766e-13, 2.9135348640443496e-09, -2.027035044275939e-13, 7.073480151478413e-06, 1.972848408611081e-09, -2.0270034262595397e-13, 1.471623003671671e-12, 1.9728484037405767e-09, 8.785129174135494e-13, -2.0270318616416592e-13, 1.4716361628979197e-12, 1.972848409746729e-09, 8.785176446647666e-13, 1.4716260530980125e-12, -3.3528806185446305e-12, 8.785191249630196e-13, -5.85509164326928e-13], [2.916544384146658e-09, 7.073480151470563e-06, 7.0734801514911375e-06, 0.034557485357174324, -2.027071860690768e-13, 1.975384368037558e-09, 1.975384366564601e-09, 4.814284958313214e-06, -2.0270553570318143e-13, 1.9753843547964866e-09, 1.9753843530676816e-09, 4.81428495829415e-06, -7.654974530142552e-13, 4.3962021607716025e-13, 4.39604594762846e-13, 1.3418542236155364e-09, -2.0271830512284674e-13, 1.975384360783793e-09, 1.975384349342026e-09, 4.814284958290444e-06, -7.654980373894048e-13, 4.3960713927089786e-13, 4.39621700028257e-13, 1.3418542272657988e-09, -7.655156503908619e-13, 4.396174478400723e-13, 4.396088500787429e-13, 1.3418542225580416e-09, -2.052480361533754e-12, 1.4225909316932107e-12, 1.4225871257161816e-12, -7.982213922371901e-13], [1.0396840567654738e-05, 2.9135348707900774e-09, 2.913534861930122e-09, -2.027071860690768e-13, 0.05076870383228224, 7.073480151470309e-06, 7.073480151478502e-06, 1.9728484107551605e-09, 2.913534846351536e-09, -2.0270874876272386e-13, -2.0270309834382895e-13, 1.4716328999936371e-12, 7.0734801514750955e-06, 1.9728484118235846e-09, 1.972848412704114e-09, 8.785084189782305e-13, 2.9135348598701125e-09, -2.0271211104495902e-13, -2.0270992611516905e-13, 1.4716340456440325e-12, 7.073480151476383e-06, 1.9728484114075008e-09, 1.9728484155610422e-09, 8.785089246175833e-13, -2.0270869321307929e-13, 1.4716325021140748e-12, 1.4716327548186175e-12, -3.352870779726506e-12, 1.9728484092003223e-09, 8.785187153457166e-13, 8.785055290891548e-13, -5.85511402495758e-13], [2.916544383372168e-09, 7.073480151478545e-06, -2.027012893188081e-13, 1.975384368037558e-09, 7.073480151470309e-06, 0.03455748535717431, 1.975384356833202e-09, 4.814284958307491e-06, -2.027146765092322e-13, 1.9753843630563176e-09, -7.65500469341954e-13, 4.396299031065407e-13, 1.9753843523870757e-09, 4.8142849583040015e-06, 4.3962727534785455e-13, 1.3418542266898185e-09, -2.0270421953622757e-13, 1.9753843649258848e-09, -7.655023615524002e-13, 4.396209698313694e-13, 1.9753843686251573e-09, 4.814284958301609e-06, 4.3963274370355817e-13, 1.3418542237250367e-09, -7.654995462110391e-13, 4.3963514226815516e-13, -2.0524902649200946e-12, 1.4225901541491036e-12, 4.396249523001429e-13, 1.3418542224724082e-09, 1.422588081949581e-12, -7.982141142221474e-13], [2.916544383753114e-09, -2.0271202488999617e-13, 7.073480151477113e-06, 1.975384366564601e-09, 7.073480151478502e-06, 1.975384356833202e-09, 0.034557485357174275, 4.8142849583066866e-06, -2.0271111052326723e-13, -7.655012342002128e-13, 1.9753843647651702e-09, 4.3962856985603383e-13, 1.975384358283695e-09, 4.3963474931701017e-13, 4.814284958304028e-06, 1.3418542276156958e-09, -2.0269968283783774e-13, -7.654989610628976e-13, 1.975384367049327e-09, 4.3962773215789824e-13, 1.9753843711292224e-09, 4.3962861456778575e-13, 4.8142849582978715e-06, 1.341854223098908e-09, -7.655067394264831e-13, -2.0524861623678988e-12, 4.3963142493906286e-13, 1.4225919639988913e-12, 4.396185523341407e-13, 1.4225881276213429e-12, 1.3418542246434065e-09, -7.982209782939091e-13], [-2.6753457473377526e-13, 1.972848404678038e-09, 1.9728484095357987e-09, 4.814284958313214e-06, 1.9728484107551605e-09, 4.814284958307491e-06, 4.8142849583066866e-06, 0.02352396455425588, 1.4716407037871889e-12, 4.39634490038629e-13, 4.3961187088994285e-13, 1.343261802515011e-09, 4.3961706413567723e-13, 1.343261809413932e-09, 1.3432617936876046e-09, 3.277483386959238e-06, 1.4716352970424423e-12, 4.396139411970112e-13, 4.396235348899489e-13, 1.3432618127492365e-09, 4.3963102799205773e-13, 1.3432618126957934e-09, 1.343261798949206e-09, 3.277483386961847e-06, -2.052475346281393e-12, -1.5433928027694667e-12, -1.543395008297916e-12, 1.1331149692834762e-12, -1.5433878418997356e-12, 1.1331139068992124e-12, 1.133113398637469e-12, 9.123844451846624e-10], [1.0396840567655577e-05, 2.913534840914282e-09, 2.913534845024394e-09, -2.0270553570318143e-13, 2.913534846351536e-09, -2.027146765092322e-13, -2.0271111052326723e-13, 1.4716407037871889e-12, 0.05076870383228232, 7.07348015146432e-06, 7.0734801514786895e-06, 1.9728484031522837e-09, 7.07348015147556e-06, 1.9728484056801034e-09, 1.9728484079403765e-09, 8.78518936443654e-13, 2.913534856360044e-09, -2.0270529094700228e-13, -2.0269552455430303e-13, 1.4716435495081488e-12, -2.027085751345815e-13, 1.4716386298256057e-12, 1.4716382997677188e-12, -3.352872857093587e-12, 7.0734801514786336e-06, 1.9728483977758406e-09, 1.972848405136711e-09, 8.78507172714369e-13, 1.9728484212090062e-09, 8.785191094801413e-13, 8.785194334571865e-13, -5.855118354217831e-13], [2.916544383688518e-09, 7.073480151479592e-06, -2.026977577116494e-13, 1.9753843547964866e-09, -2.0270874876272386e-13, 1.9753843630563176e-09, -7.655012342002128e-13, 4.39634490038629e-13, 7.07348015146432e-06, 0.03455748535717433, 1.975384352424184e-09, 4.814284958299917e-06, 1.975384359058907e-09, 4.814284958305457e-06, 4.396220830024542e-13, 1.3418542209047942e-09, -2.0270670155371728e-13, 1.9753843596935666e-09, -7.654981262186427e-13, 4.3962158249103244e-13, -7.655058041932399e-13, 4.396364383296399e-13, -2.052492551533916e-12, 1.4225916885459802e-12, 1.975384364628403e-09, 4.814284958302453e-06, 4.396378756503328e-13, 1.3418542189774652e-09, 4.396208894457107e-13, 1.341854222803071e-09, 1.4225964172294584e-12, -7.98222118932736e-13], [2.9165443843461802e-09, -2.0271961806311107e-13, 7.073480151489705e-06, 1.9753843530676816e-09, -2.0270309834382895e-13, -7.65500469341954e-13, 1.9753843647651702e-09, 4.3961187088994285e-13, 7.0734801514786895e-06, 1.975384352424184e-09, 0.03455748535717432, 4.814284958310667e-06, 1.975384368566809e-09, 4.3962035575375343e-13, 4.814284958328083e-06, 1.3418542243614598e-09, -2.0271015342282338e-13, -7.655097302418078e-13, 1.9753843636952634e-09, 4.396309723078059e-13, -7.655181677407438e-13, -2.0524823455196133e-12, 4.3962815854011275e-13, 1.4225916573806738e-12, 1.9753843826277865e-09, 4.396273260137379e-13, 4.814284958301052e-06, 1.3418542252970842e-09, 4.3961808963485664e-13, 1.42258915162215e-12, 1.3418542228799828e-09, -7.982222683611571e-13], [-2.6753431634633546e-13, 1.9728484209663242e-09, 1.9728484129053847e-09, 4.81428495829415e-06, 1.4716328999936371e-12, 4.396299031065407e-13, 4.3962856985603383e-13, 1.343261802515011e-09, 1.9728484031522837e-09, 4.814284958299917e-06, 4.814284958310667e-06, 0.023523964554255847, 4.3963148970051365e-13, 1.3432618106667981e-09, 1.3432618082440752e-09, 3.2774833869560305e-06, 1.471628309029269e-12, 4.3963005923977233e-13, 4.396252347836288e-13, 1.3432618134204257e-09, -2.052490287707995e-12, -1.5434067535034344e-12, -1.5433891786875303e-12, 1.1331223393102834e-12, 4.396256424224012e-13, 1.3432618126354477e-09, 1.3432618116696465e-09, 3.277483386962404e-06, -1.5433888393199406e-12, 1.1331191747734846e-12, 1.1331053073836376e-12, 9.123844461008203e-10], [2.916544384364967e-09, -2.0270773546278366e-13, -2.0269505932249015e-13, -7.654974530142552e-13, 7.0734801514750955e-06, 1.9753843523870757e-09, 1.975384358283695e-09, 4.3961706413567723e-13, 7.07348015147556e-06, 1.975384359058907e-09, 1.975384368566809e-09, 4.3963148970051365e-13, 0.034557485357174296, 4.814284958310104e-06, 4.814284958315948e-06, 1.341854220900721e-09, -2.027138522869139e-13, -7.654889505259894e-13, -7.654928707656477e-13, -2.0524786901602248e-12, 1.9753843611458944e-09, 4.3962509570519835e-13, 4.3962491421008935e-13, 1.4225893386716366e-12, 1.975384360660227e-09, 4.396194621078059e-13, 4.39624722143464e-13, 1.4225885754325227e-12, 4.814284958308654e-06, 1.341854225758888e-09, 1.3418542283700608e-09, -7.982228706055124e-13], [-2.6753418437398674e-13, 1.9728484155823727e-09, 1.4716327688298428e-12, 4.3962021607716025e-13, 1.9728484118235846e-09, 4.8142849583040015e-06, 4.3963474931701017e-13, 1.343261809413932e-09, 1.9728484056801034e-09, 4.814284958305457e-06, 4.3962035575375343e-13, 1.3432618106667981e-09, 4.814284958310104e-06, 0.02352396455425586, 1.343261803547269e-09, 3.2774833869606447e-06, 1.4716324703032007e-12, 4.396218218169189e-13, -2.0524776187801947e-12, -1.5433873191393725e-12, 4.3962923261465487e-13, 1.3432618093964832e-09, -1.543390247845882e-12, 1.1331171197416345e-12, 4.396189153765581e-13, 1.3432618028128272e-09, -1.5433848579885743e-12, 1.1331169057528527e-12, 1.343261805177366e-09, 3.2774833869470773e-06, 1.133119773098203e-12, 9.123844454875553e-10], [-2.675342432805863e-13, 1.4716347993987142e-12, 1.972848418979323e-09, 4.39604594762846e-13, 1.972848412704114e-09, 4.3962727534785455e-13, 4.814284958304028e-06, 1.3432617936876046e-09, 1.9728484079403765e-09, 4.396220830024542e-13, 4.814284958328083e-06, 1.3432618082440752e-09, 4.814284958315948e-06, 1.343261803547269e-09, 0.023523964554255847, 3.2774833869547625e-06, 1.4716266429138682e-12, -2.0524813243343596e-12, 4.3961820384325745e-13, -1.543390294116981e-12, 4.3962357968135617e-13, -1.5433926272348896e-12, 1.3432618113268428e-09, 1.133120874219361e-12, 4.3961765444215346e-13, -1.5433764843423715e-12, 1.343261815157902e-09, 1.133119279117198e-12, 1.3432618091367663e-09, 1.1331136589727085e-12, 3.2774833869551644e-06, 9.123844448064366e-10], [-2.266815625984713e-12, 8.785176513891673e-13, 8.785187206553766e-13, 1.3418542236155364e-09, 8.785084189782305e-13, 1.3418542266898185e-09, 1.3418542276156958e-09, 3.277483386959238e-06, 8.78518936443654e-13, 1.3418542209047942e-09, 1.3418542243614598e-09, 3.2774833869560305e-06, 1.341854220900721e-09, 3.2774833869606447e-06, 3.2774833869547625e-06, 0.016012530888816247, -3.3528783310761553e-12, 1.422593637883079e-12, 1.4225884829408897e-12, 1.133120302642994e-12, 1.4225931694751927e-12, 1.1331155772400063e-12, 1.1331143341009982e-12, 9.095377752891214e-10, 1.422586070737332e-12, 1.1331169680045758e-12, 1.1331155166620547e-12, 9.095377944414593e-10, 1.1331126785727818e-12, 9.095377847097764e-10, 9.095377841705172e-10, 2.2372515629172914e-06], [1.039684056765358e-05, 2.9135348514067516e-09, 2.9135348640443496e-09, -2.0271830512284674e-13, 2.9135348598701125e-09, -2.0270421953622757e-13, -2.0269968283783774e-13, 1.4716352970424423e-12, 2.913534856360044e-09, -2.0270670155371728e-13, -2.0271015342282338e-13, 1.471628309029269e-12, -2.027138522869139e-13, 1.4716324703032007e-12, 1.4716266429138682e-12, -3.3528783310761553e-12, 0.05076870383228224, 7.073480151470035e-06, 7.073480151473199e-06, 1.972848404813292e-09, 7.0734801514812255e-06, 1.972848406562047e-09, 1.9728484159838883e-09, 8.785209157785373e-13, 7.073480151477078e-06, 1.972848415606038e-09, 1.9728484180020617e-09, 8.78520765940553e-13, 1.9728484191790764e-09, 8.785141095957516e-13, 8.78514689830096e-13, -5.855123337258822e-13], [2.9165443832247355e-09, 7.073480151479614e-06, -2.027035044275939e-13, 1.975384360783793e-09, -2.0271211104495902e-13, 1.9753843649258848e-09, -7.654989610628976e-13, 4.396139411970112e-13, -2.0270529094700228e-13, 1.9753843596935666e-09, -7.655097302418078e-13, 4.3963005923977233e-13, -7.654889505259894e-13, 4.396218218169189e-13, -2.0524813243343596e-12, 1.422593637883079e-12, 7.073480151470035e-06, 0.034557485357174296, 1.9753843684709757e-09, 4.814284958312437e-06, 1.9753843604664495e-09, 4.814284958324758e-06, 4.396181112230085e-13, 1.3418542228822383e-09, 1.9753843516563378e-09, 4.814284958313456e-06, 4.3962346643413726e-13, 1.3418542201310902e-09, 4.396222846410233e-13, 1.3418542276145057e-09, 1.4225867923271456e-12, -7.982220279972655e-13], [2.9165443839427456e-09, -2.0270980338629576e-13, 7.073480151478413e-06, 1.975384349342026e-09, -2.0270992611516905e-13, -7.655023615524002e-13, 1.975384367049327e-09, 4.396235348899489e-13, -2.0269552455430303e-13, -7.654981262186427e-13, 1.9753843636952634e-09, 4.396252347836288e-13, -7.654928707656477e-13, -2.0524776187801947e-12, 4.3961820384325745e-13, 1.4225884829408897e-12, 7.073480151473199e-06, 1.9753843684709757e-09, 0.03455748535717428, 4.8142849583053195e-06, 1.9753843670601162e-09, 4.3962970198738457e-13, 4.814284958311261e-06, 1.3418542180924657e-09, 1.975384360785574e-09, 4.3962176630678394e-13, 4.8142849583001754e-06, 1.3418542232274839e-09, 4.3963613796756937e-13, 1.4225914708276466e-12, 1.3418542322677941e-09, -7.982219178235164e-13], [-2.6753409454996964e-13, 1.972848409553065e-09, 1.972848408611081e-09, 4.814284958290444e-06, 1.4716340456440325e-12, 4.396209698313694e-13, 4.3962773215789824e-13, 1.3432618127492365e-09, 1.4716435495081488e-12, 4.3962158249103244e-13, 4.396309723078059e-13, 1.3432618134204257e-09, -2.0524786901602248e-12, -1.5433873191393725e-12, -1.543390294116981e-12, 1.133120302642994e-12, 1.972848404813292e-09, 4.814284958312437e-06, 4.8142849583053195e-06, 0.023523964554255858, 4.396309460531081e-13, 1.3432618124092032e-09, 1.3432618106046109e-09, 3.277483386956323e-06, 4.396195951709787e-13, 1.3432617902854616e-09, 1.3432618018240552e-09, 3.277483386952806e-06, -1.5433839158550036e-12, 1.1331240710876391e-12, 1.1331108240390135e-12, 9.123844466144175e-10], [2.9165443837830617e-09, -2.0271826569526358e-13, -2.0270034262595397e-13, -7.654980373894048e-13, 7.073480151476383e-06, 1.9753843686251573e-09, 1.9753843711292224e-09, 4.3963102799205773e-13, -2.027085751345815e-13, -7.655058041932399e-13, -7.655181677407438e-13, -2.052490287707995e-12, 1.9753843611458944e-09, 4.3962923261465487e-13, 4.3962357968135617e-13, 1.4225931694751927e-12, 7.0734801514812255e-06, 1.9753843604664495e-09, 1.9753843670601162e-09, 4.396309460531081e-13, 0.034557485357174296, 4.814284958297767e-06, 4.814284958309041e-06, 1.3418542286276994e-09, 1.975384371884842e-09, 4.3962760973153125e-13, 4.396334894600761e-13, 1.4225926222238758e-12, 4.814284958301763e-06, 1.3418542223538544e-09, 1.3418542169869678e-09, -7.982210289157746e-13], [-2.675340174372931e-13, 1.9728484213488014e-09, 1.471623003671671e-12, 4.3960713927089786e-13, 1.9728484114075008e-09, 4.814284958301609e-06, 4.3962861456778575e-13, 1.3432618126957934e-09, 1.4716386298256057e-12, 4.396364383296399e-13, -2.0524823455196133e-12, -1.5434067535034344e-12, 4.3962509570519835e-13, 1.3432618093964832e-09, -1.5433926272348896e-12, 1.1331155772400063e-12, 1.972848406562047e-09, 4.814284958324758e-06, 4.3962970198738457e-13, 1.3432618124092032e-09, 4.814284958297767e-06, 0.023523964554255886, 1.3432618078435755e-09, 3.277483386960181e-06, 4.396254860958579e-13, 1.343261805770545e-09, -1.543384490297261e-12, 1.1331130244028771e-12, 1.3432617929311797e-09, 3.2774833869571384e-06, 1.1331142746477819e-12, 9.123844456459724e-10], [-2.6753423936694866e-13, 1.4716302213561412e-12, 1.9728484037405767e-09, 4.39621700028257e-13, 1.9728484155610422e-09, 4.3963274370355817e-13, 4.8142849582978715e-06, 1.343261798949206e-09, 1.4716382997677188e-12, -2.052492551533916e-12, 4.3962815854011275e-13, -1.5433891786875303e-12, 4.3962491421008935e-13, -1.543390247845882e-12, 1.3432618113268428e-09, 1.1331143341009982e-12, 1.9728484159838883e-09, 4.396181112230085e-13, 4.814284958311261e-06, 1.3432618106046109e-09, 4.814284958309041e-06, 1.3432618078435755e-09, 0.02352396455425588, 3.277483386954978e-06, 4.396306333629314e-13, -1.5433814173400067e-12, 1.343261796043211e-09, 1.1331067561681737e-12, 1.3432617950276514e-09, 1.1331221889391824e-12, 3.277483386963556e-06, 9.12384445151317e-10], [-2.2668168277342613e-12, 8.78517524433914e-13, 8.785129174135494e-13, 1.3418542272657988e-09, 8.785089246175833e-13, 1.3418542237250367e-09, 1.341854223098908e-09, 3.277483386961847e-06, -3.352872857093587e-12, 1.4225916885459802e-12, 1.4225916573806738e-12, 1.1331223393102834e-12, 1.4225893386716366e-12, 1.1331171197416345e-12, 1.133120874219361e-12, 9.095377752891214e-10, 8.785209157785373e-13, 1.3418542228822383e-09, 1.3418542180924657e-09, 3.277483386956323e-06, 1.3418542286276994e-09, 3.277483386960181e-06, 3.277483386954978e-06, 0.016012530888816275, 1.4225890613025637e-12, 1.1331104601541126e-12, 1.133109113947969e-12, 9.095377766869167e-10, 1.133111571731804e-12, 9.095377831653793e-10, 9.095377800200527e-10, 2.2372515629177627e-06], [2.916544383475697e-09, -2.027104519228042e-13, -2.0270318616416592e-13, -7.655156503908619e-13, -2.0270869321307929e-13, -7.654995462110391e-13, -7.655067394264831e-13, -2.052475346281393e-12, 7.0734801514786336e-06, 1.975384364628403e-09, 1.9753843826277865e-09, 4.396256424224012e-13, 1.975384360660227e-09, 4.396189153765581e-13, 4.3961765444215346e-13, 1.422586070737332e-12, 7.073480151477078e-06, 1.9753843516563378e-09, 1.975384360785574e-09, 4.396195951709787e-13, 1.975384371884842e-09, 4.396254860958579e-13, 4.396306333629314e-13, 1.4225890613025637e-12, 0.034557485357174296, 4.8142849583117095e-06, 4.81428495830844e-06, 1.3418542271377724e-09, 4.81428495831462e-06, 1.3418542206992179e-09, 1.3418542272526942e-09, -7.98223425549437e-13], [-2.6753525810947963e-13, 1.9728484150661678e-09, 1.4716361628979197e-12, 4.396174478400723e-13, 1.4716325021140748e-12, 4.3963514226815516e-13, -2.0524861623678988e-12, -1.5433928027694667e-12, 1.9728483977758406e-09, 4.814284958302453e-06, 4.396273260137379e-13, 1.3432618126354477e-09, 4.396194621078059e-13, 1.3432618028128272e-09, -1.5433764843423715e-12, 1.1331169680045758e-12, 1.972848415606038e-09, 4.814284958313456e-06, 4.3962176630678394e-13, 1.3432617902854616e-09, 4.3962760973153125e-13, 1.343261805770545e-09, -1.5433814173400067e-12, 1.1331104601541126e-12, 4.8142849583117095e-06, 0.023523964554255886, 1.3432617986922404e-09, 3.2774833869603745e-06, 1.3432618034308639e-09, 3.2774833869572214e-06, 1.1331191366106926e-12, 9.123844456486268e-10], [-2.6753403176649167e-13, 1.471633970270251e-12, 1.972848409746729e-09, 4.396088500787429e-13, 1.4716327548186175e-12, -2.0524902649200946e-12, 4.3963142493906286e-13, -1.543395008297916e-12, 1.972848405136711e-09, 4.396378756503328e-13, 4.814284958301052e-06, 1.3432618116696465e-09, 4.39624722143464e-13, -1.5433848579885743e-12, 1.343261815157902e-09, 1.1331155166620547e-12, 1.9728484180020617e-09, 4.3962346643413726e-13, 4.8142849583001754e-06, 1.3432618018240552e-09, 4.396334894600761e-13, -1.543384490297261e-12, 1.343261796043211e-09, 1.133109113947969e-12, 4.81428495830844e-06, 1.3432617986922404e-09, 0.023523964554255854, 3.2774833869590688e-06, 1.3432618011815859e-09, 1.1331204637151047e-12, 3.2774833869610356e-06, 9.123844452983273e-10], [-2.266816656918143e-12, 8.785175032661884e-13, 8.785176446647666e-13, 1.3418542225580416e-09, -3.352870779726506e-12, 1.4225901541491036e-12, 1.4225919639988913e-12, 1.1331149692834762e-12, 8.78507172714369e-13, 1.3418542189774652e-09, 1.3418542252970842e-09, 3.277483386962404e-06, 1.4225885754325227e-12, 1.1331169057528527e-12, 1.133119279117198e-12, 9.095377944414593e-10, 8.78520765940553e-13, 1.3418542201310902e-09, 1.3418542232274839e-09, 3.277483386952806e-06, 1.4225926222238758e-12, 1.1331130244028771e-12, 1.1331067561681737e-12, 9.095377766869167e-10, 1.3418542271377724e-09, 3.2774833869603745e-06, 3.2774833869590688e-06, 0.016012530888816268, 1.1331184979044333e-12, 9.095377863526495e-10, 9.095377886970441e-10, 2.23725156291701e-06], [-2.675345324681979e-13, 1.4716222759719716e-12, 1.4716260530980125e-12, -2.052480361533754e-12, 1.9728484092003223e-09, 4.396249523001429e-13, 4.396185523341407e-13, -1.5433878418997356e-12, 1.9728484212090062e-09, 4.396208894457107e-13, 4.3961808963485664e-13, -1.5433888393199406e-12, 4.814284958308654e-06, 1.343261805177366e-09, 1.3432618091367663e-09, 1.1331126785727818e-12, 1.9728484191790764e-09, 4.396222846410233e-13, 4.3963613796756937e-13, -1.5433839158550036e-12, 4.814284958301763e-06, 1.3432617929311797e-09, 1.3432617950276514e-09, 1.133111571731804e-12, 4.81428495831462e-06, 1.3432618034308639e-09, 1.3432618011815859e-09, 1.1331184979044333e-12, 0.02352396455425588, 3.277483386955649e-06, 3.2774833869639477e-06, 9.123844464846427e-10], [-2.2668166768121014e-12, 8.785148162560672e-13, -3.3528806185446305e-12, 1.4225909316932107e-12, 8.785187153457166e-13, 1.3418542224724082e-09, 1.4225881276213429e-12, 1.1331139068992124e-12, 8.785191094801413e-13, 1.341854222803071e-09, 1.42258915162215e-12, 1.1331191747734846e-12, 1.341854225758888e-09, 3.2774833869470773e-06, 1.1331136589727085e-12, 9.095377847097764e-10, 8.785141095957516e-13, 1.3418542276145057e-09, 1.4225914708276466e-12, 1.1331240710876391e-12, 1.3418542223538544e-09, 3.2774833869571384e-06, 1.1331221889391824e-12, 9.095377831653793e-10, 1.3418542206992179e-09, 3.2774833869572214e-06, 1.1331204637151047e-12, 9.095377863526495e-10, 3.277483386955649e-06, 0.016012530888816247, 9.095377912045739e-10, 2.2372515629177763e-06], [-2.2668166023688816e-12, -3.352868110299304e-12, 8.785191249630196e-13, 1.4225871257161816e-12, 8.785055290891548e-13, 1.422588081949581e-12, 1.3418542246434065e-09, 1.133113398637469e-12, 8.785194334571865e-13, 1.4225964172294584e-12, 1.3418542228799828e-09, 1.1331053073836376e-12, 1.3418542283700608e-09, 1.133119773098203e-12, 3.2774833869551644e-06, 9.095377841705172e-10, 8.78514689830096e-13, 1.4225867923271456e-12, 1.3418542322677941e-09, 1.1331108240390135e-12, 1.3418542169869678e-09, 1.1331142746477819e-12, 3.277483386963556e-06, 9.095377800200527e-10, 1.3418542272526942e-09, 1.1331191366106926e-12, 3.2774833869610356e-06, 9.095377886970441e-10, 3.2774833869639477e-06, 9.095377912045739e-10, 0.01601253088881624, 2.2372515629169877e-06], [3.3755724412629663e-12, -5.855134778771412e-13, -5.85509164326928e-13, -7.982213922371901e-13, -5.85511402495758e-13, -7.982141142221474e-13, -7.982209782939091e-13, 9.123844451846624e-10, -5.855118354217831e-13, -7.98222118932736e-13, -7.982222683611571e-13, 9.123844461008203e-10, -7.982228706055124e-13, 9.123844454875553e-10, 9.123844448064366e-10, 2.2372515629172914e-06, -5.855123337258822e-13, -7.982220279972655e-13, -7.982219178235164e-13, 9.123844466144175e-10, -7.982210289157746e-13, 9.123844456459724e-10, 9.12384445151317e-10, 2.2372515629177627e-06, -7.98223425549437e-13, 9.123844456486268e-10, 9.123844452983273e-10, 2.23725156291701e-06, 9.123844464846427e-10, 2.2372515629177763e-06, 2.2372515629169877e-06, 0.010885140488221305]], [[0.044383790998135504, 6.184814486961807e-06, 6.184814486960378e-06, 1.7216899568786856e-09, 6.1848144869604565e-06, 1.7216899570560687e-09, 1.721689958795948e-09, 3.3230427397873694e-13, 6.184814486960593e-06, 1.7216899581096401e-09, 1.7216899581077256e-09, 3.3230429731178697e-13, 1.7216899584074253e-09, 3.323044563506672e-13, 3.3230477200400053e-13, -1.0646067284668416e-13, 6.184814486961655e-06, 1.7216899581715054e-09, 1.721689957829623e-09, 3.32304048571739e-13, 1.7216899584323508e-09, 3.323045114466498e-13, 3.323046798983719e-13, -1.0646006308325873e-13, 1.7216899587838277e-09, 3.3230456872113503e-13, 3.323040394825433e-13, -1.0646061296453831e-13, 3.323048598147754e-13, -1.0646040528840504e-13, -1.0646053121797481e-13, -3.392091457882635e-14, 6.184814486961292e-06, 1.7216899583153074e-09, 1.721689958037905e-09, 3.3230515853968037e-13, 1.7216899579619098e-09, 3.323046295158603e-13, 3.3230534073238016e-13, -1.0646099388314755e-13, 1.721689958132093e-09, 3.3230536500619047e-13, 3.323043145443261e-13, -1.0646027876522923e-13, 3.3230496942348183e-13, -1.0646041958306806e-13, -1.0646030473045972e-13, -3.3920990004829685e-14, 1.7216899580224596e-09, 3.323045665612225e-13, 3.323051715072219e-13, -1.0646103529737465e-13, 3.323043250699523e-13, -1.0646070875221792e-13, -1.0646062693955039e-13, -3.392113477773443e-14, 3.3230466163449264e-13, -1.0646090055655317e-13, -1.0646029874487919e-13, -3.39213964597835e-14, -1.0646080722021588e-13, -3.392086891312089e-14, -3.3921085494874675e-14, 3.7884882916878634e-13], [6.184814486961807e-06, 0.030209237124288222, 1.7250835428417154e-09, 4.2097030236121755e-06, 1.7250835410903422e-09, 4.2097030236039906e-06, 3.641400652194549e-13, 1.1780834905559832e-09, 1.7250835401071073e-09, 4.209703023598692e-06, 3.6412626672162924e-13, 1.178083503570434e-09, 3.6412938387336396e-13, 1.178083505783351e-09, -2.2823459293301067e-13, 2.0924960754450145e-13, 1.7250835440846684e-09, 4.209703023593677e-06, 3.6413002936100716e-13, 1.1780835073832125e-09, 3.6412814037289295e-13, 1.1780835089787269e-09, -2.282350168656206e-13, 2.0925014128195622e-13, 3.641427506171298e-13, 1.1780835003257109e-09, -2.2823537053883235e-13, 2.0925616844315047e-13, -2.282418945460598e-13, 2.092530955762887e-13, 7.478583199254968e-14, 4.4684625570449177e-13, 1.7250835389150296e-09, 4.2097030236058574e-06, 3.641328069817828e-13, 1.1780834951449643e-09, 3.641359130277034e-13, 1.178083499319684e-09, -2.2823890354579145e-13, 2.0925849248372517e-13, 3.6413533295369927e-13, 1.1780835008797118e-09, -2.282335960528178e-13, 2.092535446266046e-13, -2.282360727214268e-13, 2.0924701383475314e-13, 7.477330497206599e-14, 4.4684483562276627e-13, 3.6413637597723173e-13, 1.178083503621639e-09, -2.2823467507956953e-13, 2.0924932827175906e-13, -2.2823637533902836e-13, 2.0925095385521367e-13, 7.477974582888696e-14, 4.4684844570248665e-13, -2.2824840917729975e-13, 2.092599564510237e-13, 7.478024048933922e-14, 4.468432263796766e-13, 7.478633283521366e-14, 4.4684628614835667e-13, -2.668434008967698e-12, 6.866870469411897e-15], [6.184814486960378e-06, 1.7250835428417154e-09, 0.030209237124288198, 4.209703023601734e-06, 1.7250835370193503e-09, 3.6413607815593623e-13, 4.209703023601313e-06, 1.178083508017411e-09, 1.7250835377050588e-09, 3.6413693691498494e-13, 4.209703023603785e-06, 1.1780834994501553e-09, 3.641355798366222e-13, -2.282397411064567e-13, 1.1780835003705474e-09, 2.0925189100464273e-13, 1.7250835345191995e-09, 3.641365388195125e-13, 4.20970302360983e-06, 1.1780835027057105e-09, 3.6414182092870446e-13, -2.2823770711116684e-13, 1.1780834991182962e-09, 2.0925476633686517e-13, 3.6413020512401907e-13, -2.2823547568933226e-13, 1.178083498993208e-09, 2.0925535189416005e-13, -2.282379645880381e-13, 7.478035229433722e-14, 2.0925471338459503e-13, 4.4684676399429063e-13, 1.725083536635425e-09, 3.641307926254982e-13, 4.2097030236020754e-06, 1.1780835017085105e-09, 3.641382794546322e-13, -2.2824048923636613e-13, 1.1780835021252414e-09, 2.0924728081103517e-13, 3.6413485833380257e-13, -2.282368750142218e-13, 1.1780834989276788e-09, 2.0925066031035085e-13, -2.2823977523485595e-13, 7.47840064117362e-14, 2.0925549036598274e-13, 4.468460884868603e-13, 3.641311574964224e-13, -2.282390770240096e-13, 1.1780835009233112e-09, 2.0925275298527902e-13, -2.282364253538784e-13, 7.478131990600134e-14, 2.092545953352852e-13, 4.4684881790492775e-13, -2.2823125114962453e-13, 7.477899007331778e-14, 2.0925448101025773e-13, 4.468501058724026e-13, 7.478270738916322e-14, -2.6684433384071003e-12, 4.4684513602557356e-13, 6.867436489373039e-15], [1.7216899568786856e-09, 4.2097030236121755e-06, 4.209703023601734e-06, 0.020561309578840132, 3.641370758370221e-13, 1.1795251809344506e-09, 1.1790713305010581e-09, 2.864475200714686e-06, 3.641247494277477e-13, 1.179114811912857e-09, 1.1782619987770683e-09, 2.86447627758709e-06, -4.537076808307942e-14, 7.744475849521907e-13, 3.137762618774316e-14, 7.986902663227309e-10, 3.641389084690343e-13, 1.1780853527788646e-09, 1.1798365266427473e-09, 2.8644773032992718e-06, -1.3763530894468918e-12, 1.1530419666301308e-12, -3.1243165459168605e-13, 7.968327630384414e-10, 5.019493104819385e-13, 6.170009401749452e-13, -5.737830262755411e-13, 7.992016100264204e-10, -9.329501154357266e-13, -7.030468913531947e-14, 6.782766195728055e-13, 2.1581183844388156e-13, 3.6413146087017487e-13, 1.1789369887669974e-09, 1.1784924983550127e-09, 2.8644749994760595e-06, 1.3828869082396462e-13, -5.737872302967879e-13, 6.169978337840675e-13, 7.993375091920258e-10, -5.203196849193169e-13, -3.124290771285932e-13, 1.1530483381898532e-12, 7.981113493564048e-10, 1.370895208002775e-12, -1.8154860338868257e-13, -6.249382968196032e-13, 2.1580608725121021e-13, 2.6561116493750965e-13, 3.1369581801859594e-14, 7.744491227023656e-13, 7.986306442162516e-10, 3.4517618807491473e-13, 4.704436421661341e-13, 6.126142434711965e-14, 2.158238481039909e-13, -7.316902125655235e-13, -3.5747221188133055e-13, -2.535026671231943e-13, 2.158105009358618e-13, -9.717353146052126e-13, 1.7791977683573934e-14, 1.7809513418810784e-14, -1.4504141124417505e-13], [6.1848144869604565e-06, 1.7250835410903422e-09, 1.7250835370193503e-09, 3.641370758370221e-13, 0.03020923712428822, 4.209703023601353e-06, 4.209703023606541e-06, 1.178083501085922e-09, 1.7250835345607341e-09, 3.6413236283982844e-13, 3.641343568245808e-13, -2.28235484888169e-13, 4.209703023601447e-06, 1.1780835055245487e-09, 1.1780835021362e-09, 2.0925043980144284e-13, 1.7250835341950672e-09, 3.6413238305015655e-13, 3.641334098364298e-13, -2.282373525871978e-13, 4.20970302360279e-06, 1.1780835008145665e-09, 1.1780834988202417e-09, 2.0925585115956213e-13, 3.6413414520614767e-13, -2.2823892623733596e-13, -2.28240146874159e-13, 7.478186141978094e-14, 1.1780834992239117e-09, 2.0925336642248965e-13, 2.092538820983707e-13, 4.468461452862472e-13, 1.7250835408774687e-09, 3.641355987139651e-13, 3.641347425586251e-13, -2.2823633908671064e-13, 4.209703023601941e-06, 1.1780835027781965e-09, 1.1780835016655865e-09, 2.0925490437813528e-13, 3.6413528789556945e-13, -2.2823431907123345e-13, -2.2823572433162994e-13, 7.477868071246774e-14, 1.1780835046187811e-09, 2.092527541913402e-13, 2.092548586127097e-13, 4.468461081341334e-13, 3.6413458965580565e-13, -2.2823719106733053e-13, -2.2823896528776396e-13, 7.478513115881029e-14, 1.17808350151179e-09, 2.0925491703905837e-13, 2.0925458193747275e-13, 4.468478844565821e-13, -2.2823808645286543e-13, 7.478328734888423e-14, 7.478082683149523e-14, -2.6684391295204174e-12, 2.0925486999876994e-13, 4.468494116273189e-13, 4.468422086360789e-13, 6.867154202916215e-15], [1.7216899570560687e-09, 4.2097030236039906e-06, 3.6413607815593623e-13, 1.1795251809344506