{"r1": 0.8655555555555555, "r2": 0.8655555555555555, "theta": 179.0, "sequence": [[[0.06719794703722125, 0.0037765966677480857], [0.0037765966677480857, 0.06713203131758366]], [[0.00422967973261678, 0.0005072789156114464, 0.0005072789155560617, 2.4399045129672553e-05], [0.0005072789156114464, 0.06272398038909871, -3.2886848116340806e-07, -3.4804471012137494e-06], [0.0005072789155560617, -3.2886848116340806e-07, 0.0627239802944566, -3.4804463308861535e-06], [2.4399045129672553e-05, -3.4804471012137494e-06, -3.4804463308861535e-06, 0.00422088529771806]], [[0.00021957921267692806, 2.1644008155909472e-05, 2.1644008157371288e-05, 1.1403133864561818e-06, 2.1644008157392156e-05, 1.1403133864502808e-06, 1.1403133860818752e-06, -2.476258452017357e-08], [2.1644008155909472e-05, 0.0042035355704626385, 0.0001036583320473218, 0.00023196861780232637, 0.00010365833204284071, 0.00023196861780319812, 1.0235098480837476e-06, -2.8587550289404264e-06], [2.1644008157371288e-05, 0.0001036583320473218, 0.004203535570904293, 0.00023196861780518623, 0.00010365833232980425, 1.0235098416872006e-06, 0.0002319686178154386, -2.858755029165758e-06], [1.1403133864561818e-06, 0.00023196861780232637, 0.00023196861780518623, 0.004195497058792114, 1.0235098414247384e-06, 9.964965530975154e-05, 9.964965439661544e-05, -1.485117074634826e-05], [2.1644008157392156e-05, 0.00010365833204284071, 0.00010365833232980425, 1.0235098414247384e-06, 0.004203535570913038, 0.0002319686178066968, 0.00023196861781600922, -2.858755029108351e-06], [1.1403133864502808e-06, 0.00023196861780319812, 1.0235098416872006e-06, 9.964965530975154e-05, 0.0002319686178066968, 0.004195497058678097, 9.964965434775684e-05, -1.4851170744619934e-05], [1.1403133860818752e-06, 1.0235098480837476e-06, 0.0002319686178154386, 9.964965439661544e-05, 0.00023196861781600922, 9.964965434775684e-05, 0.004195497056983685, -1.4851170727246717e-05], [-2.476258452017357e-08, -2.8587550289404264e-06, -2.858755029165758e-06, -1.485117074634826e-05, -2.858755029108351e-06, -1.4851170744619934e-05, -1.4851170727246717e-05, 0.00021940256319922478]], [[2.273005903789396e-05, 1.1515482400300025e-06, 1.1515482400274777e-06, 1.670402237640858e-07, 1.1515482400310886e-06, 1.6704022377137129e-07, 1.670402237713803e-07, -1.2383289565840242e-09, 1.1515482400296137e-06, 1.6704022377138534e-07, 1.670402237713723e-07, -1.2383289580996215e-09, 1.6704022377138084e-07, -1.238328958705162e-09, -1.2383289595131803e-09, -6.408248304407189e-11], [1.1515482400300025e-06, 0.00016868516486423198, 3.108874013658293e-07, 3.6163787220719925e-05, 3.1088740132402546e-07, 3.616378722069318e-05, 2.5547375859664386e-09, 6.341021810680682e-08, 3.108874012749484e-07, 3.616378722077079e-05, 2.554737632519141e-09, 6.341021804204333e-08, 2.554737675067111e-09, 6.341021796611664e-08, -2.8761604966901504e-11, -6.622104343199593e-09], [1.1515482400274777e-06, 3.108874013658293e-07, 0.00016868516486423198, 3.616378722081727e-05, 3.108874013578262e-07, 2.5547377504044147e-09, 3.616378722073622e-05, 6.341021796001785e-08, 3.1088740135417544e-07, 2.554737755944128e-09, 3.616378722073679e-05, 6.341021789943695e-08, 2.5547377229060013e-09, -2.8761915687886577e-11, 6.341021798888038e-08, -6.622104294109898e-09], [1.670402237640858e-07, 3.6163787220719925e-05, 3.616378722081727e-05, 0.003938236536655489, 2.554737662386466e-09, 1.0614186551675163e-07, 1.0614186555548268e-07, 3.2550159581973106e-06, 2.5547376342118285e-09, 1.0614186541855684e-07, 1.0614186537513423e-07, 3.2550159582572747e-06, -4.966734679218083e-10, -1.0609441081955003e-09, -1.0609440487476272e-09, -1.6796381711418068e-07], [1.1515482400310886e-06, 3.1088740132402546e-07, 3.108874013578262e-07, 2.554737662386466e-09, 0.0001686851648641159, 3.616378722075244e-05, 3.616378722073557e-05, 6.34102180646976e-08, 3.1088740150276773e-07, 2.554737631399866e-09, 2.554737690512778e-09, -2.8761768676379834e-11, 3.6163787220746936e-05, 6.341021788707304e-08, 6.341021799048243e-08, -6.622104564498654e-09], [1.6704022377137129e-07, 3.616378722069318e-05, 2.5547377504044147e-09, 1.0614186551675163e-07, 3.616378722075244e-05, 0.003938236536655169, 1.0614186582057706e-07, 3.2550159582548365e-06, 2.5547376403383723e-09, 1.0614186545305418e-07, -4.96673556826873e-10, -1.0609441698066352e-09, 1.0614186545494891e-07, 3.255015958291841e-06, -1.060944128398221e-09, -1.6796381715371838e-07], [1.670402237713803e-07, 2.5547375859664386e-09, 3.616378722073622e-05, 1.0614186555548268e-07, 3.616378722073557e-05, 1.0614186582057706e-07, 0.003938236536654792, 3.2550159581668484e-06, 2.55473776881258e-09, -4.966733363055077e-10, 1.0614186561631427e-07, -1.0609440058875822e-09, 1.0614186543710723e-07, -1.0609440893886725e-09, 3.255015958183457e-06, -1.6796381715398795e-07], [-1.2383289565840242e-09, 6.341021810680682e-08, 6.341021796001785e-08, 3.2550159581973106e-06, 6.34102180646976e-08, 3.2550159582548365e-06, 3.2550159581668484e-06, 0.0001676620922477568, -2.8761624069112485e-11, -1.0609440520810101e-09, -1.0609440897013047e-09, -2.4208060835663002e-08, -1.0609440835436821e-09, -2.4208060895207298e-08, -2.4208061134693644e-08, -1.1800026032147132e-07], [1.1515482400296137e-06, 3.108874012749484e-07, 3.1088740135417544e-07, 2.5547376342118285e-09, 3.1088740150276773e-07, 2.5547376403383723e-09, 2.55473776881258e-09, -2.8761624069112485e-11, 0.00016868516486402303, 3.616378722067273e-05, 3.616378722077329e-05, 6.341021802399276e-08, 3.6163787220687406e-05, 6.341021797366964e-08, 6.341021811941424e-08, -6.622104352699103e-09], [1.6704022377138534e-07, 3.616378722077079e-05, 2.554737755944128e-09, 1.0614186541855684e-07, 2.554737631399866e-09, 1.0614186545305418e-07, -4.966733363055077e-10, -1.0609440520810101e-09, 3.616378722067273e-05, 0.003938236536654878, 1.0614186585240513e-07, 3.2550159582114197e-06, 1.0614186561473407e-07, 3.2550159581920514e-06, -1.0609440920274766e-09, -1.6796381715471746e-07], [1.670402237713723e-07, 2.554737632519141e-09, 3.616378722073679e-05, 1.0614186537513423e-07, 2.554737690512778e-09, -4.96673556826873e-10, 1.0614186561631427e-07, -1.0609440897013047e-09, 3.616378722077329e-05, 1.0614186585240513e-07, 0.003938236536654989, 3.255015958204044e-06, 1.061418655374031e-07, -1.0609441304571272e-09, 3.255015958268561e-06, -1.679638171541774e-07], [-1.2383289580996215e-09, 6.341021804204333e-08, 6.341021789943695e-08, 3.2550159582572747e-06, -2.8761768676379834e-11, -1.0609441698066352e-09, -1.0609440058875822e-09, -2.4208060835663002e-08, 6.341021802399276e-08, 3.2550159582114197e-06, 3.255015958204044e-06, 0.00016766209224778028, -1.0609441240747885e-09, -2.4208060922798962e-08, -2.4208060926464488e-08, -1.1800026032243642e-07], [1.6704022377138084e-07, 2.554737675067111e-09, 2.5547377229060013e-09, -4.966734679218083e-10, 3.6163787220746936e-05, 1.0614186545494891e-07, 1.0614186543710723e-07, -1.0609440835436821e-09, 3.6163787220687406e-05, 1.0614186561473407e-07, 1.061418655374031e-07, -1.0609441240747885e-09, 0.003938236536655298, 3.2550159582388043e-06, 3.255015958203274e-06, -1.6796381715048827e-07], [-1.238328958705162e-09, 6.341021796611664e-08, -2.8761915687886577e-11, -1.0609441081955003e-09, 6.341021788707304e-08, 3.255015958291841e-06, -1.0609440893886725e-09, -2.4208060895207298e-08, 6.341021797366964e-08, 3.2550159581920514e-06, -1.0609441304571272e-09, -2.4208060922798962e-08, 3.2550159582388043e-06, 0.0001676620922479744, -2.4208061095922015e-08, -1.1800026034162067e-07], [-1.2383289595131803e-09, -2.8761604966901504e-11, 6.341021798888038e-08, -1.0609440487476272e-09, 6.341021799048243e-08, -1.060944128398221e-09, 3.255015958183457e-06, -2.4208061134693644e-08, 6.341021811941424e-08, -1.0609440920274766e-09, 3.255015958268561e-06, -2.4208060926464488e-08, 3.255015958203274e-06, -2.4208061095922015e-08, 0.0001676620922479658, -1.1800026033024843e-07], [-6.408248304407189e-11, -6.622104343199593e-09, -6.622104294109898e-09, -1.6796381711418068e-07, -6.622104564498654e-09, -1.6796381715371838e-07, -1.6796381715398795e-07, -1.1800026032147132e-07, -6.622104352699103e-09, -1.6796381715471746e-07, -1.679638171541774e-07, -1.1800026032243642e-07, -1.6796381715048827e-07, -1.1800026034162067e-07, -1.1800026033024843e-07, 2.2694163224220706e-05]], [[7.563996905512143e-06, 7.742282109623563e-08, 7.742282109620218e-08, 9.122167897360342e-09, 7.74228210960712e-08, 9.122167897361967e-09, 9.12216789736789e-09, 8.357944798107689e-10, 7.742282109618826e-08, 9.122167897367191e-09, 9.122167897369287e-09, 8.357944798052599e-10, 9.122167897368354e-09, 8.357944798147031e-10, 8.357944798147757e-10, -1.8583457315618334e-11, 7.742282109618732e-08, 9.122167897367775e-09, 9.122167897368124e-09, 8.357944798096874e-10, 9.12216789736766e-09, 8.357944798109868e-10, 8.357944798142241e-10, -1.858345731785415e-11, 9.122167897368124e-09, 8.35794479812881e-10, 8.357944798105005e-10, -1.85834573216038e-11, 8.357944798129755e-10, -1.8583457316436264e-11, -1.8583457317574477e-11, 1.7463263633836519e-12], [7.742282109623563e-08, 1.8980055677064807e-05, 1.0426785726654364e-08, 1.4158196349762107e-06, 1.0465548652947362e-08, 1.4158194537574546e-06, 9.067882774594519e-09, 3.118536814022739e-07, 1.0489817206094876e-08, 1.4158193410721554e-06, 9.067770075110637e-09, 3.1185376824225564e-07, 9.067588802963502e-09, 3.118536326982381e-07, -6.004538792002127e-08, -1.5339863721273873e-09, 1.0437692400114229e-08, 1.415819582673513e-06, 9.068011633579547e-09, 3.118537177687685e-07, 9.067830395687634e-09, 3.118535822385839e-07, -6.004543836484186e-08, -1.5220989150863113e-09, 9.067717727110528e-09, 3.118536690102149e-07, -6.004535159491909e-08, -1.5137330128604769e-09, -6.004548707860046e-08, -1.5546107236148541e-09, 3.274848073081138e-10, -6.253388100654803e-11], [7.742282109620218e-08, 1.0426785726654364e-08, 1.8980107432238196e-05, 1.4158193895922933e-06, 1.0453616341557138e-08, 9.06794009748327e-09, 1.4158192656244375e-06, 3.1185388782806576e-07, 1.0435461837807994e-08, 9.068024083874628e-09, 1.415819349653389e-06, 3.118536141075835e-07, 9.067900194562237e-09, -6.004552550830617e-08, 3.1185359048764934e-07, -1.5322375520650067e-09, 1.0452224959269965e-08, 9.067945677333014e-09, 1.4158192712714387e-06, 3.118538550965667e-07, 9.06782177617391e-09, -6.004528453853147e-08, 3.1185383144458764e-07, -1.4807343833738505e-09, 9.067905770287343e-09, -6.004555825145623e-08, 3.1185355770022145e-07, -1.5453561043804079e-09, -6.00455819395571e-08, 3.1591297250426293e-10, -1.554529109967511e-09, -6.253384609841911e-11], [9.122167897360342e-09, 1.4158196349762107e-06, 1.4158193895922933e-06, 0.0002080305223633374, 9.067758845625716e-09, 2.270436931664806e-06, 2.2704369339839143e-06, 3.201920751178634e-05, 9.067730131538379e-09, 2.2704369316653034e-06, 2.2704369338531967e-06, 3.2019207512777794e-05, -1.3581863327571343e-06, -5.667972308269186e-06, -5.667972308654897e-06, -1.3834671526781248e-07, 9.067893349750523e-09, 2.270436931053399e-06, 2.270436933220213e-06, 3.201920751158458e-05, -1.3581863334205748e-06, -5.667972309466516e-06, -5.667972309840798e-06, -1.3834707800100366e-07, -1.358186333536247e-06, -5.667972308465318e-06, -5.667972308755397e-06, -1.3834677356334048e-07, 7.80177443964012e-06, 2.0255210756880887e-08, 2.0255204674403994e-08, -1.098679955823319e-09], [7.74228210960712e-08, 1.0465548652947362e-08, 1.0453616341557138e-08, 9.067758845625716e-09, 1.8980087630160633e-05, 1.4158193046209308e-06, 1.4158193620151608e-06, 3.1185367283471863e-07, 1.0417652947308618e-08, 9.067923973883037e-09, 9.067981294344693e-09, -6.004534809583023e-08, 1.415819527100971e-06, 3.1185371175717063e-07, 3.118538237941876e-07, -1.5144654036557946e-09, 1.0451072969952337e-08, 9.067768268349038e-09, 9.067825591499382e-09, -6.004551775112107e-08, 1.4158193713960245e-06, 3.1185354208423903e-07, 3.1185365416038786e-07, -1.559170377700014e-09, 9.067990719064603e-09, -6.004547878541619e-08, -6.004536671115007e-08, 3.357630915647165e-10, 3.1185369312194265e-07, -1.5454063633314388e-09, -1.513665009731614e-09, -6.253371885870826e-11], [9.122167897361967e-09, 1.4158194537574546e-06, 9.06794009748327e-09, 2.270436931664806e-06, 1.4158193046209308e-06, 0.00020803052236459678, 2.2704369330453022e-06, 3.2019207513079426e-05, 9.067811276146459e-09, 2.2704369319093014e-06, -1.358186334121723e-06, -5.6679723098524235e-06, 2.270436933494893e-06, 3.2019207513323344e-05, -5.667972309613969e-06, -1.3834677309167066e-07, 9.067897165943638e-09, 2.2704369321382256e-06, -1.3581863338535651e-06, -5.66797230926969e-06, 2.2704369335766443e-06, 3.201920751383363e-05, -5.667972309019762e-06, -1.3834670621293715e-07, -1.3581863334783393e-06, -5.667972309033528e-06, 7.80177443758047e-06, 2.0254896291707835e-08, -5.6679723087769474e-06, -1.383465534059245e-07, 2.0254984978984736e-08, -1.09867994599385e-09], [9.12216789736789e-09, 9.067882774594519e-09, 1.4158192656244375e-06, 2.2704369339839143e-06, 1.4158193620151608e-06, 2.2704369330453022e-06, 0.00020803052236480132, 3.201920751220399e-05, 9.068065260184586e-09, -1.3581863342146137e-06, 2.270436932697277e-06, -5.667972309469976e-06, 2.270436931680971e-06, -5.667972308910852e-06, 3.201920751266642e-05, -1.3834682982815526e-07, 9.067831238642662e-09, -1.3581863332885361e-06, 2.270436933004043e-06, -5.667972309417279e-06, 2.270436932321759e-06, -5.667972308854775e-06, 3.201920751262782e-05, -1.383468184486389e-07, -1.3581863349143165e-06, 7.80177443894611e-06, -5.667972309028377e-06, 2.0255060148099748e-08, -5.667972308458493e-06, 2.0255154940929952e-08, -1.3834671819508458e-07, -1.0986799635665398e-09], [8.357944798107689e-10, 3.118536814022739e-07, 3.1185388782806576e-07, 3.201920751178634e-05, 3.1185367283471863e-07, 3.2019207513079426e-05, 3.201920751220399e-05, 0.0002063734288735487, -6.00455352575266e-08, -5.667972308716436e-06, -5.667972309569841e-06, 1.919149888748438e-06, -5.667972308242901e-06, 1.919149888969007e-06, 1.919149890754732e-06, -2.842197199347684e-07, -6.004551360402813e-08, -5.6679723090162715e-06, -5.667972309864615e-06, 1.9191498886408127e-06, -5.667972308535289e-06, 1.919149888917664e-06, 1.9191498900126037e-06, -2.84219814690018e-07, 7.801774439170762e-06, -1.2964861574792835e-06, -1.2964861559300206e-06, -4.726811937198458e-09, -1.2964861558871404e-06, -4.726719253825386e-09, -4.726449700086961e-09, -2.3642141604862394e-10], [7.742282109618826e-08, 1.0489817206094876e-08, 1.0435461837807994e-08, 9.067730131538379e-09, 1.0417652947308618e-08, 9.067811276146459e-09, 9.068065260184586e-09, -6.00455352575266e-08, 1.8980114756407815e-05, 1.4158190654874538e-06, 1.41581931955015e-06, 3.118535563160472e-07, 1.4158194006568664e-06, 3.1185386998553335e-07, 3.1185361917509005e-07, -1.5413939536507176e-09, 1.0417832651633007e-08, 9.067810703902615e-09, 9.06806474734311e-09, -6.004558802765845e-08, 9.068145875795066e-09, -6.004527436679857e-08, -6.004552518890557e-08, 3.063167599929842e-10, 1.4158194001162327e-06, 3.118538172421957e-07, 3.118535664411238e-07, -1.5591450391069948e-09, 3.1185388007727124e-07, -1.4804358814989114e-09, -1.5222861062110073e-09, -6.253387015986657e-11], [9.122167897367191e-09, 1.4158193410721554e-06, 9.068024083874628e-09, 2.2704369316653034e-06, 9.067923973883037e-09, 2.2704369319093014e-06, -1.3581863342146137e-06, -5.667972308716436e-06, 1.4158190654874538e-06, 0.00020803052236512414, 2.2704369341558895e-06, 3.201920751346456e-05, 2.270436934640162e-06, 3.201920751268413e-05, -5.667972308956925e-06, -1.3834665521077209e-07, 9.068052298590295e-09, 2.2704369312629916e-06, -1.3581863347751575e-06, -5.667972308735111e-06, -1.3581863343490307e-06, -5.667972309532749e-06, 7.80177443828377e-06, 2.0255069467929178e-08, 2.2704369335475233e-06, 3.2019207512671766e-05, -5.667972309046917e-06, -1.3834669201149583e-07, -5.667972309835934e-06, -1.3834684545430107e-07, 2.0254971833474695e-08, -1.0986799671561634e-09], [9.122167897369287e-09, 9.067770075110637e-09, 1.415819349653389e-06, 2.2704369338531967e-06, 9.067981294344693e-09, -1.358186334121723e-06, 2.270436932697277e-06, -5.667972309569841e-06, 1.41581931955015e-06, 2.2704369341558895e-06, 0.00020803052236547935, 3.2019207513862884e-05, 2.2704369327057657e-06, -5.667972309538531e-06, 3.2019207513270964e-05, -1.38346711869677e-07, 9.067986339601362e-09, -1.358186334502161e-06, 2.2704369321107475e-06, -5.667972308943835e-06, -1.3581863360131146e-06, 7.801774437196592e-06, -5.667972309502853e-06, 2.025495718155736e-08, 2.270436932612359e-06, -5.667972308858668e-06, 3.2019207513870975e-05, -1.3834652813471257e-07, -5.667972309489764e-06, 2.025486281592688e-08, -1.383467313926506e-07, -1.0986799519004495e-09], [8.357944798052599e-10, 3.1185376824225564e-07, 3.118536141075835e-07, 3.2019207512777794e-05, -6.004534809583023e-08, -5.6679723098524235e-06, -5.667972309469976e-06, 1.919149888748438e-06, 3.118535563160472e-07, 3.201920751346456e-05, 3.2019207513862884e-05, 0.00020637342887393548, -5.667972308747664e-06, 1.919149889286675e-06, 1.919149890382961e-06, -2.8421973999009755e-07, -6.004539736610731e-08, -5.667972309594635e-06, -5.667972309234681e-06, 1.9191498889136005e-06, 7.801774437624135e-06, -1.2964861577245298e-06, -1.2964861563037659e-06, -4.726791893765353e-09, -5.667972308545033e-06, 1.9191498891103442e-06, 1.9191498901824017e-06, -2.842196890181219e-07, -1.2964861561987776e-06, -4.7266214473450315e-09, -4.726673167494843e-09, -2.3642141636261053e-10], [9.122167897368354e-09, 9.067588802963502e-09, 9.067900194562237e-09, -1.3581863327571343e-06, 1.415819527100971e-06, 2.270436933494893e-06, 2.270436931680971e-06, -5.667972308242901e-06, 1.4158194006568664e-06, 2.270436934640162e-06, 2.2704369327057657e-06, -5.667972308747664e-06, 0.0002080305223639725, 3.201920751210249e-05, 3.20192075123329e-05, -1.383467697435069e-07, 9.067990162227983e-09, -1.3581863332737361e-06, -1.3581863349255488e-06, 7.801774439713962e-06, 2.270436931318222e-06, -5.667972308955449e-06, -5.667972308753493e-06, 2.0255328968754275e-08, 2.27043693221994e-06, -5.667972309473428e-06, -5.6679723092746725e-06, 2.0255141684700278e-08, 3.201920751160052e-05, -1.3834690126389227e-07, -1.3834695101562042e-07, -1.0986799675228266e-09], [8.357944798147031e-10, 3.118536326982381e-07, -6.004552550830617e-08, -5.667972308269186e-06, 3.1185371175717063e-07, 3.2019207513323344e-05, -5.667972308910852e-06, 1.919149888969007e-06, 3.1185386998553335e-07, 3.201920751268413e-05, -5.667972309538531e-06, 1.919149889286675e-06, 3.201920751210249e-05, 0.0002063734288728099, 1.9191498900488174e-06, -2.842197548460605e-07, -6.004549572838101e-08, -5.667972308663517e-06, 7.801774438670331e-06, -1.2964861565569311e-06, -5.667972309248604e-06, 1.919149888505586e-06, -1.2964861555136449e-06, -4.726684322385737e-09, -5.6679723098903595e-06, 1.919149888447831e-06, -1.2964861552908373e-06, -4.726606633028885e-09, 1.9191498896898914e-06, -2.8421988829940053e-07, -4.726581415314019e-09, -2.364214162854629e-10], [8.357944798147757e-10, -6.004538792002127e-08, 3.1185359048764934e-07, -5.667972308654897e-06, 3.118538237941876e-07, -5.667972309613969e-06, 3.201920751266642e-05, 1.919149890754732e-06, 3.1185361917509005e-07, -5.667972308956925e-06, 3.2019207513270964e-05, 1.919149890382961e-06, 3.20192075123329e-05, 1.9191498900488174e-06, 0.00020637342887241112, -2.842197364711584e-07, -6.004545233411243e-08, 7.801774438599104e-06, -5.667972308651214e-06, -1.296486155635427e-06, -5.667972309653713e-06, -1.2964861557393154e-06, 1.919149888146057e-06, -4.726433144471574e-09, -5.667972309043002e-06, -1.2964861556636902e-06, 1.9191498878274125e-06, -4.726676708867957e-09, 1.919149887861682e-06, -4.726599775544257e-09, -2.842200694198095e-07, -2.3642141603744325e-10], [-1.8583457315618334e-11, -1.5339863721273873e-09, -1.5322375520650067e-09, -1.3834671526781248e-07, -1.5144654036557946e-09, -1.3834677309167066e-07, -1.3834682982815526e-07, -2.842197199347684e-07, -1.5413939536507176e-09, -1.3834665521077209e-07, -1.38346711869677e-07, -2.8421973999009755e-07, -1.383467697435069e-07, -2.842197548460605e-07, -2.842197364711584e-07, 1.8941290467455207e-05, 3.251391099364795e-10, 2.0255080011407963e-08, 2.025502332526445e-08, -4.726664260430066e-09, 2.02549654848175e-08, -4.726679116587476e-09, -4.7266607444282166e-09, 1.0038127692300642e-09, 2.0255083409271955e-08, -4.72669917733834e-09, -4.726680835416616e-09, 9.987886357849111e-10, -4.726695660072664e-09, 9.950923639477014e-10, 9.99543109770248e-10, -2.2152870267405987e-08], [7.742282109618732e-08, 1.0437692400114229e-08, 1.0452224959269965e-08, 9.067893349750523e-09, 1.0451072969952337e-08, 9.067897165943638e-09, 9.067831238642662e-09, -6.004551360402813e-08, 1.0417832651633007e-08, 9.068052298590295e-09, 9.067986339601362e-09, -6.004539736610731e-08, 9.067990162227983e-09, -6.004549572838101e-08, -6.004545233411243e-08, 3.251391099364795e-10, 1.8980116698145492e-05, 1.415819299592367e-06, 1.4158192336662709e-06, 3.118537261166163e-07, 1.4158192374640238e-06, 3.1185362778269164e-07, 3.1185367115102153e-07, -1.5412572595043582e-09, 1.415819392584797e-06, 3.118537439884001e-07, 3.118537873661639e-07, -1.5144731014538198e-09, 3.1185368902497e-07, -1.5324041710458656e-09, -1.533948758528716e-09, -6.253385116135089e-11], [9.122167897367775e-09, 1.415819582673513e-06, 9.067945677333014e-09, 2.270436931053399e-06, 9.067768268349038e-09, 2.2704369321382256e-06, -1.3581863332885361e-06, -5.6679723090162715e-06, 9.067810703902615e-09, 2.2704369312629916e-06, -1.358186334502161e-06, -5.667972309594635e-06, -1.3581863332737361e-06, -5.667972308663517e-06, 7.801774438599104e-06, 2.0255080011407963e-08, 1.415819299592367e-06, 0.00020803052236406932, 2.2704369331518556e-06, 3.2019207512266843e-05, 2.270436934659033e-06, 3.201920751326049e-05, -5.667972308973458e-06, -1.383468095484702e-07, 2.2704369337902796e-06, 3.201920751266968e-05, -5.6679723095912875e-06, -1.3834691251272282e-07, -5.667972308630941e-06, -1.3834663395455863e-07, 2.0255124609463686e-08, -1.098679957930507e-09], [9.122167897368124e-09, 9.068011633579547e-09, 1.4158192712714387e-06, 2.270436933220213e-06, 9.067825591499382e-09, -1.3581863338535651e-06, 2.270436933004043e-06, -5.667972309864615e-06, 9.06806474734311e-09, -1.3581863347751575e-06, 2.2704369321107475e-06, -5.667972309234681e-06, -1.3581863349255488e-06, 7.801774438670331e-06, -5.667972308651214e-06, 2.025502332526445e-08, 1.4158192336662709e-06, 2.2704369331518556e-06, 0.00020803052236552247, 3.201920751208311e-05, 2.2704369334058727e-06, -5.667972309501085e-06, 3.201920751268597e-05, -1.3834692180162954e-07, 2.270436932205075e-06, -5.667972308921115e-06, 3.201920751327209e-05, -1.383467487145488e-07, -5.6679723082712425e-06, 2.0255074387856385e-08, -1.3834657857969068e-07, -1.0986799600642922e-09], [8.357944798096874e-10, 3.118537177687685e-07, 3.118538550965667e-07, 3.201920751158458e-05, -6.004551775112107e-08, -5.66797230926969e-06, -5.667972309417279e-06, 1.9191498886408127e-06, -6.004558802765845e-08, -5.667972308735111e-06, -5.667972308943835e-06, 1.9191498889136005e-06, 7.801774439713962e-06, -1.2964861565569311e-06, -1.296486155635427e-06, -4.726664260430066e-09, 3.118537261166163e-07, 3.2019207512266843e-05, 3.201920751208311e-05, 0.00020637342887246143, -5.667972308773115e-06, 1.9191498888095383e-06, 1.919149890020262e-06, -2.842199623986718e-07, -5.667972308238862e-06, 1.91914988897312e-06, 1.9191498900176046e-06, -2.8421981661393695e-07, -1.296486155320434e-06, -4.7266266649401996e-09, -4.726445576833744e-09, -2.364214165985341e-10], [9.12216789736766e-09, 9.067830395687634e-09, 9.06782177617391e-09, -1.3581863334205748e-06, 1.4158193713960245e-06, 2.2704369335766443e-06, 2.270436932321759e-06, -5.667972308535289e-06, 9.068145875795066e-09, -1.3581863343490307e-06, -1.3581863360131146e-06, 7.801774437624135e-06, 2.270436931318222e-06, -5.667972309248604e-06, -5.667972309653713e-06, 2.02549654848175e-08, 1.4158192374640238e-06, 2.270436934659033e-06, 2.2704369334058727e-06, -5.667972308773115e-06, 0.00020803052236542557, 3.2019207513851595e-05, 3.2019207513467706e-05, -1.3834655002059976e-07, 2.2704369321203126e-06, -5.667972309448352e-06, -5.667972309784526e-06, 2.0254921184223095e-08, 3.201920751278652e-05, -1.383466897471112e-07, -1.3834679829225559e-07, -1.0986799593630722e-09], [8.357944798109868e-10, 3.118535822385839e-07, -6.004528453853147e-08, -5.667972309466516e-06, 3.1185354208423903e-07, 3.201920751383363e-05, -5.667972308854775e-06, 1.919149888917664e-06, -6.004527436679857e-08, -5.667972309532749e-06, 7.801774437196592e-06, -1.2964861577245298e-06, -5.667972308955449e-06, 1.919149888505586e-06, -1.2964861557393154e-06, -4.726679116587476e-09, 3.1185362778269164e-07, 3.201920751326049e-05, -5.667972309501085e-06, 1.9191498888095383e-06, 3.2019207513851595e-05, 0.000206373428873026, 1.9191498907966556e-06, -2.8421985481844547e-07, -5.667972309514748e-06, 1.9191498887515953e-06, -1.2964861555373838e-06, -4.7267342119079155e-09, 1.919149890501931e-06, -2.842198935437109e-07, -4.726353828227934e-09, -2.364214161495907e-10], [8.357944798142241e-10, -6.004543836484186e-08, 3.1185383144458764e-07, -5.667972309840798e-06, 3.1185365416038786e-07, -5.667972309019762e-06, 3.201920751262782e-05, 1.9191498900126037e-06, -6.004552518890557e-08, 7.80177443828377e-06, -5.667972309502853e-06, -1.2964861563037659e-06, -5.667972308753493e-06, -1.2964861555136449e-06, 1.919149888146057e-06, -4.7266607444282166e-09, 3.1185367115102153e-07, -5.667972308973458e-06, 3.201920751268597e-05, 1.919149890020262e-06, 3.2019207513467706e-05, 1.9191498907966556e-06, 0.00020637342887283808, -2.8421960364328767e-07, -5.667972308689746e-06, -1.296486156017287e-06, 1.9191498876832204e-06, -4.726804298890851e-09, 1.9191498886939636e-06, -4.726605000356342e-09, -2.842198418281931e-07, -2.3642141600594835e-10], [-1.858345731785415e-11, -1.5220989150863113e-09, -1.4807343833738505e-09, -1.3834707800100366e-07, -1.559170377700014e-09, -1.3834670621293715e-07, -1.383468184486389e-07, -2.84219814690018e-07, 3.063167599929842e-10, 2.0255069467929178e-08, 2.025495718155736e-08, -4.726791893765353e-09, 2.0255328968754275e-08, -4.726684322385737e-09, -4.726433144471574e-09, 1.0038127692300642e-09, -1.5412572595043582e-09, -1.383468095484702e-07, -1.3834692180162954e-07, -2.842199623986718e-07, -1.3834655002059976e-07, -2.8421985481844547e-07, -2.8421960364328767e-07, 1.8941267240759748e-05, 2.0255225628637543e-08, -4.7268320092686424e-09, -4.7265808408319986e-09, 9.674374389034769e-10, -4.726473269514308e-09, 9.93378318261594e-10, 1.0558351082723593e-09, -2.2152870280509772e-08], [9.122167897368124e-09, 9.067717727110528e-09, 9.067905770287343e-09, -1.358186333536247e-06, 9.067990719064603e-09, -1.3581863334783393e-06, -1.3581863349143165e-06, 7.801774439170762e-06, 1.4158194001162327e-06, 2.2704369335475233e-06, 2.270436932612359e-06, -5.667972308545033e-06, 2.27043693221994e-06, -5.6679723098903595e-06, -5.667972309043002e-06, 2.0255083409271955e-08, 1.415819392584797e-06, 2.2704369337902796e-06, 2.270436932205075e-06, -5.667972308238862e-06, 2.2704369321203126e-06, -5.667972309514748e-06, -5.667972308689746e-06, 2.0255225628637543e-08, 0.00020803052236449993, 3.201920751220256e-05, 3.201920751305308e-05, -1.3834666716256357e-07, 3.201920751175958e-05, -1.3834698185336253e-07, -1.3834681139602802e-07, -1.0986799606314056e-09], [8.35794479812881e-10, 3.118536690102149e-07, -6.004555825145623e-08, -5.667972308465318e-06, -6.004547878541619e-08, -5.667972309033528e-06, 7.80177443894611e-06, -1.2964861574792835e-06, 3.118538172421957e-07, 3.2019207512671766e-05, -5.667972308858668e-06, 1.9191498891103442e-06, -5.667972309473428e-06, 1.919149888447831e-06, -1.2964861556636902e-06, -4.72669917733834e-09, 3.118537439884001e-07, 3.201920751266968e-05, -5.667972308921115e-06, 1.91914988897312e-06, -5.667972309448352e-06, 1.9191498887515953e-06, -1.296486156017287e-06, -4.7268320092686424e-09, 3.201920751220256e-05, 0.00020637342887350223, 1.9191498905712343e-06, -2.842196112687128e-07, 1.91914989017414e-06, -2.8421979577451087e-07, -4.7265772891714655e-09, -2.364214161469019e-10], [8.357944798105005e-10, -6.004535159491909e-08, 3.1185355770022145e-07, -5.667972308755397e-06, -6.004536671115007e-08, 7.80177443758047e-06, -5.667972309028377e-06, -1.2964861559300206e-06, 3.118535664411238e-07, -5.667972309046917e-06, 3.2019207513870975e-05, 1.9191498901824017e-06, -5.6679723092746725e-06, -1.2964861552908373e-06, 1.9191498878274125e-06, -4.726680835416616e-09, 3.118537873661639e-07, -5.6679723095912875e-06, 3.201920751327209e-05, 1.9191498900176046e-06, -5.667972309784526e-06, -1.2964861555373838e-06, 1.9191498876832204e-06, -4.7265808408319986e-09, 3.201920751305308e-05, 1.9191498905712343e-06, 0.00020637342887246482, -2.842196813649015e-07, 1.9191498883455154e-06, -4.726507198288022e-09, -2.842200652777325e-07, -2.364214159150624e-10], [-1.85834573216038e-11, -1.5137330128604769e-09, -1.5453561043804079e-09, -1.3834677356334048e-07, 3.357630915647165e-10, 2.0254896291707835e-08, 2.0255060148099748e-08, -4.726811937198458e-09, -1.5591450391069948e-09, -1.3834669201149583e-07, -1.3834652813471257e-07, -2.842196890181219e-07, 2.0255141684700278e-08, -4.726606633028885e-09, -4.726676708867957e-09, 9.987886357849111e-10, -1.5144731014538198e-09, -1.3834691251272282e-07, -1.383467487145488e-07, -2.8421981661393695e-07, 2.0254921184223095e-08, -4.7267342119079155e-09, -4.726804298890851e-09, 9.674374389034769e-10, -1.3834666716256357e-07, -2.842196112687128e-07, -2.842196813649015e-07, 1.8941303176804984e-05, -4.7265989772563865e-09, 1.0174540702744504e-09, 1.000847532690795e-09, -2.2152870261972403e-08], [8.357944798129755e-10, -6.004548707860046e-08, -6.00455819395571e-08, 7.80177443964012e-06, 3.1185369312194265e-07, -5.6679723087769474e-06, -5.667972308458493e-06, -1.2964861558871404e-06, 3.1185388007727124e-07, -5.667972309835934e-06, -5.667972309489764e-06, -1.2964861561987776e-06, 3.201920751160052e-05, 1.9191498896898914e-06, 1.919149887861682e-06, -4.726695660072664e-09, 3.1185368902497e-07, -5.667972308630941e-06, -5.6679723082712425e-06, -1.296486155320434e-06, 3.201920751278652e-05, 1.919149890501931e-06, 1.9191498886939636e-06, -4.726473269514308e-09, 3.201920751175958e-05, 1.91914989017414e-06, 1.9191498883455154e-06, -4.7265989772563865e-09, 0.0002063734288725003, -2.8421977407724704e-07, -2.842199735325125e-07, -2.364214158755998e-10], [-1.8583457316436264e-11, -1.5546107236148541e-09, 3.1591297250426293e-10, 2.0255210756880887e-08, -1.5454063633314388e-09, -1.383465534059245e-07, 2.0255154940929952e-08, -4.726719253825386e-09, -1.4804358814989114e-09, -1.3834684545430107e-07, 2.025486281592688e-08, -4.7266214473450315e-09, -1.3834690126389227e-07, -2.8421988829940053e-07, -4.726599775544257e-09, 9.950923639477014e-10, -1.5324041710458656e-09, -1.3834663395455863e-07, 2.0255074387856385e-08, -4.7266266649401996e-09, -1.383466897471112e-07, -2.842198935437109e-07, -4.726605000356342e-09, 9.93378318261594e-10, -1.3834698185336253e-07, -2.8421979577451087e-07, -4.726507198288022e-09, 1.0174540702744504e-09, -2.8421977407724704e-07, 1.894125896561528e-05, 1.0228140686648356e-09, -2.2152870269917165e-08], [-1.8583457317574477e-11, 3.274848073081138e-10, -1.554529109967511e-09, 2.0255204674403994e-08, -1.513665009731614e-09, 2.0254984978984736e-08, -1.3834671819508458e-07, -4.726449700086961e-09, -1.5222861062110073e-09, 2.0254971833474695e-08, -1.383467313926506e-07, -4.726673167494843e-09, -1.3834695101562042e-07, -4.726581415314019e-09, -2.842200694198095e-07, 9.99543109770248e-10, -1.533948758528716e-09, 2.0255124609463686e-08, -1.3834657857969068e-07, -4.726445576833744e-09, -1.3834679829225559e-07, -4.726353828227934e-09, -2.842198418281931e-07, 1.0558351082723593e-09, -1.3834681139602802e-07, -4.7265772891714655e-09, -2.842200652777325e-07, 1.000847532690795e-09, -2.842199735325125e-07, 1.0228140686648356e-09, 1.8941208664521158e-05, -2.215287026735213e-08], [1.7463263633836519e-12, -6.253388100654803e-11, -6.253384609841911e-11, -1.098679955823319e-09, -6.253371885870826e-11, -1.09867994599385e-09, -1.0986799635665398e-09, -2.3642141604862394e-10, -6.253387015986657e-11, -1.0986799671561634e-09, -1.0986799519004495e-09, -2.3642141636261053e-10, -1.0986799675228266e-09, -2.364214162854629e-10, -2.3642141603744325e-10, -2.2152870267405987e-08, -6.253385116135089e-11, -1.098679957930507e-09, -1.0986799600642922e-09, -2.364214165985341e-10, -1.0986799593630722e-09, -2.364214161495907e-10, -2.3642141600594835e-10, -2.2152870280509772e-08, -1.0986799606314056e-09, -2.364214161469019e-10, -2.364214159150624e-10, -2.2152870261972403e-08, -2.364214158755998e-10, -2.2152870269917165e-08, -2.215287026735213e-08, 7.5615567492683556e-06]], [[7.651432935189863e-06, 5.209001435081761e-09, 5.209001435265367e-09, 5.847013653803628e-10, 5.209001433583927e-09, 5.847013644243921e-10, 5.84701365504659e-10, 6.547283713139503e-11, 5.209001434740642e-09, 5.847013655040416e-10, 5.847013655034242e-10, 6.547283712772593e-11, 5.847013655051286e-10, 6.547283713471348e-11, 6.547283713091689e-11, 8.941444496417864e-13, 5.209001434740748e-09, 5.847013655016525e-10, 5.847013655086317e-10, 6.547283712897916e-11, 5.847013655044576e-10, 6.547283713116351e-11, 6.547283712718235e-11, 8.941444875239676e-13, 5.847013655050615e-10, 6.547283712966869e-11, 6.547283712952441e-11, 8.941444726302866e-13, 6.547283713467656e-11, 8.941444306961345e-13, 8.941444942994992e-13, -8.448307132544659e-14, 5.209001434740856e-09, 5.847013655100142e-10, 5.847013655034375e-10, 6.547283712964015e-11, 5.847013655046724e-10, 6.547283712615561e-11, 6.547283713295191e-11, 8.941444523728964e-13, 5.847013655013706e-10, 6.547283713579559e-11, 6.547283713473026e-11, 8.94144471292964e-13, 6.547283713282106e-11, 8.941444536666521e-13, 8.941444764417723e-13, -8.448309215084042e-14, 5.847013655048064e-10, 6.547283712688206e-11, 6.547283712780646e-11, 8.941445048620326e-13, 6.547283713240164e-11, 8.941444750253886e-13, 8.941445440243908e-13, -8.44830756625842e-14, 6.547283712987168e-11, 8.941444852296315e-13, 8.941445282190463e-13, -8.448308158830056e-14, 8.941444542594508e-13, -8.44830726382268e-14, -8.448309420898033e-14, 9.16067815360804e-13], [5.209001435081761e-09, 8.361974164025026e-06, 6.044145579334282e-10, 7.220385534001888e-08, 5.928389975696169e-10, 7.220386445504264e-08, 6.535817868256964e-11, 8.083695000828529e-09, 5.847755299578498e-10, 7.220387093078598e-08, 6.536465609000795e-11, 8.08369527093234e-09, 6.537379607953557e-11, 8.083695642602044e-09, -1.900156898128058e-12, -1.8976829676002436e-10, 5.59557337897051e-10, 7.220389096348234e-08, 6.538470133957765e-11, 8.083695401700756e-09, 6.539382073309e-11, 8.083695779843899e-09, -1.900027825777361e-12, -1.8972498606234883e-10, 6.540036566212694e-11, 8.08369604375687e-09, -1.8997799086033732e-12, -1.8970992182289128e-10, -1.8993820037504412e-12, -1.8969295673119932e-10, 6.601228861910004e-14, 5.4020596247881896e-12, 5.821321887272061e-10, 7.220387298171595e-08, 6.536670463547643e-11, 8.083694641899769e-09, 6.537583963527018e-11, 8.083695030130267e-09, -1.900787283245141e-12, -1.897791647630962e-10, 6.538232192505385e-11, 8.08369528565214e-09, -1.900532191034342e-12, -1.8976410891816088e-10, -1.9001362529047092e-12, -1.897471342212637e-10, 1.1820740611584195e-14, -1.3517923539286202e-12, 6.540236001578177e-11, 8.083695412933983e-09, -1.9003923867752205e-12, -1.897207959912359e-10, -1.900009630658323e-12, -1.8970385540667718e-10, 5.5131762990673776e-14, 4.289061614909116e-12, -1.8997544640139514e-12, -1.896887842903209e-10, 7.018659109853311e-14, 6.1995062742881816e-12, 8.716327170886774e-14, 8.032530763547345e-12, 7.638784208029161e-14, -1.0861665861600952e-13], [5.209001435265367e-09, 6.044145579334282e-10, 8.361971312786036e-06, 7.220385744792111e-08, 5.729122102237061e-10, 6.537405598435873e-11, 7.22038824628394e-08, 8.083694705468109e-09, 5.793253338318064e-10, 6.536903500473679e-11, 7.220387742175375e-08, 8.083695028597e-09, 6.5394000657319e-11, -1.9000664778420633e-12, 8.083695368314816e-09, -1.897915909227224e-10, 5.668875498489888e-10, 6.537893089403233e-11, 7.220388730657761e-08, 8.08369521690054e-09, 6.540392324324291e-11, -1.899837016333911e-12, 8.083695606896875e-09, -1.898045108974952e-10, 6.539887914922609e-11, -1.899510180736547e-12, 8.083695901075994e-09, -1.8976208719259696e-10, -1.89915880363493e-12, 5.650700872676712e-14, -1.897078594322386e-10, -2.1094120209904926e-13, 6.030301136103894e-10, 6.535014842468496e-11, 7.220385854395593e-08, 8.083694414635546e-09, 6.537514433271865e-11, -1.9006324110179847e-12, 8.08369479036197e-09, -1.8979228554136486e-10, 6.537013403898124e-11, -1.900340451616244e-12, 8.083695090307377e-09, -1.8974985192983048e-10, -1.899958705235712e-12, 6.873159457508788e-14, -1.8969563932232287e-10, 1.6137417598167367e-12, 6.538001992516551e-11, -1.9001179611864483e-12, 8.08369532078244e-09, -1.897628000630403e-10, -1.8997552192973923e-12, 5.5787957973678775e-14, -1.89708579466139e-10, -1.3276232375466324e-13, -1.899436940873779e-12, 9.82284465440351e-14, -1.8966612485510004e-10, 5.0595937381932525e-12, 1.5242892900590843e-13, 4.453392942808834e-12, 1.1864714985107163e-11, -1.0861986666816471e-13], [5.847013653803628e-10, 7.220385534001888e-08, 7.220385744792111e-08, 1.6643303547438924e-05, 6.538318189202298e-11, 8.073790460958319e-09, 8.071027289399314e-09, 1.0093854467192313e-06, 6.538462679154502e-11, 8.070282558901087e-09, 8.072747488941764e-09, 1.0093846441075505e-06, 8.246467411596494e-12, -1.4638559586983655e-10, -1.4635856806562696e-10, -1.251365939881497e-08, 6.541455998693303e-11, 8.072482406678571e-09, 8.073628553772021e-09, 1.0093846082718333e-06, -3.480931606513708e-12, -1.4660018727851905e-10, -1.4622039118141905e-10, -1.2516458521468005e-08, -5.71595817133826e-12, -1.4623757809605835e-10, -1.4614724612294474e-10, -1.2518063545345056e-08, -1.470412567450478e-12, 6.0428221951098205e-12, 2.150925512303005e-11, 1.2975761622602017e-10, 6.536779048691593e-11, 8.074306520453263e-09, 8.073458838539825e-09, 1.0093842858016113e-06, -7.436794226639468e-12, -1.461472299148257e-10, -1.4623756356645085e-10, -1.2513619437502982e-08, -3.4141338400663766e-12, -1.4622034512770138e-10, -1.466001779627897e-10, -1.2505888469393778e-08, -1.14792266147997e-12, 4.820109763099231e-12, 7.717882423848678e-12, 1.297586737167143e-10, 5.2324035501631176e-12, -1.463585432601522e-10, -1.4638560236266507e-10, -1.2500663199324444e-08, -1.1120841976148904e-12, 3.861318790188982e-12, 6.250407065280657e-12, 1.2975505404255157e-10, -3.0950518352933723e-13, 1.2369458785092266e-11, -8.38383912780621e-12, 1.2975057120123825e-10, 2.8469004591079825e-12, -1.8330824424410748e-13, -1.8395961230874776e-13, 1.9128110755930865e-12], [5.209001433583927e-09, 5.928389975696169e-10, 5.729122102237061e-10, 6.538318189202298e-11, 8.361960999758808e-06, 7.220387486043029e-08, 7.220389073670988e-08, 8.083695341927365e-09, 5.85746887323557e-10, 6.53730995011063e-11, 6.538893172160372e-11, -1.8998023262095176e-12, 7.220388061427846e-08, 8.083695644515622e-09, 8.083695688892985e-09, -1.8969396498322002e-10, 5.932681936208339e-10, 6.536699441697227e-11, 6.538287479872348e-11, -1.9003378619759786e-12, 7.220387454246577e-08, 8.083695084713527e-09, 8.083695127771294e-09, -1.897587057402648e-10, 6.537272829533336e-11, -1.900052529616438e-12, -1.8999866365601337e-12, 2.155672797001829e-14, 8.083695412598557e-09, -1.8971938287865649e-10, -1.8972327773855567e-10, 4.021484778271577e-12, 5.921165352907903e-10, 6.536801495507315e-11, 6.538387967052383e-11, -1.9001647543897245e-12, 7.220387554542905e-08, 8.083695254895949e-09, 8.08369531236085e-09, -1.8971675415129244e-10, 6.537375258646926e-11, -1.89987899788026e-12, -1.899825404789454e-12, 6.349594338524749e-14, 8.083695599295817e-09, -1.8967747747158936e-10, -1.896813394366797e-10, 9.435619628927503e-12, 6.536766942707183e-11, -1.9004191738794676e-12, -1.900372057325122e-12, -1.2410682531192213e-15, 8.083695057945762e-09, -1.8974217473736468e