{"r1": 0.18999999999999995, "r2": 0.18999999999999995, "theta": 71.66, "sequence": [[[0.5068463356844625, 0.04508803614977688], [0.04508803614977688, 0.3819520156937136]], [[0.2730108973117216, 0.03445278472793703, 0.03445278472191569, -0.01333963909389198], [0.03445278472793703, 0.22633239908816252, -0.014643215026245686, 0.005681779665128203], [0.03445278472191569, -0.014643215026245686, 0.22633239907742797, 0.00568177967397404], [-0.01333963909389198, 0.005681779665128203, 0.00568177967397404, 0.1618377452139905]], [[0.14420769366788613, 0.019005976696663245, 0.019005976696663263, -0.0023559902879349104, 0.019005976696663252, -0.002355990287934885, -0.0023559902879349134, -0.0019929192903576478], [0.019005976696663245, 0.11948910880843289, -0.002614988086104135, 0.008754292949981554, -0.0026149881547553326, 0.008754292958751717, -0.002110737886304277, -0.0027769825318391295], [0.019005976696663263, -0.002614988086104135, 0.11948910888162621, 0.008754292920438094, -0.002614988227948594, -0.0021107378567607332, 0.008754292958751688, -0.00277698253183918], [-0.0023559902879349104, 0.008754292949981554, 0.008754292920438094, 0.08913504954458042, -0.0021107378479906197, -0.00287280096433837, -0.0028728009338068704, 0.003490008559579429], [0.019005976696663252, -0.0026149881547553326, -0.002614988227948594, -0.0021107378479906197, 0.11948910895027734, 0.008754292920438125, 0.008754292949981606, -0.0027769825318391876], [-0.002355990287934885, 0.008754292958751717, -0.0021107378567607332, -0.00287280096433837, 0.008754292920438125, 0.08913504948859394, -0.002872800877820364, 0.0034900085595793956], [-0.0023559902879349134, -0.002110737886304277, 0.008754292958751688, -0.0028728009338068704, 0.008754292949981606, -0.002872800877820364, 0.08913504945806236, 0.003490008559579386], [-0.0019929192903576478, -0.0027769825318391295, -0.00277698253183918, 0.003490008559579429, -0.0027769825318391876, 0.0034900085595793956, 0.003490008559579386, 0.06374868319629565]], [[0.07696981983851565, 0.010948232168692888, 0.010948232168692878, -0.0003215854464540022, 0.010948232168692878, -0.0003215854464539975, -0.0003215854464539982, -0.0014076918052029173, 0.010948232168692878, -0.00032158544645399274, -0.000321585446453999, -0.0014076918052029147, -0.00032158544645399594, -0.0014076918052029147, -0.001407691805202913, 0.0009420250281919979], [0.010948232168692888, 0.06532923194248554, -0.0004533603394286857, 0.006736790940605031, -0.000453360339428691, 0.006736790940605069, -0.0015666841976700915, -0.002011414666703928, -0.0004533603394286679, 0.006736790940605047, -0.0015666841976701258, -0.00201141466670391, -0.0015666841976701052, -0.002011414666703943, 0.0012050228443026359, 0.0005240505189687911], [0.010948232168692878, -0.0004533603394286857, 0.0653292319424856, 0.006736790940604991, -0.00045336033942865807, -0.001566684197670102, 0.006736790940605011, -0.0020114146667039577, -0.00045336033942867824, -0.0015666841976700752, 0.006736790940605033, -0.002011414666703909, -0.0015666841976700572, 0.0012050228443026242, -0.0020114146667039147, 0.0005240505189687839], [-0.0003215854464540022, 0.006736790940605031, 0.006736790940604991, 0.05232174599889454, -0.0015666841976700835, -0.0022151922420368, -0.0022151922420367218, 0.002024683133992888, -0.001566684197670095, -0.0022151922420366984, -0.002215192242036823, 0.0020246831339929467, 0.0013155105744458205, 0.0006571977447964719, 0.0006571977447964286, -0.0006206367251736089], [0.010948232168692878, -0.000453360339428691, -0.00045336033942865807, -0.0015666841976700835, 0.0653292319424856, 0.006736790940605017, 0.006736790940604991, -0.0020114146667039095, -0.00045336033942865086, -0.0015666841976700791, -0.0015666841976700989, 0.001205022844302612, 0.006736790940605007, -0.0020114146667039256, -0.0020114146667039464, 0.0005240505189687754], [-0.0003215854464539975, 0.006736790940605069, -0.001566684197670102, -0.0022151922420368, 0.006736790940605017, 0.05232174599889457, -0.002215192242036797, 0.0020246831339929424, -0.0015666841976700947, -0.0022151922420367374, 0.0013155105744458253, 0.0006571977447964588, -0.002215192242036775, 0.002024683133992915, 0.0006571977447963967, -0.0006206367251736065], [-0.0003215854464539982, -0.0015666841976700915, 0.006736790940605011, -0.0022151922420367218, 0.006736790940604991, -0.002215192242036797, 0.052321745998894484, 0.0020246831339928795, -0.0015666841976700538, 0.0013155105744458216, -0.0022151922420367487, 0.0006571977447964112, -0.0022151922420367283, 0.0006571977447964515, 0.002024683133992954, -0.0006206367251736186], [-0.0014076918052029173, -0.002011414666703928, -0.0020114146667039577, 0.002024683133992888, -0.0020114146667039095, 0.0020246831339929424, 0.0020246831339928795, 0.0382773171377787, 0.0012050228443026348, 0.0006571977447964745, 0.000657197744796437, -0.0007166159396709275, 0.0006571977447964333, -0.0007166159396708974, -0.0007166159396709903, 0.00043682667295020963], [0.010948232168692878, -0.0004533603394286679, -0.00045336033942867824, -0.001566684197670095, -0.00045336033942865086, -0.0015666841976700947, -0.0015666841976700538, 0.0012050228443026348, 0.06532923194248556, 0.006736790940605022, 0.006736790940605043, -0.0020114146667039325, 0.006736790940605034, -0.0020114146667039234, -0.002011414666703934, 0.0005240505189687872], [-0.00032158544645399274, 0.006736790940605047, -0.0015666841976700752, -0.0022151922420366984, -0.0015666841976700791, -0.0022151922420367374, 0.0013155105744458216, 0.0006571977447964745, 0.006736790940605022, 0.05232174599889453, -0.002215192242036772, 0.0020246831339928687, -0.002215192242036779, 0.002024683133992943, 0.0006571977447964258, -0.0006206367251736054], [-0.000321585446453999, -0.0015666841976701258, 0.006736790940605033, -0.002215192242036823, -0.0015666841976700989, 0.0013155105744458253, -0.0022151922420367487, 0.000657197744796437, 0.006736790940605043, -0.002215192242036772, 0.05232174599889453, 0.002024683133992942, -0.0022151922420367153, 0.0006571977447963987, 0.002024683133992936, -0.0006206367251736191], [-0.0014076918052029147, -0.00201141466670391, -0.002011414666703909, 0.0020246831339929467, 0.001205022844302612, 0.0006571977447964588, 0.0006571977447964112, -0.0007166159396709275, -0.0020114146667039325, 0.0020246831339928687, 0.002024683133992942, 0.03827731713777878, 0.0006571977447964201, -0.0007166159396709628, -0.0007166159396709859, 0.0004368266729501981], [-0.00032158544645399594, -0.0015666841976701052, -0.0015666841976700572, 0.0013155105744458205, 0.006736790940605007, -0.002215192242036775, -0.0022151922420367283, 0.0006571977447964333, 0.006736790940605034, -0.002215192242036779, -0.0022151922420367153, 0.0006571977447964201, 0.0523217459988945, 0.002024683133992926, 0.0020246831339929285, -0.0006206367251736215], [-0.0014076918052029147, -0.002011414666703943, 0.0012050228443026242, 0.0006571977447964719, -0.0020114146667039256, 0.002024683133992915, 0.0006571977447964515, -0.0007166159396708974, -0.0020114146667039234, 0.002024683133992943, 0.0006571977447963987, -0.0007166159396709628, 0.002024683133992926, 0.03827731713777872, -0.0007166159396709748, 0.0004368266729501986], [-0.001407691805202913, 0.0012050228443026359, -0.0020114146667039147, 0.0006571977447964286, -0.0020114146667039464, 0.0006571977447963967, 0.002024683133992954, -0.0007166159396709903, -0.002011414666703934, 0.0006571977447964258, 0.002024683133992936, -0.0007166159396709859, 0.0020246831339929285, -0.0007166159396709748, 0.038277317137778794, 0.0004368266729501986], [0.0009420250281919979, 0.0005240505189687911, 0.0005240505189687839, -0.0006206367251736089, 0.0005240505189687754, -0.0006206367251736065, -0.0006206367251736186, 0.00043682667295020963, 0.0005240505189687872, -0.0006206367251736054, -0.0006206367251736191, 0.0004368266729501981, -0.0006206367251736215, 0.0004368266729501986, 0.0004368266729501986, 0.026728802962715605]], [[0.04088036130496615, 0.005987584527202964, 0.005987584527202961, 0.00013994749420752624, 0.005987584527202969, 0.00013994749420753164, 0.0001399474942075266, -0.0004919812068379329, 0.005987584527202968, 0.00013994749420752643, 0.00013994749420752773, -0.0004919812068379314, 0.0001399474942075266, -0.0004919812068379331, -0.0004919812068379319, 4.774995264929411e-06, 0.0059875845272029625, 0.00013994749420752928, 0.00013994749420752781, -0.000491981206837932, 0.00013994749420752565, -0.0004919812068379345, -0.0004919812068379323, 4.7749952649300775e-06, 0.00013994749420752678, -0.0004919812068379313, -0.0004919812068379319, 4.774995264929887e-06, -0.0004919812068379318, 4.774995264930457e-06, 4.774995264930267e-06, 0.0002341166194737669], [0.005987584527202964, 0.03484394535454637, 9.74926686795804e-05, 0.0040380035710919976, 9.749266867956793e-05, 0.004038003571092029, -0.0005429060348258512, -0.0005455767364985081, 9.749266867957136e-05, 0.004038003571091996, -0.0005429060348258601, -0.0005455767364984764, -0.0005429060348258489, -0.000545576736498506, 2.2884277959803256e-05, -0.0001929001353177595, 9.749266867958355e-05, 0.004038003571092013, -0.000542906034825857, -0.0005455767364984826, -0.0005429060348258186, -0.0005455767364985296, 2.2884277959800203e-05, -0.00019290013531776367, -0.0005429060348258397, -0.0005455767364984911, 2.288427795981068e-05, -0.0001929001353177888, 2.2884277959784024e-05, -0.00019290013531775662, 0.00028655094890231897, 0.00020736047941703617], [0.005987584527202961, 9.74926686795804e-05, 0.03484394535454637, 0.00403800357109202, 9.749266867955565e-05, -0.0005429060348258579, 0.0040380035710919585, -0.0005455767364984712, 9.749266867960563e-05, -0.0005429060348258317, 0.004038003571092022, -0.0005455767364985454, -0.0005429060348258611, 2.2884277959800393e-05, -0.00054557673649849, -0.00019290013531777928, 9.749266867957962e-05, -0.0005429060348258353, 0.004038003571092009, -0.0005455767364985021, -0.0005429060348258526, 2.2884277959800582e-05, -0.0005455767364984749, -0.00019290013531777513, -0.0005429060348258277, 2.2884277959766603e-05, -0.0005455767364985188, -0.0001929001353177443, 2.2884277959794497e-05, 0.0002865509489023261, -0.00019290013531777128, 0.00020736047941703972], [0.00013994749420752624, 0.0040380035710919976, 0.00403800357109202, 0.028185796126463478, -0.0005429060348258202, -0.0006001321493531554, -0.0006001321487586087, 0.0019187211703730175, -0.0005429060348258534, -0.0006001321488711228, -0.0006001321492657965, 0.0019187211703239494, 2.911005757905347e-05, -0.00019164214175851346, -0.0001916421413676076, -0.0004393539747546687, -0.0005429060348258652, -0.0006001321489075986, -0.0006001321491074947, 0.0019187211705620703, 2.911005745730891e-05, -0.0001916421420679018, -0.00019164214129632144, -0.00043935397475465695, 2.911005748241248e-05, -0.00019164214107632223, -0.00019164214223883202, -0.00043935397475467625, 0.0003161622725894618, 0.00023049655666975154, 0.0002304965566697346, 3.8458393380084864e-05], [0.005987584527202969, 9.749266867956793e-05, 9.749266867955565e-05, -0.0005429060348258202, 0.034843945354546324, 0.004038003571091985, 0.004038003571092036, -0.0005455767364985053, 9.749266867959535e-05, -0.0005429060348258397, -0.0005429060348258173, 2.2884277959780304e-05, 0.004038003571091991, -0.0005455767364984707, -0.0005455767364985089, -0.00019290013531777757, 9.749266867959364e-05, -0.0005429060348258439, -0.0005429060348258148, 2.288427795976993e-05, 0.004038003571091993, -0.0005455767364984696, -0.0005455767364985078, -0.00019290013531776825, -0.0005429060348258504, 2.288427795981058e-05, 2.2884277959765837e-05, 0.0002865509489023507, -0.0005455767364984663, -0.00019290013531780001, -0.00019290013531776215, 0.00020736047941703216], [0.00013994749420753164, 0.004038003571092029, -0.0005429060348258579, -0.0006001321493531554, 0.004038003571091985, 0.028185796126579996, -0.0006001321490969919, 0.001918721169939324, -0.0005429060348258192, -0.0006001321489684712, 2.911005777775358e-05, -0.00019164214156034258, -0.0006001321491452464, 0.0019187211705970883, -0.0001916421414051942, -0.0004393539747546571, -0.0005429060348258417, -0.0006001321489268198, 2.911005759700739e-05, -0.00019164214183236473, -0.0006001321490061495, 0.0019187211709505278, -0.00019164214148661084, -0.0004393539747546726, 2.911005726056478e-05, -0.00019164214173791368, 0.0003161622728173772, 0.00023049655666975617, -0.00019164214223883337, -0.0004393539747546614, 0.0002304965566697534, 3.8458393380077234e-05], [0.0001399474942075266, -0.0005429060348258512, 0.0040380035710919585, -0.0006001321487586087, 0.004038003571092036, -0.0006001321490969919, 0.02818579612614658, 0.0019187211702542271, -0.0005429060348258296, 2.911005739761459e-05, -0.0006001321490608722, -0.00019164214132174598, -0.0006001321488338337, -0.00019164214153947006, 0.0019187211701777948, -0.00043935397475467695, -0.0005429060348258228, 2.9110057382580947e-05, -0.0006001321489955006, -0.00019164214122335032, -0.0006001321488841587, -0.00019164214166730317, 0.0019187211702072827, -0.00043935397475465917, 2.9110057421651812e-05, 0.00031616227196979986, -0.0001916421417379028, 0.00023049655666975143, -0.00019164214107631784, 0.0002304965566697376, -0.0004393539747546514, 3.845839338008025e-05], [-0.0004919812068379329, -0.0005455767364985081, -0.0005455767364984712, 0.0019187211703730175, -0.0005455767364985053, 0.001918721169939324, 0.0019187211702542271, 0.02101535874505695, 2.288427795977145e-05, -0.0001916421413610824, -0.00019164214157009504, -0.00045609823806777426, -0.00019164214127910975, -0.0004560982383468661, -0.0004560982381397378, 0.0008745450772819579, 2.288427795980906e-05, -0.00019164214138039638, -0.00019164214148629044, -0.0004560982379416524, -0.00019164214134359238, -0.0004560982385107163, -0.00045609823810195395, 0.0008745450772819954, 0.0003161622718970267, 0.00023526398435958054, 0.00023526398374377482, 3.4510082230466e-05, 0.0002352639845918808, 3.451008223043545e-05, 3.451008223045545e-05, -0.0002647403743191407], [0.005987584527202968, 9.749266867957136e-05, 9.749266867960563e-05, -0.0005429060348258534, 9.749266867959535e-05, -0.0005429060348258192, -0.0005429060348258296, 2.288427795977145e-05, 0.03484394535454631, 0.004038003571091998, 0.004038003571091982, -0.0005455767364984687, 0.0040380035710920305, -0.0005455767364984968, -0.0005455767364984864, -0.00019290013531776958, 9.749266867958278e-05, -0.0005429060348258638, -0.0005429060348258726, 2.2884277959797343e-05, -0.0005429060348258228, 2.288427795978269e-05, 2.2884277959768412e-05, 0.0002865509489023362, 0.004038003571092015, -0.0005455767364984874, -0.0005455767364984703, -0.00019290013531778557, -0.0005455767364985107, -0.0001929001353177623, -0.00019290013531776424, 0.0002073604794170354], [0.00013994749420752643, 0.004038003571091996, -0.0005429060348258317, -0.0006001321488711228, -0.0005429060348258397, -0.0006001321489684712, 2.911005739761459e-05, -0.0001916421413610824, 0.004038003571091998, 0.02818579612608671, -0.0006001321489580616, 0.001918721170188807, -0.0006001321488927653, 0.00191872117012621, -0.00019164214138304528, -0.00043935397475467413, -0.0005429060348258422, -0.0006001321489155144, 2.91100573561481e-05, -0.00019164214133862383, 2.9110057388180248e-05, -0.00019164214146628251, 0.0003161622718527185, 0.00023049655666972904, -0.0006001321489042489, 0.0019187211702072716, -0.00019164214148665142, -0.00043935397475465624, -0.00019164214129632998, -0.0004393539747546677, 0.00023049655666975807, 3.845839338008436e-05], [0.00013994749420752773, -0.0005429060348258601, 0.004038003571092022, -0.0006001321492657965, -0.0005429060348258173, 2.911005777775358e-05, -0.0006001321490608722, -0.00019164214157009504, 0.004038003571091982, -0.0006001321489580616, 0.02818579612640033, 0.0019187211700304515, -0.0006001321490994868, -0.00019164214104401694, 0.001918721170154538, -0.0004393539747546697, -0.000542906034825846, 2.9110057370693466e-05, -0.000600132148742125, -0.00019164214174282904, 2.9110057307179043e-05, 0.0003161622724659267, -0.00019164214146632385, 0.00023049655666975444, -0.000600132149011147, -0.0001916421416673005, 0.0019187211709505501, -0.00043935397475467804, -0.00019164214206790763, 0.0002304965566697442, -0.0004393539747546597, 3.845839338008111e-05], [-0.0004919812068379314, -0.0005455767364984764, -0.0005455767364985454, 0.0019187211703239494, 2.2884277959780304e-05, -0.00019164214156034258, -0.00019164214132174598, -0.00045609823806777426, -0.0005455767364984687, 0.001918721170188807, 0.0019187211700304515, 0.021015358745011276, -0.00019164214130478982, -0.00045609823829886187, -0.0004560982381420175, 0.0008745450772819922, 2.2884277959801724e-05, -0.0001916421413815464, -0.00019164214146177576, -0.0004560982379919447, 0.0003161622718736238, 0.0002352639839219916, 0.00023526398423164913, 3.451008223043444e-05, -0.00019164214134363008, -0.00045609823802507024, -0.0004560982384916643, 0.0008745450772819772, 0.00023526398449588373, 3.451008223044634e-05, 3.451008223043851e-05, -0.00026474037431914644], [0.0001399474942075266, -0.0005429060348258489, -0.0005429060348258611, 2.911005757905347e-05, 0.004038003571091991, -0.0006001321491452464, -0.0006001321488338337, -0.00019164214127910975, 0.0040380035710920305, -0.0006001321488927653, -0.0006001321490994868, -0.00019164214130478982, 0.028185796126186186, 0.0019187211699749794, 0.001918721170179794, -0.0004393539747546667, -0.000542906034825831, 2.9110057383546842e-05, 2.9110057278846377e-05, 0.0003161622720472533, -0.000600132148875501, -0.00019164214174282235, -0.00019164214133861852, 0.0002304965566697513, -0.0006001321488623282, -0.00019164214122336252, -0.00019164214183237525, 0.00023049655666973408, 0.0019187211705620792, -0.00043935397475466367, -0.0004393539747546786, 3.845839338007774e-05], [-0.0004919812068379331, -0.000545576736498506, 2.2884277959800393e-05, -0.00019164214175851346, -0.0005455767364984707, 0.0019187211705970883, -0.00019164214153947006, -0.0004560982383468661, -0.0005455767364984968, 0.00191872117012621, -0.00019164214104401694, -0.00045609823829886187, 0.0019187211699749794, 0.021015358745314544, -0.00045609823816617585, 0.0008745450772819947, 2.2884277959782784e-05, -0.0001916421413938977, 0.00031616227202870115, 0.00023526398381352548, -0.00019164214146178053, -0.00045609823748199424, 0.0002352639841092063, 3.451008223043134e-05, -0.00019164214148629916, -0.00045609823845078114, 0.00023526398503001297, 3.4510082230441863e-05, -0.0004560982388791215, 0.0008745450772819991, 3.4510082230441904e-05, -0.0002647403743191472], [-0.0004919812068379319, 2.2884277959803256e-05, -0.00054557673649849, -0.0001916421413676076, -0.0005455767364985089, -0.0001916421414051942, 0.0019187211701777948, -0.0004560982381397378, -0.0005455767364984864, -0.00019164214138304528, 0.001918721170154538, -0.0004560982381420175, 0.001918721170179794, -0.00045609823816617585, 0.021015358744950544, 0.0008745450772819895, 2.288427795977831e-05, 0.00031616227184256136, -0.00019164214139392132, 0.00023526398421396387, -0.00019164214138153214, 0.00023526398416464565, -0.00045609823814496896, 3.451008223044632e-05, -0.0001916421413803778, 0.0002352639842101729, -0.00045609823818822944, 3.451008223044209e-05, -0.0004560982381147195, 3.451008223042926e-05, 0.0008745450772819897, -0.0002647403743191489], [4.774995264929411e-06, -0.0001929001353177595, -0.00019290013531777928, -0.0004393539747546687, -0.00019290013531777757, -0.0004393539747546571, -0.00043935397475467695, 0.0008745450772819579, -0.00019290013531776958, -0.00043935397475467413, -0.0004393539747546697, 0.0008745450772819922, -0.0004393539747546667, 0.0008745450772819947, 0.0008745450772819895, 0.015080904912334974, 0.00028655094890232607, 0.00023049655666976436, 0.0002304965566697447, 3.4510082230452495e-05, 0.00023049655666974937, 3.4510082230469036e-05, 3.451008223041304e-05, -0.0002724914411270348, 0.00023049655666972874, 3.4510082230429795e-05, 3.451008223045265e-05, -0.0002724914411270174, 3.4510082230436395e-05, -0.0002724914411270098, -0.00027249144112699884, 0.0003635288606060807], [0.0059875845272029625, 9.749266867958355e-05, 9.749266867957962e-05, -0.0005429060348258652, 9.749266867959364e-05, -0.0005429060348258417, -0.0005429060348258228, 2.288427795980906e-05, 9.749266867958278e-05, -0.0005429060348258422, -0.000542906034825846, 2.2884277959801724e-05, -0.000542906034825831, 2.2884277959782784e-05, 2.288427795977831e-05, 0.00028655094890232607, 0.034843945354546324, 0.00403800357109201, 0.0040380035710920106, -0.0005455767364984837, 0.004038003571092, -0.0005455767364984965, -0.0005455767364985005, -0.00019290013531778077, 0.004038003571091998, -0.0005455767364985, -0.0005455767364984995, -0.00019290013531777738, -0.0005455767364985053, -0.00019290013531776388, -0.0001929001353177629, 0.0002073604794170372], [0.00013994749420752928, 0.004038003571092013, -0.0005429060348258353, -0.0006001321489075986, -0.0005429060348258439, -0.0006001321489268198, 2.9110057382580947e-05, -0.00019164214138039638, -0.0005429060348258638, -0.0006001321489155144, 2.9110057370693466e-05, -0.0001916421413815464, 2.9110057383546842e-05, -0.0001916421413938977, 0.00031616227184256136, 0.00023049655666976436, 0.00403800357109201, 0.028185796126081526, -0.0006001321489210598, 0.001918721170179771, -0.0006001321489147334, 0.00191872117015454, -0.0001916421413830405, -0.0004393539747546798, -0.000600132148914156, 0.0019187211701778176, -0.00019164214140521404, -0.00043935397475466817, -0.00019164214136758206, -0.0004393539747546724, 0.00023049655666972785, 3.8458393380080216e-05], [0.00013994749420752781, -0.000542906034825857, 0.004038003571092009, -0.0006001321491074947, -0.0005429060348258148, 2.911005759700739e-05, -0.0006001321489955006, -0.00019164214148629044, -0.0005429060348258726, 2.91100573561481e-05, -0.000600132148742125, -0.00019164214146177576, 2.9110057278846377e-05, 0.00031616227202870115, -0.00019164214139392132, 0.0002304965566697447, 0.0040380035710920106, -0.0006001321489210598, 0.028185796126176697, 0.001918721169975004, -0.0006001321489557593, -0.00019164214104402567, 0.0019187211701261907, -0.0004393539747546668, -0.000600132148968292, -0.00019164214153943637, 0.001918721170597106, -0.0004393539747546851, -0.00019164214175853837, 0.00023049655666974829, -0.0004393539747546583, 3.8458393380081205e-05], [-0.000491981206837932, -0.0005455767364984826, -0.0005455767364985021, 0.0019187211705620703, 2.288427795976993e-05, -0.00019164214183236473, -0.00019164214122335032, -0.0004560982379416524, 2.2884277959797343e-05, -0.00019164214133862383, -0.00019164214174282904, -0.0004560982379919447, 0.0003161622720472533, 0.00023526398381352548, 0.00023526398421396387, 3.4510082230452495e-05, -0.0005455767364984837, 0.001918721170179771, 0.001918721169975004, 0.021015358745350796, -0.00019164214130479632, -0.0004560982388484433, -0.0004560982380580482, 0.0008745450772819937, -0.00019164214127912155, -0.0004560982378327026, -0.0004560982390235568, 0.0008745450772819737, 0.00023526398496151135, 3.451008223045817e-05, 3.4510082230422856e-05, -0.00026474037431914894], [0.00013994749420752565, -0.0005429060348258186, -0.0005429060348258526, 2.911005745730891e-05, 0.004038003571091993, -0.0006001321490061495, -0.0006001321488841587, -0.00019164214134359238, -0.0005429060348258228, 2.9110057388180248e-05, 2.9110057307179043e-05, 0.0003161622718736238, -0.000600132148875501, -0.00019164214146178053, -0.00019164214138153214, 0.00023049655666974937, 0.004038003571092, -0.0006001321489147334, -0.0006001321489557593, -0.00019164214130479632, 0.02818579612609741, 0.0019187211700304506, 0.001918721170188811, -0.0004393539747546667, -0.0006001321488953472, -0.00019164214132175644, -0.00019164214156036383, 0.00023049655666974636, 0.0019187211703239504, -0.00043935397475466513, -0.0004393539747546877, 3.845839338008072e-05], [-0.0004919812068379345, -0.0005455767364985296, 2.2884277959800582e-05, -0.0001916421420679018, -0.0005455767364984696, 0.0019187211709505278, -0.00019164214166730317, -0.0004560982385107163, 2.288427795978269e-05, -0.00019164214146628251, 0.0003161622724659267, 0.0002352639839219916, -0.00019164214174282235, -0.00045609823748199424, 0.00023526398416464565, 3.4510082230469036e-05, -0.0005455767364984965, 0.00191872117015454, -0.00019164214104402567, -0.0004560982388484433, 0.0019187211700304506, 0.02101535874616951, -0.0004560982383077367, 0.0008745450772819774, -0.00019164214157008154, -0.0004560982387007661, 0.00023526398572111054, 3.4510082230435473e-05, -0.00045609823948415467, 0.0008745450772820026, 3.451008223042525e-05, -0.00026474037431914395], [-0.0004919812068379323, 2.2884277959800203e-05, -0.0005455767364984749, -0.00019164214129632144, -0.0005455767364985078, -0.00019164214148661084, 0.0019187211702072827, -0.00045609823810195395, 2.2884277959768412e-05, 0.0003161622718527185, -0.00019164214146632385, 0.00023526398423164913, -0.00019164214133861852, 0.0002352639841092063, -0.00045609823814496896, 3.451008223041304e-05, -0.0005455767364985005, -0.0001916421413830405, 0.0019187211701261907, -0.0004560982380580482, 0.001918721170188811, -0.0004560982383077367, 0.02101535874497036, 0.0008745450772819937, -0.00019164214136107896, 0.00023526398426776778, -0.00045609823834747435, 3.451008223046417e-05, -0.0004560982379753423, 3.4510082230428975e-05, 0.0008745450772819984, -0.0002647403743191514], [4.7749952649300775e-06, -0.00019290013531776367, -0.00019290013531777513, -0.00043935397475465695, -0.00019290013531776825, -0.0004393539747546726, -0.00043935397475465917, 0.0008745450772819954, 0.0002865509489023362, 0.00023049655666972904, 0.00023049655666975444, 3.451008223043444e-05, 0.0002304965566697513, 3.451008223043134e-05, 3.451008223044632e-05, -0.0002724914411270348, -0.00019290013531778077, -0.0004393539747546798, -0.0004393539747546668, 0.0008745450772819937, -0.0004393539747546667, 0.0008745450772819774, 0.0008745450772819937, 0.015080904912335007, 0.0002304965566697341, 3.451008223042974e-05, 3.451008223044469e-05, -0.00027249144112701906, 3.451008223045462e-05, -0.0002724914411270184, -0.00027249144112702405, 0.0003635288606060874], [0.00013994749420752678, -0.0005429060348258397, -0.0005429060348258277, 2.911005748241248e-05, -0.0005429060348258504, 2.911005726056478e-05, 2.9110057421651812e-05, 0.0003161622718970267, 0.004038003571092015, -0.0006001321489042489, -0.000600132149011147, -0.00019164214134363008, -0.0006001321488623282, -0.00019164214148629916, -0.0001916421413803778, 0.00023049655666972874, 0.004038003571091998, -0.000600132148914156, -0.000600132148968292, -0.00019164214127912155, -0.0006001321488953472, -0.00019164214157008154, -0.00019164214136107896, 0.0002304965566697341, 0.02818579612610933, 0.0019187211702542154, 0.0019187211699393187, -0.0004393539747546457, 0.0019187211703730314, -0.000439353974754681, -0.00043935397475466264, 3.8458393380083394e-05], [-0.0004919812068379313, -0.0005455767364984911, 2.2884277959766603e-05, -0.00019164214107632223, 2.288427795981058e-05, -0.00019164214173791368, 0.00031616227196979986, 0.00023526398435958054, -0.0005455767364984874, 0.0019187211702072716, -0.0001916421416673005, -0.00045609823802507024, -0.00019164214122336252, -0.00045609823845078114, 0.0002352639842101729, 3.4510082230429795e-05, -0.0005455767364985, 0.0019187211701778176, -0.00019164214153943637, -0.0004560982378327026, -0.00019164214132175644, -0.0004560982387007661, 0.00023526398426776778, 3.451008223042974e-05, 0.0019187211702542154, 0.021015358745199303, -0.00045609823883887624, 0.0008745450772819959, -0.0004560982375451669, 0.0008745450772819797, 3.451008223045618e-05, -0.0002647403743191445], [-0.0004919812068379319, 2.288427795981068e-05, -0.0005455767364985188, -0.00019164214223883202, 2.2884277959765837e-05, 0.0003161622728173772, -0.0001916421417379028, 0.00023526398374377482, -0.0005455767364984703, -0.00019164214148665142, 0.0019187211709505501, -0.0004560982384916643, -0.00019164214183237525, 0.00023526398503001297, -0.00045609823818822944, 3.451008223045265e-05, -0.0005455767364984995, -0.00019164214140521404, 0.001918721170597106, -0.0004560982390235568, -0.00019164214156036383, 0.00023526398572111054, -0.00045609823834747435, 3.451008223044469e-05, 0.0019187211699393187, -0.00045609823883887624, 0.02101535874685675, 0.0008745450772819828, -0.0004560982398183737, 3.4510082230430174e-05, 0.0008745450772819973, -0.0002647403743191447], [4.774995264929887e-06, -0.0001929001353177888, -0.0001929001353177443, -0.00043935397475467625, 0.0002865509489023507, 0.00023049655666975617, 0.00023049655666975143, 3.4510082230466e-05, -0.00019290013531778557, -0.00043935397475465624, -0.00043935397475467804, 0.0008745450772819772, 0.00023049655666973408, 3.4510082230441863e-05, 3.451008223044209e-05, -0.0002724914411270174, -0.00019290013531777738, -0.00043935397475466817, -0.0004393539747546851, 0.0008745450772819737, 0.00023049655666974636, 3.4510082230435473e-05, 3.451008223046417e-05, -0.00027249144112701906, -0.0004393539747546457, 0.0008745450772819959, 0.0008745450772819828, 0.015080904912334997, 3.451008223042762e-05, -0.0002724914411270219, -0.00027249144112702833, 0.00036352886060607827], [-0.0004919812068379318, 2.2884277959784024e-05, 2.2884277959794497e-05, 0.0003161622725894618, -0.0005455767364984663, -0.00019164214223883337, -0.00019164214107631784, 0.0002352639845918808, -0.0005455767364985107, -0.00019164214129632998, -0.00019164214206790763, 0.00023526398449588373, 0.0019187211705620792, -0.0004560982388791215, -0.0004560982381147195, 3.4510082230436395e-05, -0.0005455767364985053, -0.00019164214136758206, -0.00019164214175853837, 0.00023526398496151135, 0.0019187211703239504, -0.00045609823948415467, -0.0004560982379753423, 3.451008223045462e-05, 0.0019187211703730314, -0.0004560982375451669, -0.0004560982398183737, 3.451008223042762e-05, 0.021015358746411042, 0.0008745450772820053, 0.0008745450772819677, -0.0002647403743191515], [4.774995264930457e-06, -0.00019290013531775662, 0.0002865509489023261, 0.00023049655666975154, -0.00019290013531780001, -0.0004393539747546614, 0.0002304965566697376, 3.451008223043545e-05, -0.0001929001353177623, -0.0004393539747546677, 0.0002304965566697442, 3.451008223044634e-05, -0.00043935397475466367, 0.0008745450772819991, 3.451008223042926e-05, -0.0002724914411270098, -0.00019290013531776388, -0.0004393539747546724, 0.00023049655666974829, 3.451008223045817e-05, -0.00043935397475466513, 0.0008745450772820026, 3.4510082230428975e-05, -0.0002724914411270184, -0.000439353974754681, 0.0008745450772819797, 3.4510082230430174e-05, -0.0002724914411270219, 0.0008745450772820053, 0.015080904912335004, -0.0002724914411270332, 0.0003635288606060856], [4.774995264930267e-06, 0.00028655094890231897, -0.00019290013531777128, 0.0002304965566697346, -0.00019290013531776215, 0.0002304965566697534, -0.0004393539747546514, 3.451008223045545e-05, -0.00019290013531776424, 0.00023049655666975807, -0.0004393539747546597, 3.451008223043851e-05, -0.0004393539747546786, 3.4510082230441904e-05, 0.0008745450772819897, -0.00027249144112699884, -0.0001929001353177629, 0.00023049655666972785, -0.0004393539747546583, 3.4510082230422856e-05, -0.0004393539747546877, 3.451008223042525e-05, 0.0008745450772819984, -0.00027249144112702405, -0.00043935397475466264, 3.451008223045618e-05, 0.0008745450772819973, -0.00027249144112702833, 0.0008745450772819677, -0.0002724914411270332, 0.015080904912334984, 0.00036352886060608353], [0.0002341166194737669, 0.00020736047941703617, 0.00020736047941703972, 3.8458393380084864e-05, 0.00020736047941703216, 3.8458393380077234e-05, 3.845839338008025e-05, -0.0002647403743191407, 0.0002073604794170354, 3.845839338008436e-05, 3.845839338008111e-05, -0.00026474037431914644, 3.845839338007774e-05, -0.0002647403743191472, -0.0002647403743191489, 0.0003635288606060807, 0.0002073604794170372, 3.8458393380080216e-05, 3.8458393380081205e-05, -0.00026474037431914894, 3.845839338008072e-05, -0.00026474037431914395, -0.0002647403743191514, 0.0003635288606060874, 3.8458393380083394e-05, -0.0002647403743191445, -0.0002647403743191447, 0.00036352886060607827, -0.0002647403743191515, 0.0003635288606060856, 0.00036352886060608353, 0.010597205713160963]], [[0.021757490110578693, 0.0032920527307331022, 0.003292052730733099, 0.0001967162246731007, 0.0032920527307330988, 0.00019671622467310078, 0.0001967162246731, -0.00020024998954189498, 0.0032920527307330944, 0.0001967162246730996, 0.00019671622467310092, -0.00020024998954189615, 0.00019671622467310046, -0.00020024998954189577, -0.0002002499895418961, -6.031600155399046e-05, 0.0032920527307330953, 0.0001967162246731004, 0.00019671622467310167, -0.0002002499895418959, 0.0001967162246731002, -0.00020024998954189488, -0.00020024998954189558, -6.03160015539903e-05, 0.00019671622467309986, -0.00020024998954189528, -0.0002002499895418963, -6.0316001553990535e-05, -0.00020024998954189547, -6.031600155399058e-05, -6.0316001553990155e-05, 0.00011441857692664548, 0.0032920527307330944, 0.00019671622467310102, 0.00019671622467310094, -0.00020024998954189612, 0.00019671622467310143, -0.00020024998954189564, -0.00020024998954189553, -6.0316001553990264e-05, 0.00019671622467310056, -0.00020024998954189572, -0.00020024998954189553, -6.0316001553990575e-05, -0.0002002499895418962, -6.031600155398942e-05, -6.031600155399019e-05, 0.00011441857692664491, 0.00019671622467310205, -0.00020024998954189577, -0.00020024998954189615, -6.031600155399068e-05, -0.00020024998954189588, -6.031600155399036e-05, -6.031600155399076e-05, 0.00011441857692664535, -0.00020024998954189553, -6.0316001553990386e-05, -6.031600155399046e-05, 0.0001144185769266461, -6.0316001553990765e-05, 0.0001144185769266455, 0.00011441857692664518, -6.690339242481544e-05], [0.0032920527307331022, 0.018723279840342076, 0.00017725065582898592, 0.002412009466009193, 0.0001772506558289785, 0.00241200946600921, -0.00022642752671575504, -0.0001399808607473571, 0.00017725065582899292, 0.0024120094660091966, -0.00022642752671575843, -0.00013998086074735037, -0.00022642752671574016, -0.00013998086074735368, -6.242056046788687e-05, -0.00019242877715760663, 0.00017725065582896714, 0.0024120094660091906, -0.00022642752671575033, -0.00013998086074733837, -0.0002264275267157521, -0.00013998086074735208, -6.242056046788226e-05, -0.000192428777157609, -0.0002264275267157538, -0.00013998086074734506, -6.242056046788066e-05, -0.0001924287771576179, -6.242056046788288e-05, -0.00019242877715761175, 0.0001468626812979944, 0.00012706633200806276, 0.00017725065582897197, 0.0024120094660091906, -0.0002264275267157555, -0.00013998086074733663, -0.0002264275267157594, -0.00013998086074734484, -6.242056046788279e-05, -0.00019242877715761246, -0.00022642752671574542, -0.00013998086074734842, -6.242056046788083e-05, -0.00019242877715761937, -6.24205604678873e-05, -0.00019242877715761102, 0.0001468626812979947, 0.0001270663320080599, -0.00022642752671574518, -0.00013998086074733956, -6.242056046787596e-05, -0.0001924287771576186, -6.242056046788178e-05, -0.00019242877715761481, 0.00014686268129799205, 0.00012706633200806352, -6.242056046788036e-05, -0.00019242877715762072, 0.00014686268129799067, 0.0001270663320080601, 0.0001468626812979938, 0.0001270663320080598, -0.00010015920116615318, -4.976183984710086e-05], [0.003292052730733099, 0.00017725065582898592, 0.018723279840342083, 0.0024120094660092044, 0.00017725065582897473, -0.0002264275267157419, 0.0024120094660091884, -0.00013998086074734633, 0.00017725065582899235, -0.0002264275267157543, 0.0024120094660091897, -0.0001399808607473491, -0.00022642752671576328, -6.242056046788239e-05, -0.0001399808607473377, -0.0001924287771576153, 0.00017725065582898435, -0.0002264275267157655, 0.0024120094660091914, -0.00013998086074734886, -0.00022642752671574537, -6.242056046788799e-05, -0.00013998086074734604, -0.00019242877715761644, -0.00022642752671574902, -6.24205604678881e-05, -0.00013998086074734945, -0.00019242877715761208, -6.242056046788826e-05, 0.0001468626812979967, -0.00019242877715761403, 0.0001270663320080653, 0.00017725065582898422, -0.0002264275267157589, 0.0024120094660091966, -0.00013998086074734438, -0.00022642752671574084, -6.242056046789039e-05, -0.0001399808607473475, -0.0001924287771576101, -0.00022642752671575732, -6.242056046788307e-05, -0.00013998086074734528, -0.00019242877715760863, -6.242056046788695e-05, 0.00014686268129799712, -0.00019242877715761728, 0.0001270663320080601, -0.0002264275267157606, -6.242056046787564e-05, -0.00013998086074733818, -0.00019242877715761514, -6.242056046788512e-05, 0.00014686268129799452, -0.00019242877715761368, 0.00012706633200806902, -6.242056046788655e-05, 0.0001468626812979964, -0.00019242877715761023, 0.0001270663320080653, 0.00014686268129799859, -0.00010015920116614849, 0.00012706633200806596, -4.976183984710339e-05], [0.0001967162246731007, 0.002412009466009193, 0.0024120094660092044, 0.015569318139149961, -0.00022642752671575686, -0.00017178381481687145, -0.00017178381704673596, 0.0014133517474503895, -0.00022642752671576017, -0.00017178381647371378, -0.00017178381624781633, 0.0014133517484811078, -6.244384265557982e-05, -0.00021027309477456512, -0.00021027309452475347, -0.0003250136322955518, -0.00022642752671575832, -0.00017178381480642362, -0.00017178381452209474, 0.0014133517474729071, -6.24438427179904e-05, -0.0002102730946981475, -0.0002102730944952108, -0.0003250136329463444, -6.244384194323301e-05, -0.00021027309473857739, -0.00021027309495104003, -0.0003250136332490398, 0.00016733079939972088, 0.00015996109585524434, 0.0001599610963301162, 5.1998023597969416e-05, -0.00022642752671572913, -0.00017178381645928547, -0.00017178381473966593, 0.0014133517474211987, -6.244384143697599e-05, -0.0002102730949510418, -0.00021027309473856736, -0.00032501363237441013, -6.244384135382385e-05, -0.0002102730944952214, -0.0002102730946981399, -0.00032501363305740345, 0.00016733079945142047, 0.0001599610957451263, 0.00015996109567665691, 5.199802359796037e-05, -6.244384468444886e-05, -0.00021027309452476125, -0.000210273094774571, -0.0003250136323935554, 0.0001673308004596341, 0.0001599610956980375, 0.0001599610957106943, 5.199802359796982e-05, 0.00016733079942894694, 0.00015996109640673716, 0.00015996109598767286, 5.199802359796193e-05, -0.00013064920127841797, -7.450493500801019e-05, -7.450493500800459e-05, -2.131765116501846e-06], [0.0032920527307330988, 0.0001772506558289785, 0.00017725065582897473, -0.00022642752671575686, 0.01872327984034207, 0.0024120094660091814, 0.0024120094660091827, -0.00013998086074733067, 0.00017725065582898324, -0.0002264275267157577, -0.00022642752671574805, -6.242056046787657e-05, 0.002412009466009202, -0.00013998086074735013, -0.00013998086074734539, -0.00019242877715762004, 0.00017725065582898918, -0.00022642752671574472, -0.00022642752671574995, -6.242056046788193e-05, 0.002412009466009193, -0.00013998086074734766, -0.00013998086074733622, -0.0001924287771576174, -0.00022642752671575407, -6.242056046788272e-05, -6.242056046788033e-05, 0.00014686268129799403, -0.00013998086074734834, -0.0001924287771576108, -0.0001924287771576124, 0.0001270663320080655, 0.000177250655828983, -0.0002264275267157448, -0.00022642752671574927, -6.242056046788327e-05, 0.0024120094660092023, -0.00013998086074734815, -0.0001399808607473443, -0.00019242877715761782, -0.0002264275267157511, -6.242056046788186e-05, -6.242056046788295e-05, 0.00014686268129799322, -0.00013998086074735235, -0.00019242877715760974, -0.00019242877715761368, 0.0001270663320080647, -0.00022642752671575355, -6.242056046789436e-05, -6.242056046788682e-05, 0.00014686268129799447, -0.00013998086074735008, -0.00019242877715761115, -0.0001924287771576125, 0.00012706633200806162, -6.242056046788521e-05, 0.00014686268129799796, 0.00014686268129799422, -0.000100159201166152, -0.0001924287771576086, 0.00012706633200806016, 0.0001270663320080625, -4.9761839847101505e-05], [0.00019671622467310078, 0.0024120094