{"r1": 0.5988888888888889, "r2": 0.5988888888888889, "theta": 143.22, "sequence": [[[0.24430042575869756, 0.08954329507850473], [0.08954329507850473, 0.18476095972441367]], [[0.06654952660557607, 0.04008577562376577, 0.04008577562376621, 0.007164426818836992], [0.04008577562376577, 0.15750891067177847, -0.002796289273207327, -0.0004684266040362613], [0.04008577562376621, -0.002796289273207327, 0.15750891067178527, -0.00046842660403789596], [0.007164426818836992, -0.0004684266040362613, -0.00046842660403789596, 0.04020700918355358]], [[0.017433835485207504, 0.011055760186866862, 0.011055760186866864, 0.0053828250402856445, 0.011055760186866867, 0.005382825040285645, 0.005382825040285636, 0.0004691645967165358], [0.011055760186866862, 0.04332880150790091, 0.004161529829229208, 0.013046804879154762, 0.004161529830011735, 0.013046804909149199, -0.0013244698333577166, -0.00144133710075825], [0.011055760186866864, 0.004161529829229208, 0.043328801507292285, 0.013046804877095789, 0.00416152983062021, -0.0013244698312987059, 0.013046804909149215, -0.001441337100758208], [0.0053828250402856445, 0.013046804879154762, 0.013046804877095789, 0.027545152013282528, -0.0013244698013042669, -0.0020663173359388724, -0.002066317348932288, 0.0003590029730576619], [0.011055760186866867, 0.004161529830011735, 0.00416152983062021, -0.0013244698013042669, 0.04332880150650988, 0.013046804877095712, 0.013046804879154768, -0.0014413371007582726], [0.005382825040285645, 0.013046804909149199, -0.0013244698312987059, -0.0020663173359388724, 0.013046804877095712, 0.02754515219450715, -0.0020663175301569975, 0.00035900297305755026], [0.005382825040285636, -0.0013244698333577166, 0.013046804909149215, -0.002066317348932288, 0.013046804879154768, -0.0020663175301569975, 0.027545152207500742, 0.00035900297305753974], [0.0004691645967165358, -0.00144133710075825, -0.001441337100758208, 0.0003590029730576619, -0.0014413371007582726, 0.00035900297305755026, 0.00035900297305753974, 0.008277275508924957]], [[0.003997021839737492, 0.003274468416204355, 0.0032744684162044125, 0.0019288158407193199, 0.0032744684162044277, 0.001928815840719311, 0.0019288158407193016, 0.0009801529686694857, 0.0032744684162044203, 0.0019288158407193131, 0.0019288158407193055, 0.0009801529686694855, 0.001928815840719311, 0.0009801529686694823, 0.0009801529686694805, -0.00011451536362339681], [0.003274468416204355, 0.012328330763008485, 0.001605947746455386, 0.006503319582306462, 0.0016059477464554397, 0.006503319582306488, 7.964719428128891e-05, 0.0009096065916727039, 0.0016059477464555475, 0.006503319582306475, 7.964719428128568e-05, 0.0009096065916727102, 7.964719428132733e-05, 0.0009096065916726872, -0.0002389793176248718, -8.370572471373503e-05], [0.0032744684162044125, 0.001605947746455386, 0.012328330763008571, 0.006503319582306489, 0.0016059477464556101, 7.964719428125595e-05, 0.006503319582306505, 0.000909606591672697, 0.0016059477464552478, 7.96471942812883e-05, 0.006503319582306487, 0.0009096065916727349, 7.964719428127841e-05, -0.00023897931762486215, 0.0009096065916727144, -8.370572471373694e-05], [0.0019288158407193199, 0.006503319582306462, 0.006503319582306489, 0.02476847153002133, 7.96471942812733e-05, -0.0005203883996889822, -0.0005203883996888131, -0.00013506750960811908, 7.964719428130424e-05, -0.0005203883996889607, -0.0005203883996888941, -0.0001350675096080182, -7.287863044296316e-05, -6.283168486677391e-05, -6.283168486675406e-05, 1.032766730144396e-05], [0.0032744684162044277, 0.0016059477464554397, 0.0016059477464556101, 7.96471942812733e-05, 0.012328330763008478, 0.006503319582306456, 0.006503319582306406, 0.0009096065916727009, 0.0016059477464552998, 7.964719428133568e-05, 7.96471942812808e-05, -0.00023897931762490837, 0.006503319582306466, 0.0009096065916726952, 0.0009096065916727029, -8.370572471371253e-05], [0.001928815840719311, 0.006503319582306488, 7.964719428125595e-05, -0.0005203883996889822, 0.006503319582306456, 0.024768471530021312, -0.0005203883996889475, -0.0001350675096080753, 7.964719428131816e-05, -0.0005203883996887005, -7.28786304429546e-05, -6.283168486686565e-05, -0.0005203883996888789, -0.00013506750960805625, -6.283168486678867e-05, 1.0327667301458237e-05], [0.0019288158407193016, 7.964719428128891e-05, 0.006503319582306505, -0.0005203883996888131, 0.006503319582306406, -0.0005203883996889475, 0.02476847153002135, -0.00013506750960806194, 7.964719428133172e-05, -7.287863044309426e-05, -0.0005203883996886665, -6.283168486685352e-05, -0.0005203883996889938, -6.283168486672882e-05, -0.000135067509608121, 1.0327667301450148e-05], [0.0009801529686694857, 0.0009096065916727039, 0.000909606591672697, -0.00013506750960811908, 0.0009096065916727009, -0.0001350675096080753, -0.00013506750960806194, 0.0064790653964909295, -0.0002389793176248845, -6.283168486684639e-05, -6.283168486684902e-05, -2.0096393894097066e-05, -6.283168486674846e-05, -2.0096393893982605e-05, -2.0096393894018055e-05, -4.8201897334304675e-05], [0.0032744684162044203, 0.0016059477464555475, 0.0016059477464552478, 7.964719428130424e-05, 0.0016059477464552998, 7.964719428131816e-05, 7.964719428133172e-05, -0.0002389793176248845, 0.012328330763008733, 0.0065033195823064275, 0.006503319582306469, 0.0009096065916727107, 0.00650331958230647, 0.0009096065916727026, 0.0009096065916726888, -8.370572471374001e-05], [0.0019288158407193131, 0.006503319582306475, 7.96471942812883e-05, -0.0005203883996889607, 7.964719428133568e-05, -0.0005203883996887005, -7.287863044309426e-05, -6.283168486684639e-05, 0.0065033195823064275, 0.02476847153002128, -0.0005203883996889405, -0.00013506750960801627, -0.0005203883996887477, -0.00013506750960812293, -6.283168486674537e-05, 1.0327667301454908e-05], [0.0019288158407193055, 7.964719428128568e-05, 0.006503319582306487, -0.0005203883996888941, 7.96471942812808e-05, -7.28786304429546e-05, -0.0005203883996886665, -6.283168486684902e-05, 0.006503319582306469, -0.0005203883996889405, 0.02476847153002136, -0.00013506750960798203, -0.0005203883996890274, -6.283168486680987e-05, -0.0001350675096080953, 1.0327667301458717e-05], [0.0009801529686694855, 0.0009096065916727102, 0.0009096065916727349, -0.0001350675096080182, -0.00023897931762490837, -6.283168486686565e-05, -6.283168486685352e-05, -2.0096393894097066e-05, 0.0009096065916727107, -0.00013506750960801627, -0.00013506750960798203, 0.006479065396491085, -6.283168486681926e-05, -2.0096393894213903e-05, -2.0096393893872186e-05, -4.820189733429373e-05], [0.001928815840719311, 7.964719428132733e-05, 7.964719428127841e-05, -7.287863044296316e-05, 0.006503319582306466, -0.0005203883996888789, -0.0005203883996889938, -6.283168486674846e-05, 0.00650331958230647, -0.0005203883996887477, -0.0005203883996890274, -6.283168486681926e-05, 0.024768471530021437, -0.0001350675096080801, -0.00013506750960810005, 1.0327667301451336e-05], [0.0009801529686694823, 0.0009096065916726872, -0.00023897931762486215, -6.283168486677391e-05, 0.0009096065916726952, -0.00013506750960805625, -6.283168486672882e-05, -2.0096393893982605e-05, 0.0009096065916727026, -0.00013506750960812293, -6.283168486680987e-05, -2.0096393894213903e-05, -0.0001350675096080801, 0.006479065396491196, -2.0096393894096345e-05, -4.820189733428325e-05], [0.0009801529686694805, -0.0002389793176248718, 0.0009096065916727144, -6.283168486675406e-05, 0.0009096065916727029, -6.283168486678867e-05, -0.000135067509608121, -2.0096393894018055e-05, 0.0009096065916726888, -6.283168486674537e-05, -0.0001350675096080953, -2.0096393893872186e-05, -0.00013506750960810005, -2.0096393894096345e-05, 0.006479065396490837, -4.8201897334288256e-05], [-0.00011451536362339681, -8.370572471373503e-05, -8.370572471373694e-05, 1.032766730144396e-05, -8.370572471371253e-05, 1.0327667301458237e-05, 1.0327667301450148e-05, -4.8201897334304675e-05, -8.370572471374001e-05, 1.0327667301454908e-05, 1.0327667301458717e-05, -4.820189733429373e-05, 1.0327667301451336e-05, -4.820189733428325e-05, -4.8201897334288256e-05, 0.0008471245222412625]], [[0.0008174310962217267, 0.0007477185708939498, 0.0007477185708939578, 0.0005491302295187448, 0.000747718570893956, 0.0005491302295187429, 0.0005491302295187435, 0.00027773940381698245, 0.0007477185708939551, 0.0005491302295187435, 0.0005491302295187436, 0.0002777394038169825, 0.0005491302295187443, 0.00027773940381698245, 0.00027773940381698294, 1.951407102718995e-05, 0.000747718570893963, 0.0005491302295187429, 0.0005491302295187439, 0.0002777394038169827, 0.0005491302295187445, 0.00027773940381698245, 0.00027773940381698304, 1.9514071027193736e-05, 0.0005491302295187455, 0.0002777394038169824, 0.0002777394038169826, 1.951407102719017e-05, 0.00027773940381698304, 1.9514071027193933e-05, 1.951407102719288e-05, -9.306746102190514e-05], [0.0007477185708939498, 0.0033651860490960263, 0.0005233131849308172, 0.002001975383259428, 0.0005233131849308836, 0.0020019753832594936, 0.0001948811966545669, 0.0008113243861943855, 0.0005233131849308939, 0.002001975383259515, 0.00019488119665448132, 0.0008113243861943903, 0.00019488119665457004, 0.0008113243861943664, -4.062890729901885e-05, 3.1155460546173425e-05, 0.0005233131849308648, 0.0020019753832594468, 0.00019488119665449748, 0.0008113243861943973, 0.00019488119665452035, 0.0008113243861943848, -4.0628907299005475e-05, 3.11554605461697e-05, 0.0001948811966545567, 0.0008113243861943775, -4.0628907299021284e-05, 3.115546054617527e-05, -4.0628907299028664e-05, 3.115546054618724e-05, -4.794280463607482e-05, -0.00014841050225446702], [0.0007477185708939578, 0.0005233131849308172, 0.0033651860490961525, 0.002001975383259466, 0.0005233131849308709, 0.000194881196654519, 0.002001975383259484, 0.0008113243861943771, 0.0005233131849309181, 0.00019488119665448793, 0.002001975383259473, 0.0008113243861943911, 0.00019488119665450588, -4.062890729899584e-05, 0.0008113243861944008, 3.115546054616994e-05, 0.0005233131849308672, 0.0001948811966545442, 0.002001975383259516, 0.0008113243861943771, 0.00019488119665455063, -4.062890729902615e-05, 0.0008113243861943737, 3.1155460546192676e-05, 0.00019488119665452794, -4.0628907299007834e-05, 0.0008113243861943731, 3.115546054618363e-05, -4.062890729900661e-05, -4.7942804636081596e-05, 3.1155460546181455e-05, -0.00014841050225449453], [0.0005491302295187448, 0.002001975383259428, 0.002001975383259466, 0.007535572209427177, 0.00019488119665455158, 0.0005438375245732161, 0.0005438375179199789, 0.0019010129305588807, 0.00019488119665457632, 0.0005438375182191254, 0.0005438375248804259, 0.001901012930657955, -9.759200372920668e-05, -0.00019688246167689875, -0.00019688246306902795, -0.00019047098459035715, 0.00019488119665450477, 0.0005438375235209831, 0.0005438375235128952, 0.001901012931286136, -9.75920076634953e-05, -0.00019688246343656533, -0.0001968824619375048, -0.00019047098459035967, -9.75920082698892e-05, -0.00019688246268309936, -0.00019688246279002598, -0.0001904709845903905, 9.306760504899465e-06, 3.031308118294795e-05, 3.0313081182954815e-05, -4.1819174164030905e-06], [0.000747718570893956, 0.0005233131849308836, 0.0005233131849308709, 0.00019488119665455158, 0.003365186049096097, 0.0020019753832594732, 0.0020019753832595352, 0.0008113243861943481, 0.0005233131849309037, 0.00019488119665449718, 0.0001948811966545208, -4.062890729902881e-05, 0.0020019753832594134, 0.0008113243861943942, 0.0008113243861943754, 3.115546054618272e-05, 0.0005233131849308674, 0.00019488119665455478, 0.0001948811966545363, -4.062890729904841e-05, 0.0020019753832594927, 0.0008113243861943673, 0.0008113243861943517, 3.115546054618954e-05, 0.0001948811966544755, -4.062890729901493e-05, -4.0628907299017104e-05, -4.7942804636078594e-05, 0.0008113243861943901, 3.1155460546171893e-05, 3.115546054617644e-05, -0.00014841050225449128], [0.0005491302295187429, 0.0020019753832594936, 0.000194881196654519, 0.0005438375245732161, 0.0020019753832594732, 0.007535572207856813, 0.0005438375254550133, 0.0019010129308343188, 0.00019488119665450536, 0.0005438375251294671, -9.759201040763334e-05, -0.00019688246266974, 0.0005438375186837938, 0.0019010129302952062, -0.00019688246198885427, -0.00019047098459036175, 0.00019488119665453865, 0.000543837518180995, -9.75920085202258e-05, -0.00019688246271915735, 0.0005438375237448884, 0.001901012931915565, -0.00019688246355982622, -0.00019047098459036856, -9.759200230518879e-05, -0.00019688246294982675, 9.306761047071827e-06, 3.031308118296824e-05, -0.00019688246279002354, -0.00019047098459035498, 3.031308118295357e-05, -4.181917416351508e-06], [0.0005491302295187435, 0.0001948811966545669, 0.002001975383259484, 0.0005438375179199789, 0.0020019753832595352, 0.0005438375254550133, 0.007535572208823619, 0.0019010129305788324, 0.00019488119665450357, -9.759200859661487e-05, 0.0005438375252126978, -0.00019688246281733548, 0.0005438375224761115, -0.00019688246177801064, 0.0019010129304873878, -0.00019047098459034788, 0.00019488119665445283, -9.759200367783162e-05, 0.0005438375237841408, -0.0001968824622091523, 0.0005438375189857586, -0.0001968824635152057, 0.0019010129316164705, -0.00019047098459037186, -9.759200799164219e-05, 9.3067606846706e-06, -0.0001968824629498071, 3.031308118298463e-05, -0.00019688246268308692, 3.0313081182962584e-05, -0.00019047098459037064, -4.181917416358491e-06], [0.00027773940381698245, 0.0008113243861943855, 0.0008113243861943771, 0.0019010129305588807, 0.0008113243861943481, 0.0019010129308343188, 0.0019010129305788324, 0.004190627302491885, -4.062890729901242e-05, -0.0001968824621163608, -0.00019688246327167152, -0.0002911765645648333, -0.00019688246187765608, -0.000291176550812401, -0.0002911765600522249, 9.342484256484365e-05, -4.062890729900345e-05, -0.00019688246280592022, -0.0001968824613951254, -0.00029117655506135775, -0.00019688246306457576, -0.0002911765611924879, -0.00029117655917561286, 9.34248425648286e-05, 9.306759974046486e-06, 4.52840328222283e-05, 4.528404004514728e-05, 6.019550300665196e-06, 4.528403242392787e-05, 6.019550300637404e-06, 6.0195503006374334e-06, -4.691698739085873e-05], [0.0007477185708939551, 0.0005233131849308939, 0.0005233131849309181, 0.00019488119665457632, 0.0005233131849309037, 0.00019488119665450536, 0.00019488119665450357, -4.062890729901242e-05, 0.0033651860490960567, 0.0020019753832594637, 0.0020019753832595196, 0.0008113243861943777, 0.002001975383259457, 0.0008113243861943792, 0.0008113243861943715, 3.115546054618524e-05, 0.0005233131849308383, 0.00019488119665451572, 0.00019488119665454258, -4.062890729902535e-05, 0.00019488119665450496, -4.0628907299008504e-05, -4.06289072990165e-05, -4.794280463608919e-05, 0.0020019753832594828, 0.0008113243861943763, 0.0008113243861943649, 3.1155460546177836e-05, 0.0008113243861943914, 3.115546054618039e-05, 3.115546054617609e-05, -0.00014841050225447192], [0.0005491302295187435, 0.002001975383259515, 0.00019488119665448793, 0.0005438375182191254, 0.00019488119665449718, 0.0005438375251294671, -9.759200859661487e-05, -0.0001968824621163608, 0.0020019753832594637, 0.007535572209279316, 0.0005438375250596352, 0.0019010129314759616, 0.0005438375221998559, 0.0019010129296353237, -0.0001968824625240121, -0.00019047098459036956, 0.0001948811966545504, 0.0005438375231125444, -9.759200358160037e-05, -0.00019688246306167503, -9.759200763209227e-05, -0.00019688246284334368, 9.306760729693211e-06, 3.0313081182980903e-05, 0.0005438375192016089, 0.001901012931616486, -0.00019688246355981489, -0.00019047098459037693, -0.00019688246193749867, -0.00019047098459036094, 3.0313081182970786e-05, -4.181917416360228e-06], [0.0005491302295187436, 0.00019488119665448132, 0.002001975383259473, 0.0005438375248804259, 0.0001948811966545208, -9.759201040763334e-05, 0.0005438375252126978, -0.00019688246327167152, 0.0020019753832595196, 0.0005438375250596352, 0.007535572207128587, 0.0019010129302496558, 0.0005438375194170434, -0.00019688246134234757, 0.001901012930835255, -0.00019047098459035593, 0.00019488119665454193, -9.759200843207571e-05, 0.0005438375185188744, -0.00019688246217910237, -9.759200312168962e-05, 9.306761002507394e-06, -0.00019688246284334067, 3.0313081182969106e-05, 0.0005438375241353502, -0.0001968824635151741, 0.0019010129319155498, -0.00019047098459035977, -0.00019688246343656801, 3.031308118296762e-05, -0.00019047098459035647, -4.181917416357125e-06], [0.0002777394038169825, 0.0008113243861943903, 0.0008113243861943911, 0.001901012930657955, -4.062890729902881e-05, -0.00019688246266974, -0.00019688246281733548, -0.0002911765645648333, 0.0008113243861943777, 0.0019010129314759616, 0.0019010129302496558, 0.00419062730511686, -0.00019688246219015274, -0.00029117655248821726, -0.0002911765610015147, 9.342484256482578e-05, -4.062890729903473e-05, -0.0001968824629931986, -0.00019688246161936798, -0.0002911765564840479, 9.306760385578616e-06, 4.528403571169528e-05, 4.528403857851294e-05, 6.019550300686704e-06, -0.0001968824630645688, -0.0002911765636083697, -0.0002911765579619684, 9.34248425648169e-05, 4.5284033626154665e-05, 6.019550300625891e-06, 6.019550300678731e-06, -4.6916987390863444e-05], [0.0005491302295187443, 0.00019488119665457004, 0.00019488119665450588, -9.759200372920668e-05, 0.0020019753832594134, 0.0005438375186837938, 0.0005438375224761115, -0.00019688246187765608, 0.002001975383259457, 0.0005438375221998559, 0.0005438375194170434, -0.00019688246219015274, 0.007535572212243183, 0.0019010129295731065, 0.0019010129309656456, -0.00019047098459035565, 0.00019488119665459248, -9.759200605392507e-05, -9.759200706341062e-05, 9.306759826807349e-06, 0.0005438375223373779, -0.00019688246217911885, -0.00019688246306168676, 3.0313081182963387e-05, 0.000543837521880431, -0.00019688246220917195, -0.00019688246271914195, 3.031308118296991e-05, 0.0019010129312861104, -0.00019047098459036544, -0.00019047098459036045, -4.181917416356893e-06], [0.00027773940381698245, 0.0008113243861943664, -4.062890729899584e-05, -0.00019688246167689875, 0.0008113243861943942, 0.0019010129302952062, -0.00019688246177801064, -0.000291176550812401, 0.0008113243861943792, 0.0019010129296353237, -0.00019688246134234757, -0.00029117655248821726, 0.0019010129295731065, 0.004190627287043911, -0.000291176556680828, 9.342484256483511e-05, -4.0628907299044303e-05, -0.00019688246178271821, 9.306757505589092e-06, 4.528402769999592e-05, -0.00019688246161938023, -0.00029117655520223014, 4.528403155579763e-05, 6.019550300627218e-06, -0.00019688246139511456, -0.00029117655255806363, 4.5284030587428575e-05, 6.019550300652601e-06, -0.0002911765522211526, 9.342484256482256e-05, 6.019550300673831e-06, -4.691698739085742e-05], [0.00027773940381698294, -4.062890729901885e-05, 0.0008113243861944008, -0.00019688246306902795, 0.0008113243861943754, -0.00019688246198885427, 0.0019010129304873878, -0.0002911765600522249, 0.0008113243861943715, -0.0001968824625240121, 0.001901012930835255, -0.0002911765610015147, 0.0019010129309656456, -0.000291176556680828, 0.00419062730479711, 9.342484256484484e-05, -4.062890729902235e-05, 9.30676029026626e-06, -0.0001968824617827263, 4.5284037086629376e-05, -0.00019688246299323986, 4.528403392427077e-05, -0.00029117655771754796, 6.019550300631204e-06, -0.00019688246280594534, 4.528403658547105e-05, -0.00029117655942940236, 6.019550300664697e-06, -0.00029117656058766313, 6.019550300653238e-06, 9.342484256482357e-05, -4.69169873908594e-05], [1.951407102718995e-05, 3.1155460546173425e-05, 3.115546054616994e-05, -0.00019047098459035715, 3.115546054618272e-05, -0.00019047098459036175, -0.00019047098459034788, 9.342484256484365e-05, 3.115546054618524e-05, -0.00019047098459036956, -0.00019047098459035593, 9.342484256482578e-05, -0.00019047098459035565, 9.342484256483511e-05, 9.342484256484484e-05, 0.001238492971831285, -4.7942804636073e-05, 3.0313081182961066e-05, 3.031308118295911e-05, 6.019550300664393e-06, 3.0313081182969648e-05, 6.019550300654346e-06, 6.019550300646097e-06, -6.373189003356818e-05, 3.03130811829481e-05, 6.0195503006393986e-06, 6.019550300633446e-06, -6.37318900335905e-05, 6.01955030063054e-06, -6.37318900334947e-05, -6.373189003349104e-05, -8.936334888703072e-05], [0.000747718570893963, 0.0005233131849308648, 0.0005233131849308672, 0.00019488119665450477, 0.0005233131849308674, 0.00019488119665453865, 0.00019488119665445283, -4.062890729900345e-05, 0.0005233131849308383, 0.0001948811966545504, 0.00019488119665454193, -4.062890729903473e-05, 0.00019488119665459248, -4.0628907299044303e-05, -4.062890729902235e-05, -4.7942804636073e-05, 0.003365186049096247, 0.002001975383259469, 0.0020019753832594546, 0.000811324386194389, 0.002001975383259483, 0.0008113243861943865, 0.0008113243861943931, 3.115546054617104e-05, 0.0020019753832594984, 0.0008113243861943731, 0.0008113243861943904, 3.115546054617617e-05, 0.000811324386194367, 3.1155460546178744e-05, 3.115546054617793e-05, -0.0001484105022544755], [0.0005491302295187429, 0.0020019753832594468, 0.0001948811966545442, 0.0005438375235209831, 0.00019488119665455478, 0.000543837518180995, -9.759200367783162e-05, -0.00019688246280592022, 0.00019488119665451572, 0.0005438375231125444, -9.759200843207571e-05, -0.0001968824629931986, -9.759200605392507e-05, -0.00019688246178271821, 9.30676029026626e-06, 3.0313081182961066e-05, 0.002001975383259469, 0.007535572210925885, 0.0005438375196894737, 0.00190101293096563, 0.0005438375226512407, 0.001901012930835282, -0.0001968824625240273, -0.00019047098459036061, 0.0005438375224739089, 0.0019010129304873823, -0.00019688246198888587, -0.0001904709845903566, -0.00019688246306902272, -0.00019047098459036127, 3.0313081182977803e-05, -4.1819174163604254e-06], [0.0005491302295187439, 0.00019488119665449748, 0.002001975383259516, 0.0005438375235128952, 0.0001948811966545363, -9.75920085202258e-05, 0.0005438375237841408, -0.0001968824613951254, 0.00019488119665454258, -9.759200358160037e-05, 0.0005438375185188744, -0.00019688246161936798, -9.759200706341062e-05, 9.306757505589092e-06, -0.0001968824617827263, 3.031308118295911e-05, 0.0020019753832594546, 0.0005438375196894737, 0.007535572209924521, 0.001901012929573091, 0.000543837522899945, -0.0001968824613423648, 0.0019010129296353358, -0.0001904709845903493, 0.0005438375232266075, -0.0001968824617779989, 0.0019010129302952192, -0.0001904709845903536, -0.00019688246167687872, 3.031308118297469e-05, -0.00019047098459036357, -4.181917416357308e-06], [0.0002777394038169827, 0.0008113243861943973, 0.0008113243861943771, 0.001901012931286136, -4.062890729904841e-05, -0.00019688246271915735, -0.0001968824622091523, -0.00029117655506135775, -4.062890729902535e-05, -0.00019688246306167503, -0.00019688246217910237, -0.0002911765564840479, 9.306759826807349e-06, 4.528402769999592e-05, 4.5284037086629376e-05, 6.019550300664393e-06, 0.000811324386194389, 0.00190101293096563, 0.001901012929573091, 0.004190627303326315, -0.00019688246219014174, -0.00029117655933786707, -0.0002911765618646487, 9.34248425648751e-05, -0.0001968824618776513, -0.0002911765564600094, -0.00029117656331977167, 9.342484256481342e-05, 4.528404133900931e-05, 6.0195503006558666e-06, 6.019550300631592e-06, -4.691698739087027e-05], [0.0005491302295187445, 0.00019488119665452035, 0.00019488119665455063, -9.75920076634953e-05, 0.0020019753832594927, 0.0005438375237448884, 0.0005438375189857586, -0.00019688246306457576, 0.00019488119665450496, -9.759200763209227e-05, -9.759200312168962e-05, 9.306760385578616e-06, 0.0005438375223373779, -0.00019688246161938023, -0.00019688246299323986, 3.0313081182969648e-05, 0.002001975383259483, 0.0005438375226512407, 0.000543837522899945, -0.00019688246219014174, 0.007535572210672385, 0.0019010129302496977, 0.001901012931475963, -0.00019047098459036885, 0.0005438375195169553, -0.0001968824628173194, -0.00019688246266974955, 3.031308118297063e-05, 0.0019010129306579278, -0.00019047098459036698, -0.0001904709845903577, -4.18191741635809e-06], [0.00027773940381698245, 0.0008113243861943848, -4.062890729902615e-05, -0.00019688246343656533, 0.0008113243861943673, 0.001901012931915565, -0.0001968824635152057, -0.0002911765611924879, -4.0628907299008504e-05, -0.00019688246284334368, 9.306761002507394e-06, 4.528403571169528e-05, -0.00019688246217911885, -0.00029117655520223014, 4.528403392427077e-05, 6.019550300654346e-06, 0.0008113243861943865, 0.001901012930835282, -0.0001968824613423648, -0.00029117655933786707, 0.0019010129302496977, 0.004190627305284227, -0.00029117655769143115, 9.342484256482895e-05, -0.00019688246327167737, -0.0002911765615802197, 4.528403844764699e-05, 6.019550300641142e-06, -0.0002911765614393353, 9.342484256481602e-05, 6.019550300655369e-06, -4.6916987390859135e-05], [0.00027773940381698304, -4.0628907299005475e-05, 0.0008113243861943737, -0.0001968824619375048, 0.0008113243861943517, -0.00019688246355982622, 0.0019010129316164705, -0.00029117655917561286, -4.06289072990165e-05, 9.306760729693211e-06, -0.00019688246284334067, 4.528403857851294e-05, -0.00019688246306168676, 4.528403155579763e-05, -0.00029117655771754796, 6.019550300646097e-06, 0.0008113243861943931, -0.0001968824625240273, 0.0019010129296353358, -0.0002911765618646487, 0.001901012931475963, -0.00029117655769143115, 0.004190627305794152, 9.342484256482587e-05, -0.00019688246211632828, 4.528403845920918e-05, -0.00029117656193177746, 6.0195503007002375e-06, -0.0002911765590823873, 6.019550300642361e-06, 9.34248425648157e-05, -4.691698739085823e-05], [1.9514071027193736e-05, 3.11554605461697e-05, 3.1155460546192676e-05, -0.00019047098459035967, 3.115546054618954e-05, -0.00019047098459036856, -0.00019047098459037186, 9.34248425648286e-05, -4.794280463608919e-05, 3.0313081182980903e-05, 3.0313081182969106e-05, 6.019550300686704e-06, 3.0313081182963387e-05, 6.019550300627218e-06, 6.019550300631204e-06, -6.373189003356818e-05, 3.115546054617104e-05, -0.00019047098459036061, -0.0001904709845903493, 9.34248425648751e-05, -0.00019047098459036885, 9.342484256482895e-05, 9.342484256482587e-05, 0.0012384929718313353, 3.0313081182953327e-05, 6.0195503006647265e-06, 6.019550300635163e-06, -6.373189003351484e-05, 6.019550300641585e-06, -6.373189003354286e-05, -6.373189003356526e-05, -8.936334888703862e-05], [0.0005491302295187455, 0.0001948811966545567, 0.00019488119665452794, -9.75920082698892e-05, 0.0001948811966544755, -9.759200230518879e-05, -9.759200799164219e-05, 9.306759974046486e-06, 0.0020019753832594828, 0.0005438375192016089, 0.0005438375241353502, -0.0001968824630645688, 0.000543837521880431, -0.00019688246139511456, -0.00019688246280594534, 3.03130811829481e-05, 0.0020019753832594984, 0.0005438375224739089, 0.0005438375232266075, -0.0001968824618776513, 0.0005438375195169553, -0.00019688246327167737, -0.00019688246211632828, 3.0313081182953327e-05, 0.007535572210523104, 0.0019010129305788194, 0.0019010129308343108, -0.0001904709845903532, 0.001901012930558859, -0.000190470984590345, -0.00019047098459034145, -4.181917416360318e-06], [0.0002777394038169824, 0.0008113243861943775, -4.0628907299007834e-05, -0.00019688246268309936, -4.062890729901493e-05, -0.00019688246294982675, 9.3067606846706e-06, 4.52840328222283e-05, 0.0008113243861943763, 0.001901012931616486, -0.0001968824635151741, -0.0002911765636083697, -0.00019688246220917195, -0.00029117655255806363, 4.528403658547105e-05, 6.0195503006393986e-06, 0.0008113243861943731, 0.0019010129304873823, -0.0001968824617779989, -0.0002911765564600094, -0.0001968824628173194, -0.0002911765615802197, 4.528403845920918e-05, 6.0195503006647265e-06, 0.0019010129305788194, 0.0041906273050675204, -0.00029117655793668647, 9.342484256480897e-05, -0.00029117656386678056, 9.342484256486391e-05, 6.019550300659936e-06, -4.691698739086789e-05], [0.0002777394038169826, -4.0628907299021284e-05, 0.0008113243861943731, -0.00019688246279002598, -4.0628907299017104e-05, 9.306761047071827e-06, -0.0001968824629498071, 4.528404004514728e-05, 0.0008113243861943649, -0.00019688246355981489, 0.0019010129319155498, -0.0002911765579619684, -0.00019688246271914195, 4.5284030587428575e-05, -0.00029117655942940236, 6.019550300633446e-06, 0.0008113243861943904, -0.00019688246198888587, 0.0019010129302952192, -0.00029117656331977167, -0.00019688246266974955, 4.528403844764699e-05, -0.00029117656193177746, 6.019550300635163e-06, 0.0019010129308343108, -0.00029117655793668647, 0.004190627306280837, 9.342484256481121e-05, -0.0002911765578572042, 6.019550300701982e-06, 9.342484256482369e-05, -4.691698739085845e-05], [1.951407102719017e-05, 3.115546054617527e-05, 3.115546054618363e-05, -0.0001904709845903905, -4.7942804636078594e-05, 3.031308118296824e-05, 3.031308118298463e-05, 6.019550300665196e-06, 3.1155460546177836e-05, -0.00019047098459037693, -0.00019047098459035977, 9.34248425648169e-05, 3.031308118296991e-05, 6.019550300652601e-06, 6.019550300664697e-06, -6.37318900335905e-05, 3.115546054617617e-05, -0.0001904709845903566, -0.0001904709845903536, 9.342484256481342e-05, 3.031308118297063e-05, 6.019550300641142e-06, 6.0195503007002375e-06, -6.373189003351484e-05, -0.0001904709845903532, 9.342484256480897e-05, 9.342484256481121e-05, 0.00123849297183131, 6.019550300669929e-06, -6.373189003355512e-05, -6.3731890033544e-05, -8.936334888703755e-05], [0.00027773940381698304, -4.0628907299028664e-05, -4.062890729900661e-05, 9.306760504899465e-06, 0.0008113243861943901, -0.00019688246279002354, -0.00019688246268308692, 4.528403242392787e-05, 0.0008113243861943914, -0.00019688246193749867, -0.00019688246343656801, 4.5284033626154665e-05, 0.0019010129312861104, -0.0002911765522211526, -0.00029117656058766313, 6.01955030063054e-06, 0.000811324386194367, -0.00019688246306902272, -0.00019688246167687872, 4.528404133900931e-05, 0.0019010129306579278, -0.0002911765614393353, -0.0002911765590823873, 6.019550300641585e-06, 0.001901012930558859, -0.00029117656386678056, -0.0002911765578572042, 6.019550300669929e-06, 0.004190627304589679, 9.342484256481606e-05, 9.342484256484991e-05, -4.691698739085378e-05], [1.9514071027193933e-05, 3.115546054618724e-05, -4.7942804636081596e-05, 3.031308118294795e-05, 3.1155460546171893e-05, -0.00019047098459035498, 3.0313081182962584e-05, 6.019550300637404e-06, 3.115546054618039e-05, -0.00019047098459036094, 3.031308118296762e-05, 6.019550300625891e-06, -0.00019047098459036544, 9.342484256482256e-05, 6.019550300653238e-06, -6.37318900334947e-05, 3.1155460546178744e-05, -0.00019047098459036127, 3.031308118297469e-05, 6.0195503006558666e-06, -0.00019047098459036698, 9.342484256481602e-05, 6.019550300642361e-06, -6.373189003354286e-05, -0.000190470984590345, 9.342484256486391e-05, 6.019550300701982e-06, -6.373189003355512e-05, 9.342484256481606e-05, 0.0012384929718312556, -6.37318900334964e-05, -8.936334888703412e-05], [1.951407102719288e-05, -4.794280463607482e-05, 3.1155460546181455e-05, 3.0313081182954815e-05, 3.115546054617644e-05, 3.031308118295357e-05, -0.00019047098459037064, 6.0195503006374334e-06, 3.115546054617609e-05, 3.0313081182970786e-05, -0.00019047098459035647, 6.019550300678731e-06, -0.00019047098459036045, 6.019550300673831e-06, 9.342484256482357e-05, -6.373189003349104e-05, 3.115546054617793e-05, 3.0313081182977803e-05, -0.00019047098459036357, 6.019550300631592e-06, -0.0001904709845903577, 6.019550300655369e-06, 9.34248425648157e-05, -6.373189003356526e-05, -0.00019047098459034145, 6.019550300659936e-06, 9.342484256482369e-05, -6.3731890033544e-05, 9.342484256484991e-05, -6.37318900334964e-05, 0.0012384929718312586, -8.936334888703578e-05], [-9.306746102190514e-05, -0.00014841050225446702, -0.00014841050225449453, -4.1819174164030905e-06, -0.00014841050225449128, -4.181917416351508e-06, -4.181917416358491e-06, -4.691698739085873e-05, -0.00014841050225447192, -4.181917416360228e-06, -4.181917416357125e-06, -4.6916987390863444e-05, -4.181917416356893e-06, -4.691698739085742e-05, -4.69169873908594e-05, -8.936334888703072e-05, -0.0001484105022544755, -4.1819174163604254e-06, -4.181917416357308e-06, -4.691698739087027e-05, -4.18191741635809e-06, -4.6916987390859135e-05, -4.691698739085823e-05, -8.936334888703862e-05, -4.181917416360318e-06, -4.691698739086789e-05, -4.691698739085845e-05, -8.936334888703755e-05, -4.691698739085378e-05, -8.936334888703412e-05, -8.936334888703578e-05, 0.0002923461568542364]], [[0.00021284761765960272, 0.00018644343789736047, 0.00018644343789735545, 0.00015113844228342016, 0.00018644343789736122, 0.00015113844228342935, 0.00015113844228343046, 9.829468762620643e-05, 0.00018644343789735187, 0.00015113844228342873, 0.00015113844228342916, 9.829468762620527e-05, 0.00015113844228342756, 9.829468762620613e-05, 9.829468762620687e-05, 4.3074693168721465e-05, 0.00018644343789735618, 0.0001511384422834288, 0.00015113844228342862, 9.829468762620556e-05, 0.00015113844228342908, 9.829468762620594e-05, 9.829468762620624e-05, 4.307469316872097e-05, 0.00015113844228342835, 9.829468762620664e-05, 9.829468762620625e-05, 4.3074693168722136e-05, 9.829468762620567e-05, 4.307469316872078e-05, 4.30746931687211e-05, -1.0386339514657704e-05, 0.00018644343789734756, 0.00015113844228342838, 0.0001511384422834294, 9.829468762620633e-05, 0.00015113844228342862, 9.829468762620648e-05, 9.829468762620556e-05, 4.3074693168721845e-05, 0.00015113844228342962, 9.829468762620563e-05, 9.829468762620503e-05, 4.3074693168719954e-05, 9.829468762620586e-05, 4.3074693168722245e-05, 4.307469316872091e-05, -1.0386339514658868e-05, 0.00015113844228342862, 9.829468762620538e-05, 9.829468762620564e-05, 4.307469316872159e-05, 9.829468762620647e-05, 4.3074693168720944e-05, 4.307469316872066e-05, -1.0386339514655171e-05, 9.829468762620594e-05, 4.30746931687219e-05, 4.30746931687217e-05, -1.0386339514658602e-05, 4.3074693168720944e-05, -1.0386339514657076e-05, -1.0386339514658692e-05, -1.95915279382348e-05], [0.00018644343789736047, 0.000806024337557028, 0.00015270656510628014, 0.0005952752615402629, 0.0001527065620223652, 0.0005952752528358826, 6.944511367219672e-05, 0.0003164465756931042, 0.00015270656157246652, 0.0005952752591185103, 6.9445119954781e-05, 0.00031644657427335333, 6.944511125042216e-05, 0.0003164465759222596, 1.1174548229038569e-05, 0.0001178907051940199, 0.0001527065732726733, 0.00059527525961642, 6.944512045271417e-05, 0.0003164465748227462, 6.944511174835299e-05, 0.0003164465764716482, 1.1174548778433195e-05, 0.00011789070495904425, 6.944511803094328e-05, 0.0003164465750518841, 1.117454735866816e-05, 0.00011789070498433261, 1.1174549007583772e-05, 0.00011789070524439359, -3.5095122427363984e-05, -1.923855159508177e-05, 0.0001527065575588025, 0.0005952752568062974, 6.944511764257714e-05, 0.0003164465747818654, 6.944510893821374e-05, 0.0003164465764307719, 1.1174548737559001e-05, 0.00011789070530715031, 6.944511522082321e-05, 0.000316446575011012, 1.1174547317799321e-05, 0.0001178907053324362, 1.117454896670808e-05, 0.00011789070559249648, -3.509512207925585e-05, -1.9238563429453576e-05, 6.944511571875975e-05, 0.00031644657556039726, 1.117454786717652e-05, 0.0001178907050974624, 1.1174549516094229e-05, 0.00011789070535752354, -3.509512231423181e-05, -1.923855914618035e-05, 1.1174548096332997e-05, 0.00011789070538280352, -3.50951222889449e-05, -1.923855420565933e-05, -3.5095122028891165e-05, -1.9238561678520695e-05, 3.7911418859142664e-06, -3.3305037768327386e-05], [0.00018644343789735545, 0.00015270656510628014, 0.0008060243508415301, 0.000595275268291432, 0.0001527065640460434, 6.944512192421196e-05, 0.0005952752678390811, 0.0003164465731720137, 0.000152706559161045, 6.944511386901781e-05, 0.0005952752597839041, 0.0003164465750381552, 6.944511341668634e-05, 1.117454818933326e-05, 0.0003164465750242625, 0.00011789070463663903, 0.00015270656098439133, 6.944511424467674e-05, 0.0005952752601595424, 0.0003164465747134801, 6.94451137923396e-05, 1.1174547864675183e-05, 0.0003164465746995993, 0.00011789070516273076, 6.944510573714641e-05, 1.1174549730806132e-05, 0.00031644657656572264, 0.00011789070483823949, 1.1174549716916042e-05, -3.509512232695974e-05, 0.00011789070511125569, -1.923855852739888e-05, 0.00015270655695034295, 6.944511493320074e-05, 0.0005952752608480742, 0.00031644657407253556, 6.94451144808629e-05, 1.1174547223721427e-05, 0.0003164465740586402, 0.00011789070521971365, 6.944510642567488e-05, 1.1174549089848105e-05, 0.0003164465759247775, 0.00011789070489523131, 1.117454907596066e-05, -3.50951222699727e-05, 0.00011789070516824908, -1.9238556578202646e-05, 6.944510680130533e-05, 1.1174548765187936e-05, 0.00031644657560011, 0.0001178907054213258, 1.1174548751295768e-05, -3.509512174388826e-05, 0.00011789070569433519, -1.923855558836495e-05, 1.1174550617430553e-05, -3.5095122068367054e-05, 0.00011789070536985574, -1.923855583796114e-05, -3.5095121795353895e-05, 3.791140041461489e-06, -1.9238561678514867e-05, -3.3305037768324655e-05], [0.00015113844228342016, 0.0005952752615402629, 0.000595275268291432, 0.002233824133306084, 6.944511321983406e-05, 0.00025300329970842075, 0.0002530033059933401, 0.0010367588817249713, 6.944511144727723e-05, 0.00025300329216318776, 0.00025300331074222244, 0.001036758881686418, -2.9376266886380787e-06, -6.616878043896787e-06, -6.616880955864776e-06, 0.00010882723311495473, 6.944511232082403e-05, 0.0002530033026959611, 0.00025300330188907994, 0.0010367588812575858, -2.937626906045453e-06, -6.61687940231284e-06, -6.616880636754156e-06, 0.00010882723420854493, -2.937622474835672e-06, -6.616878838383256e-06, -6.61688062468673e-06, 0.00010882723396516477, -2.0154123188501467e-05, -3.6064052082397855e-05, -3.60640522286755e-05, -1.3443991137006104e-05, 6.944511019923398e-05, 0.00025300329995747137, 0.00025300329493751594, 0.001036758883250969, -2.9376254455933596e-06, -6.616878249464922e-06, -6.616879013047539e-06, 0.000108827232910774, -2.937633409897267e-06, -6.616877306360965e-06, -6.61687862181694e-06, 0.00010882723343589863, -2.0154122026163202e-05, -3.606405174707427e-05, -3.606405250395439e-05, -1.344398815698873e-05, -2.937622001925476e-06, -6.616879268856463e-06, -6.61687890676973e-06, 0.00010882723383483571, -2.0154123240706987e-05, -3.606405209793651e-05, -3.606405247067757e-05, -1.3443989732017784e-05, -2.015412224698956e-05, -3.606405232875791e-05, -3.6064052416821676e-05, -1.3443991281973185e-05, 3.34607137935924e-06, 3.181667078992642e-06, 3.181666571551385e-06, -1.4890651296152773e-05], [0.00018644343789736122, 0.0001527065620223652, 0.0001527065640460434, 6.944511321983406e-05, 0.0008060243576657272, 0.0005952752557792796, 0.0005952752640312879, 0.0003164465751463457, 0.0001527065566374023, 6.944511322115493e-05, 6.944512147318997e-05, 1.1174547772729757e-05, 0.0005952752640326149, 0.00031644657494696093, 0.0003164465732841586, 0.0001178907048054279, 0.00015270655492872714, 6.944510826269331e-05, 6.94451165147104e-05, 1.117454881681305e-05, 0.0005952752590741431, 0.000316446575991041, 0.0003164465743282394, 0.00011789070481554135, 6.944511651601519e-05, 1.1174548617435884e-05, 1.117454695463588e-05, -3.509512155717966e-05, 0.000316446574128861, 0.00011789070500390391, 0.00011789070501686936, -1.9238562446929605e-05, 0.00015270656178937106, 6.94451079621001e-05, 6.944511621414525e-05, 1.117454966057523e-05, 0.0005952752587735703, 0.0003164465768348099, 0.0003164465751720092, 0.00011789070470999266, 6.944511621543004e-05, 1.1174549461204244e-05, 1.117454779839427e-05, -3.509512166273334e-05, 0.00031644657497262513, 0.00011789070489835924, 0.00011789070491131672, -1.923855399647849e-05, 6.944511125697578e-05, 1.1174550505280606e-05, 1.1174548842479988e-05, -3.509512165261786e-05, 0.0003164465760167088, 0.00011789070490846946, 0.00011789070492142666, -1.9238555219250456e-05, 1.1174548643101902e-05, -3.509512146425162e-05, -3.509512145130177e-05, 3.7911335373097777e-06, 0.00011789070510979259, -1.9238555837959387e-05, -1.923855420566469e-05, -3.3305037768312167e-05], [0.00015113844228342935, 0.0005952752528358826, 6.944512192421196e-05, 0.00025300329970842075, 0.0005952752557792796, 0.002233824129676405, 0.0002530033031910451, 0.0010367588827390791, 6.944511950375438e-05, 0.00025300329715157685, -2.93762642073