{"r1": 0.99, "r2": 0.99, "theta": 0.1, "sequence": [[[0.9950741430937474, 0.00043201640106100186], [0.00043201640106100186, 0.004965735981647025]], [[0.9900281891127138, 0.0004298160585997206, 0.0004298160585997144, 3.732006402844133e-07], [0.0004298160585997206, 0.004961942314152848, 3.5967348827487886e-07, 2.1622093708336453e-06], [0.0004298160585997144, 3.5967348827487886e-07, 0.004961942314153111, 2.1622093708096785e-06], [3.732006402844133e-07, 2.1622093708336453e-06, 2.1622093708096785e-06, 6.888117233715616e-06]], [[0.9850769021290792, 0.0004276668734954731, 0.0004276668734954681, 3.7133361834452787e-07, 0.00042766687349547977, 3.713336183389989e-07, 3.713336183426697e-07, 3.2241679737372546e-10], [0.0004276668734954731, 0.004936422193157237, 3.331746293831212e-07, 2.1500841180591616e-06, 3.331746298048849e-07, 2.150083813855964e-06, 2.897215860255799e-10, 1.8668797078443593e-09], [0.0004276668734954681, 3.331746293831212e-07, 0.004936422193166667, 2.150084129171929e-06, 3.331746206345463e-07, 2.897097184845412e-10, 2.15008381358756e-06, 1.8668800410278946e-09], [3.7133361834452787e-07, 2.1500841180591616e-06, 2.150084129171929e-06, 9.126426820213444e-06, 2.894057702191203e-10, 1.5293960363061417e-09, 1.3286354214250297e-09, 7.201297474330628e-09], [0.00042766687349547977, 3.331746298048849e-07, 3.331746206345463e-07, 2.894057702191203e-10, 0.004936422193166251, 2.1500841295043237e-06, 2.1500841179859297e-06, 1.866879776553951e-09], [3.713336183389989e-07, 2.150083813855964e-06, 2.897097184845412e-10, 1.5293960363061417e-09, 2.1500841295043237e-06, 9.126250338786442e-06, 1.5049900242503423e-09, 7.201296761288789e-09], [3.713336183426697e-07, 2.897215860255799e-10, 2.15008381358756e-06, 1.3286354214250297e-09, 2.1500841179859297e-06, 1.5049900242503423e-09, 9.126451057758988e-06, 7.201296777128501e-09], [3.2241679737372546e-10, 1.8668797078443593e-09, 1.8668800410278946e-09, 7.201297474330628e-09, 1.866879776553951e-09, 7.201296761288789e-09, 7.201296777128501e-09, -7.376836798515765e-06]], [[0.9799665356423971, 0.00042548383974554794, 0.0004254838397455514, 3.694386948169184e-07, 0.0004254838397455576, 3.6943869481730445e-07, 3.6943869481710333e-07, 3.207901135465029e-10, 0.00042548383974555667, 3.6943869481714516e-07, 3.6943869481718206e-07, 3.207899909044851e-10, 3.6943869481743977e-07, 3.207891497448325e-10, 3.207899647746103e-10, 2.785518685233063e-13], [0.00042548383974554794, 0.004829421720879198, 6.070690698504936e-08, 2.0992582553276e-06, 6.070690684551282e-08, 2.0992582552346174e-06, 5.223118915747691e-11, 1.8226482231551405e-09, 6.070690688609674e-08, 2.0992582553132254e-06, 5.2231101367521573e-11, 1.8226476749995965e-09, 5.2231082370314157e-11, 1.8226502659995925e-09, -6.601266416958611e-14, 1.583804348979685e-12], [0.0004254838397455514, 6.070690698504936e-08, 0.004829421720879565, 2.0992582552868026e-06, 6.070690689793366e-08, 5.2231189224965395e-11, 2.099258255099515e-06, 1.8226474819348762e-09, 6.070690669889314e-08, 5.223093446652016e-11, 2.099258255219228e-06, 1.822646656262385e-09, 5.223096864203051e-11, -6.361037819631406e-14, 1.8226479256678177e-09, 1.5836969541011557e-12], [3.694386948169184e-07, 2.0992582553276e-06, 2.0992582552868026e-06, 1.833579508842446e-05, 5.2231067678475044e-11, 1.49176480755507e-09, 1.4917488110408054e-09, 7.1659781638339265e-09, 5.223101410951571e-11, 1.4918079659006156e-09, 1.4918003369285614e-09, 7.166175127268931e-09, 2.0118541295307985e-10, 1.1839370328841117e-12, 1.384578749240863e-12, 6.223237904334208e-12], [0.0004254838397455576, 6.070690684551282e-08, 6.070690689793366e-08, 5.2231067678475044e-11, 0.004829421720879465, 2.0992582552308637e-06, 2.0992582553355375e-06, 1.8226481487815468e-09, 6.070690700070952e-08, 5.223101369416031e-11, 5.223109485827472e-11, -6.633961332227471e-14, 2.0992582553521178e-06, 1.8226502148631845e-09, 1.8226490356963263e-09, 1.5838130431642104e-12], [3.6943869481730445e-07, 2.0992582552346174e-06, 5.2231189224965395e-11, 1.49176480755507e-09, 2.0992582552308637e-06, 1.833579511625385e-05, 1.491772800430188e-09, 7.165669359718141e-09, 5.2231024964355554e-11, 1.4917808256298598e-09, 2.0116113561737043e-10, 1.493613810822206e-12, 1.4917996682465683e-09, 7.165419664110676e-09, 1.268285205080829e-12, 6.2216424215451965e-12], [3.6943869481710333e-07, 5.223118915747691e-11, 2.099258255099515e-06, 1.4917488110408054e-09, 2.0992582553355375e-06, 1.491772800430188e-09, 1.8335795216532878e-05, 7.165866272541278e-09, 5.223106822234004e-11, 2.0107057090316994e-10, 1.491778915656911e-09, 1.4964807608604001e-12, 1.4918088709942235e-09, 1.0705897882911527e-12, 7.166088254495909e-09, 6.222783372194397e-12], [3.207901135465029e-10, 1.8226482231551405e-09, 1.8226474819348762e-09, 7.1659781638339265e-09, 1.8226481487815468e-09, 7.165669359718141e-09, 7.165866272541278e-09, 1.9153913972583314e-06, -6.537284950780972e-14, 1.3950865744199532e-12, 1.5918548163279385e-12, -8.998835207034967e-11, 1.2834098893665912e-12, 8.952271732313088e-11, -1.3049633373717776e-10, 3.593840071053964e-11], [0.00042548383974555667, 6.070690688609674e-08, 6.070690669889314e-08, 5.223101410951571e-11, 6.070690700070952e-08, 5.2231024964355554e-11, 5.223106822234004e-11, -6.537284950780972e-14, 0.004829421720879713, 2.099258255422337e-06, 2.0992582552802013e-06, 1.8226472750761023e-09, 2.099258255277243e-06, 1.8226500351771616e-09, 1.822648395549638e-09, 1.5837149652537228e-12], [3.6943869481714516e-07, 2.0992582553132254e-06, 5.223093446652016e-11, 1.4918079659006156e-09, 5.223101369416031e-11, 1.4917808256298598e-09, 2.0107057090316994e-10, 1.3950865744199532e-12, 2.099258255422337e-06, 1.833579521593781e-05, 1.4917732542811633e-09, 7.165964748746495e-09, 1.4917472492151753e-09, 7.165517988485586e-09, 1.1725200101092072e-12, 6.222113645667663e-12], [3.6943869481718206e-07, 5.2231101367521573e-11, 2.099258255219228e-06, 1.4918003369285614e-09, 5.223109485827472e-11, 2.0116113561737043e-10, 1.491778915656911e-09, 1.5918548163279385e-12, 2.0992582552802013e-06, 1.4917732542811633e-09, 1.8335795115143058e-05, 7.165967642661628e-09, 1.491767544857259e-09, 1.1688637473137474e-12, 7.165992677715513e-09, 6.22322678764151e-12], [3.207899909044851e-10, 1.8226476749995965e-09, 1.822646656262385e-09, 7.166175127268931e-09, -6.633961332227471e-14, 1.493613810822206e-12, 1.4964807608604001e-12, -8.998835207034967e-11, 1.8226472750761023e-09, 7.165964748746495e-09, 7.165967642661628e-09, 1.915369089156942e-06, 1.2861366273255604e-12, -1.0985471971294096e-12, -1.4372266826784396e-10, 3.5738757562101846e-11], [3.6943869481743977e-07, 5.2231082370314157e-11, 5.223096864203051e-11, 2.0118541295307985e-10, 2.0992582553521178e-06, 1.4917996682465683e-09, 1.4918088709942235e-09, 1.2834098893665912e-12, 2.099258255277243e-06, 1.4917472492151753e-09, 1.491767544857259e-09, 1.2861366273255604e-12, 1.8335795086054103e-05, 7.165404504643939e-09, 7.165876224313938e-09, 6.221720654933097e-12], [3.207891497448325e-10, 1.8226502659995925e-09, -6.361037819631406e-14, 1.1839370328841117e-12, 1.8226502148631845e-09, 7.165419664110676e-09, 1.0705897882911527e-12, 8.952271732313088e-11, 1.8226500351771616e-09, 7.165517988485586e-09, 1.1688637473137474e-12, -1.0985471971294096e-12, 7.165404504643939e-09, 1.9155230473648056e-06, 3.806931520709835e-12, 3.661047584954887e-11], [3.207899647746103e-10, -6.601266416958611e-14, 1.8226479256678177e-09, 1.384578749240863e-12, 1.8226490356963263e-09, 1.268285205080829e-12, 7.166088254495909e-09, -1.3049633373717776e-10, 1.822648395549638e-09, 1.1725200101092072e-12, 7.165992677715513e-09, -1.4372266826784396e-10, 7.165876224313938e-09, 3.806931520709835e-12, 1.915618456972281e-06, 3.593904100839141e-11], [2.785518685233063e-13, 1.583804348979685e-12, 1.5836969541011557e-12, 6.223237904334208e-12, 1.5838130431642104e-12, 6.2216424215451965e-12, 6.222783372194397e-12, 3.593840071053964e-11, 1.5837149652537228e-12, 6.222113645667663e-12, 6.22322678764151e-12, 3.5738757562101846e-11, 6.221720654933097e-12, 3.661047584954887e-11, 3.593904100839141e-11, 1.8329830791248886e-06]], [[0.9752606462600388, 0.00042340494358985745, 0.00042340494358984916, 3.676350220800627e-07, 0.00042340494358986374, 3.6763502207882523e-07, 3.6763502207976003e-07, 3.192087921965459e-10, 0.0004234049435898611, 3.676350220759304e-07, 3.676350220779071e-07, 3.192096054111266e-10, 3.676350220752775e-07, 3.1920971300428796e-10, 3.192096135693951e-10, 2.771542379526887e-13, 0.0004234049435898546, 3.67635022078464e-07, 3.6763502208004294e-07, 3.192090455241631e-10, 3.676350220782612e-07, 3.192091999925739e-10, 3.19208848029122e-10, 2.7715252835936296e-13, 3.676350220746629e-07, 3.1921036942719037e-10, 3.192098814001237e-10, 2.771530273770616e-13, 3.192105364342636e-10, 2.771485276799322e-13, 2.7714428245955335e-13, 2.40694245207928e-16], [0.00042340494358985745, 0.004886806351599855, 3.68499863228054e-07, 2.1268414999406737e-06, 3.6849986409767617e-07, 2.126841499891242e-06, 3.1992838281518495e-10, 1.846718532651419e-09, 3.6849986336744467e-07, 2.1268414998625904e-06, 3.1992842024581444e-10, 1.8467173022410585e-09, 3.1992834170107615e-10, 1.8467178418058222e-09, 2.868448484695203e-13, 1.6048363281110248e-12, 3.684998624467057e-07, 2.1268414999513844e-06, 3.199285138283379e-10, 1.8467183422213431e-09, 3.1992843022399884e-10, 1.8467188699961614e-09, 2.878632065449835e-13, 1.6048613536021347e-12, 3.1992848203229793e-10, 1.8467176571136632e-09, 2.8664752999993484e-13, 1.6048428830741181e-12, 2.869756589384666e-13, 1.6048418295066663e-12, 2.816122240412972e-16, 1.3971589290385176e-15], [0.00042340494358984916, 3.68499863228054e-07, 0.004886806351599036, 2.1268414998668887e-06, 3.6849986340846584e-07, 3.199283970940018e-10, 2.1268414999505946e-06, 1.8467180617149144e-09, 3.6849986360993744e-07, 3.199284704608465e-10, 2.1268414998511398e-06, 1.8467181681104365e-09, 3.199284573765555e-10, 2.8669752218763253e-13, 1.8467185443604203e-09, 1.6048069073595523e-12, 3.6849986373145734e-07, 3.1992848639954475e-10, 2.126841499867863e-06, 1.8467178429438081e-09, 3.199283998406138e-10, 2.8686816852839433e-13, 1.8467189049470203e-09, 1.6048743480877954e-12, 3.199284433599747e-10, 2.86695267181792e-13, 1.8467184842851544e-09, 1.6048073322842403e-12, 2.8715018662126535e-13, 2.7266449352344773e-16, 1.6048303308046165e-12, 1.3911539226006879e-15], [3.676350220800627e-07, 2.1268414999406737e-06, 2.1268414998668887e-06, 1.2809860388345805e-05, 3.1992838971519925e-10, 1.551721112748924e-09, 1.5516859516878145e-09, 7.130331543412613e-09, 3.1992839338446253e-10, 1.5517078996278837e-09, 1.5516785316641514e-09, 7.130333532123082e-09, 4.296189167403793e-12, 1.4283661777771823e-12, 1.2893983582816862e-12, 6.1915836026035524e-12, 3.1992850429715705e-10, 1.5516361764294275e-09, 1.5516305936734118e-09, 7.130332310420876e-09, 4.24477995559122e-12, 1.3333846831055953e-12, 1.2560437031697443e-12, 6.191214904701057e-12, 4.209336354113611e-12, 1.3447194004549407e-12, 1.369200667988024e-12, 6.191460897919804e-12, 8.746334982414983e-14, 2.1776181750418262e-16, 2.671983253416853e-16, 5.428633315088208e-15], [0.00042340494358986374, 3.6849986409767617e-07, 3.6849986340846584e-07, 3.1992838971519925e-10, 0.00488680635159721, 2.126841499960444e-06, 2.1268415000762595e-06, 1.8467187725506004e-09, 3.6849986325920884e-07, 3.199283976658824e-10, 3.199284306935918e-10, 2.872304047547189e-13, 2.1268415000949552e-06, 1.8467180077396939e-09, 1.8467181509902297e-09, 1.6048012870637284e-12, 3.6849986502846564e-07, 3.1992823879476674e-10, 3.199283269071171e-10, 2.873623892309288e-13, 2.126841499960081e-06, 1.8467183400760632e-09, 1.846718591067073e-09, 1.6047999416931081e-12, 3.199283229579025e-10, 2.866088180400647e-13, 2.866568799724589e-13, 2.1834452302346713e-16, 1.8467175196629462e-09, 1.6048235253977857e-12, 1.6048124818766825e-12, 1.391703816570235e-15], [3.6763502207882523e-07, 2.126841499891242e-06, 3.199283970940018e-10, 1.551721112748924e-09, 2.126841499960444e-06, 1.2809860385552887e-05, 1.5515999601924642e-09, 7.1303113889984325e-09, 3.1992848361659804e-10, 1.55175918093522e-09, 4.200101805387941e-12, 1.4723486008935833e-12, 1.5516153251826994e-09, 7.130291934972741e-09, 1.3665947995121463e-12, 6.191173474711008e-12, 3.199283633324081e-10, 1.5517881126176332e-09, 4.226271497537507e-12, 1.3098008303189697e-12, 1.551636299043777e-09, 7.1303005965107055e-09, 1.4132646904375355e-12, 6.191116402548884e-12, 4.266738795921438e-12, 1.3349883536933655e-12, -1.396589504668705e-14, 8.853637687741782e-16, 1.3450882793752696e-12, 6.1902309285638294e-12, 6.680845106998223e-16, 5.3817366108745205e-15], [3.6763502207976003e-07, 3.1992838281518495e-10, 2.1268414999505946e-06, 1.5516859516878145e-09, 2.1268415000762595e-06, 1.5515999601924642e-09, 1.280986029430381e-05, 7.130326934256429e-09, 3.1992839423457673e-10, 4.222424152779699e-12, 1.5517060775701507e-09, 1.2410323077705633e-12, 1.5515629380713676e-09, 1.362299317021878e-12, 7.130294570955274e-09, 6.19092781239551e-12, 3.1992828342639286e-10, 4.339959066910617e-12, 1.5517969076086079e-09, 1.3093856201906657e-12, 1.5516794709179865e-09, 1.4024454876457798e-12, 7.130408923892047e-09, 6.1914710189582e-12, 4.3110248382112104e-12, 8.342349145741501e-14, 1.3099228902550171e-12, 5.189834796846103e-16, 1.2972995840605827e-12, 2.548834029884649e-16, 6.191058215601062e-12, 5.372436117239406e-15], [3.192087921965459e-10, 1.846718532651419e-09, 1.8467180617149144e-09, 7.130331543412613e-09, 1.8467187725506004e-09, 7.1303113889984325e-09, 7.130326934256429e-09, -3.5289256903215773e-06, 2.879857177042965e-13, 1.3587568984581555e-12, 1.2731180246665572e-12, 2.465845905468907e-13, 1.341191969529715e-12, 1.224961581879912e-11, 3.873087306657706e-12, 3.584414366980985e-11, 2.875873588908578e-13, 1.2893157660058927e-12, 1.3328004336104101e-12, 2.1518373885507667e-13, 1.3928132086749497e-12, 3.975079157595741e-12, 2.3270314778452134e-11, 3.577494831088738e-11, 2.661789234217129e-14, 9.158516419123144e-11, 5.225778415727365e-11, 9.68036245516589e-14, 2.899726712911237e-11, 1.2938008928356097e-13, 1.321290376361406e-13, 3.058724442948156e-14], [0.0004234049435898611, 3.6849986336744467e-07, 3.6849986360993744e-07, 3.1992839338446253e-10, 3.6849986325920884e-07, 3.1992848361659804e-10, 3.1992839423457673e-10, 2.879857177042965e-13, 0.004886806351597947, 2.12684149997141e-06, 2.1268415000503763e-06, 1.846718157117678e-09, 2.126841499984648e-06, 1.8467173748758592e-09, 1.8467187708243189e-09, 1.6048363429131747e-12, 3.6849986472656155e-07, 3.199283276897233e-10, 3.1992833269728466e-10, 2.8734456905696365e-13, 3.1992836114860613e-10, 2.868836517564653e-13, 2.877657695076241e-13, 2.545006935904559e-16, 2.1268414998909435e-06, 1.84671670055983e-09, 1.8467181636114442e-09, 1.604834380838204e-12, 1.8467172256829418e-09, 1.6048093146999796e-12, 1.6048242858184237e-12, 1.397654533821175e-15], [3.676350220759304e-07, 2.1268414998625904e-06, 3.199284704608465e-10, 1.5517078996278837e-09, 3.199283976658824e-10, 1.55175918093522e-09, 4.222424152779699e-12, 1.3587568984581555e-12, 2.12684149997141e-06, 1.280986038339894e-05, 1.551597265218568e-09, 7.130397304803895e-09, 1.5516714348984437e-09, 7.130412566258156e-09, 1.3917123431717051e-12, 6.191368572865392e-12, 3.19928409878882e-10, 1.5517441846165077e-09, 4.2226810560462445e-12, 1.3493061966891196e-12, 4.247075357258246e-12, 1.3270574277058582e-12, -6.534516451074531e-14, 1.5791418197443118e-16, 1.5516422110234174e-09, 7.130413568910567e-09, 1.4326391474761134e-12, 6.191950015602673e-12, 1.2938685623416508e-12, 6.191045084754983e-12, 3.9257804977302087e-16, 5.349080707445995e-15], [3.676350220779071e-07, 3.1992842024581444e-10, 2.1268414998511398e-06, 1.5516785316641514e-09, 3.199284306935918e-10, 4.200101805387941e-12, 1.5517060775701507e-09, 1.2731180246665572e-12, 2.1268415000503763e-06, 1.551597265218568e-09, 1.280986034596765e-05, 7.13038808408399e-09, 1.551604040369295e-09, 1.3587782834135188e-12, 7.130279599725941e-09, 6.191131685291331e-12, 3.1992835225548634e-10, 4.3129955719528465e-12, 1.5517554903416945e-09, 1.3305070354859946e-12, 4.289001705286482e-12, 1.9254004742008409e-13, 1.291976831902127e-12, 7.629815317761141e-16, 1.5517086104093128e-09, 1.4751798010361811e-12, 7.130285074178192e-09, 6.191554477695298e-12, 1.3423049474466115e-12, 8.633700566804116e-16, 6.190756842043428e-12, 5.366315162077456e-15], [3.192096054111266e-10, 1.8467173022410585e-09, 1.8467181681104365e-09, 7.130333532123082e-09, 2.872304047547189e-13, 1.4723486008935833e-12, 1.2410323077705633e-12, 2.465845905468907e-13, 1.846718157117678e-09, 7.130397304803895e-09, 7.13038808408399e-09, -3.5289678526723975e-06, 1.329801194751245e-12, 2.5021818323747936e-11, 3.4763573515138274e-11, 3.5688387116590184e-11, 2.8667970581675045e-13, 1.4134314554346693e-12, 1.2977398365469235e-12, 1.8605996769171686e-11, -3.0225302821022614e-14, -1.7877980103837418e-11, 9.96564748070981e-11, 1.7077475888503267e-13, 1.3940298634386626e-12, -3.802586184793745e-11, 1.4229449644115283e-11, 3.560262570877979e-11, 8.177731811468584e-11, -1.1592636194272505e-14, 9.54558274069291e-14, 3.032600604293323e-14], [3.676350220752775e-07, 3.1992834170107615e-10, 3.199284573765555e-10, 4.296189167403793e-12, 2.1268415000949552e-06, 1.5516153251826994e-09, 1.5515629380713676e-09, 1.341191969529715e-12, 2.126841499984648e-06, 1.5516714348984437e-09, 1.551604040369295e-09, 1.329801194751245e-12, 1.280986018532846e-05, 7.130331426926824e-09, 7.130303745564015e-09, 6.190784735039015e-12, 3.199282291771022e-10, 4.406519624320724e-12, 4.386640586594573e-12, 1.3352353591336037e-13, 1.5517250291131656e-09, 1.3304025590668736e-12, 1.308025656256372e-12, 4.996914418662975e-16, 1.551744303248717e-09, 1.4371584230287234e-12, 1.3469784449036806e-12, 9.561172768072574e-16, 7.130392910669549e-09, 6.1909807677684236e-12, 6.191215897435773e-12, 5.3597671493803675e-15], [3.1920971300428796e-10, 1.8467178418058222e-09, 2.8669752218763253e-13, 1.4283661777771823e-12, 1.8467180077396939e-09, 7.130291934972741e-09, 1.362299317021878e-12, 1.224961581879912e-11, 1.8467173748758592e-09, 7.130412566258156e-09, 1.3587782834135188e-12, 2.5021818323747936e-11, 7.130331426926824e-09, -3.528944063942876e-06, 4.90027752496489e-11, 3.581789381666131e-11, 2.863769535936675e-13, 1.3679563292239128e-12, 5.6534386107521084e-14, 2.6016565961440206e-11, 1.3139039788287114e-12, 4.775085204013726e-11, 6.733669467700014e-13, 8.580093981047614e-14, 1.3623209401433812e-12, -1.9049278875701604e-11, 4.2353356933084695e-11, -1.4133382139120433e-13, -1.812091139716253e-11, 3.6028188454853246e-11, 4.7420017255988454e-14, 3.07195994636618e-14], [3.192096135693951e-10, 2.868448484695203e-13, 1.8467185443604203e-09, 1.2893983582816862e-12, 1.8467181509902297e-09, 1.3665947995121463e-12, 7.130294570955274e-09, 3.873087306657706e-12, 1.8467187708243189e-09, 1.3917123431717051e-12, 7.130279599725941e-09, 3.4763573515138274e-11, 7.130303745564015e-09, 4.90027752496489e-11, -3.5289505187278854e-06, 3.585140297529404e-11, 2.866110715144293e-13, 1.9373046122226186e-13, 1.3191239698411043e-12, 1.842425544869507e-11, 1.388812232397857e-12, -6.80098458603802e-11, 1.8896840646294345e-11, 1.16302941795395e-13, 1.3414525942177349e-12, 3.022839062689089e-11, 3.2689127295270513e-11, -6.989876936627388e-14, 6.82003246129745e-11, 3.7655992260959365e-15, 3.5896038044042134e-11, 3.069195380074755e-14], [2.771542379526887e-13, 1.6048363281110248e-12, 1.6048069073595523e-12, 6.1915836026035524e-12, 1.6048012870637284e-12, 6.191173474711008e-12, 6.19092781239551e-12, 3.584414366980985e-11, 1.6048363429131747e-12, 6.191368572865392e-12, 6.191131685291331e-12, 3.5688387116590184e-11, 6.190784735039015e-12, 3.581789381666131e-11, 3.585140297529404e-11, -3.610960487150352e-06, 2.663484789318653e-16, 1.2448232177174475e-15, 1.0045464662135721e-15, -1.7442545487274994e-14, 5.360546975681159e-16, 5.964160474008049e-14, 9.044422302482864e-14, -1.6351794354073536e-11, 8.059492398587605e-16, -8.064871668519125e-14, -6.281566916595267e-15, 4.8235176311365523e-11, 1.2347127728862635e-13, -5.3744666835729575e-11, -2.2911008356820838e-11, 4.583577412338443e-13], [0.0004234049435898546, 3.684998624467057e-07, 3.6849986373145734e-07, 3.1992850429715705e-10, 3.6849986502846564e-07, 3.199283633324081e-10, 3.1992828342639286e-10, 2.875873588908578e-13, 3.6849986472656155e-07, 3.19928409878882e-10, 3.1992835225548634e-10, 2.8667970581675045e-13, 3.199282291771022e-10, 2.863769535936675e-13, 2.866110715144293e-13, 2.663484789318653e-16, 0.004886806351597155, 2.1268415000987982e-06, 2.1268415000525045e-06, 1.8467190873173115e-09, 2.1268414999450575e-06, 1.8467187387596817e-09, 1.8467189082295768e-09, 1.6048399285680702e-12, 2.1268414999756803e-06, 1.8467177220932833e-09, 1.8467179671285822e-09, 1.6048226786875669e-12, 1.8467173598271662e-09, 1.604820912245803e-12, 1.6048298964164889e-12, 1.395263839506363e-15], [3.67635022078464e-07, 2.1268414999513844e-06, 3.1992848639954475e-10, 1.5516361764294275e-09, 3.1992823879476674e-10, 1.5517881126176332e-09, 4.339959066910617e-12, 1.2893157660058927e-12, 3.199283276897233e-10, 1.5517441846165077e-09, 4.3129955719528465e-12, 1.4134314554346693e-12, 4.406519624320724e-12, 1.3679563292239128e-12, 1.9373046122226186e-13, 1.2448232177174475e-15, 2.1268415000987982e-06, 1.2809860216679229e-05, 1.551499927381283e-09, 7.1303071206208346e-09, 1.551651490963446e-09, 7.13028766094916e-09, 1.311369765409148e-12, 6.19051056099663e-12, 1.5516023537285921e-09, 7.130308975039442e-09, 1.3912079352706528e-12, 6.191233375157879e-12, 1.3396772962493479e-12, 6.190492088716293e-12, 6.49945417963541e-16, 5.389091810050311e-15], [3.6763502208004294e-07, 3.199285138283379e-10, 2.126841499867863e-06, 1.5516305936734118e-09, 3.199283269071171e-10, 4.226271497537507e-12, 1.5517969076086079e-09, 1.3328004336104101e-12, 3.1992833269728466e-10, 4.2226810560462445e-12, 1.5517554903416945e-09, 1.2977398365469235e-12, 4.386640586594573e-12, 5.6534386107521084e-14, 1.3191239698411043e-12, 1.0045464662135721e-15, 2.1268415000525045e-06, 1.551499927381283e-09, 1.2809860342102912e-05, 7.1303268781162735e-09, 1.5516756523802883e-09, 1.3198269260082406e-12, 7.130375971911713e-09, 6.190984565238121e-12, 1.5516625655077184e-09, 1.3633575866192023e-12, 7.130291313926826e-09, 6.1909275970469975e-12, 1.413674764135672e-12, 4.0683525899680833e-16, 6.1910418598305235e-12, 5.395425678262684e-15], [3.192090455241631e-10, 1.8467183422213431e-09, 1.8467178429438081e-09, 7.130332310420876e-09, 2.873623892309288e-13, 1.3098008303189697e-12, 1.3093856201906657e-12, 2.1518373885507667e-13, 2.8734456905696365e-13, 1.3493061966891196e-12, 1.3305070354859946e-12, 1.8605996769171686e-11, 1.3352353591336037e-13, 2.6016565961440206e-11, 1.842425544869507e-11, -1.7442545487274994e-14, 1.8467190873173115e-09, 7.1303071206208346e-09, 7.1303268781162735e-09, -3.528966122938628e-06, 1.3142021452785298e-12, 7.244704759961857e-11, 6.116856508126601e-11, 3.589208952792419e-11, 1.379639226105753e-12, 5.396458608132096e-11, -8.986237035632653e-12, 3.582253171907838e-11, 7.491783959028315e-12, 2.1303301044694262e-14, 9.233208975939533e-14, 3.0732496640203315e-14], [3.676350220782612e-07, 3.1992843022399884e-10, 3.199283998406138e-10, 4.24477995559122e-12, 2.126841499960081e-06, 1.551636299043777e-09, 1.5516794709179865e-09, 1.3928132086749497e-12, 3.1992836114860613e-10, 4.247075357258246e-12, 4.289001705286482e-12, -3.0225302821022614e-14, 1.5517250291131656e-09, 1.3139039788287114e-12, 1.388812232397857e-12, 5.360546975681159e-16, 2.1268414999450575e-06, 1.551651490963446e-09, 1.5516756523802883e-09, 1.3142021452785298e-12, 1.2809860333847827e-05, 7.1303520663445385e-09, 7.13032645404455e-09, 6.1908492898051436e-12, 1.5517155291452516e-09, 1.2729451269378042e-12, 1.468720545414886e-12, 2.6888019313739365e-16, 7.130329222580875e-09, 6.190603389998002e-12, 6.191350046072124e-12, 5.367515617931029e-15], [3.192091999925739e-10, 1.8467188699961614e-09, 2.8686816852839433e-13, 1.3333846831055953e-12, 1.8467183400760632e-09, 7.1303005965107055e-09, 1.4024454876457798e-12, 3.975079157595741e-12, 2.868836517564653e-13, 1.3270574277058582e-12, 1.9254004742008409e-13, -1.7877980103837418e-11, 1.3304025590668736e-12, 4.775085204013726e-11, -6.80098458603802e-11, 5.964160474008049e-14, 1.8467187387596817e-09, 7.13028766094916e-09, 1.3198269260082406e-12, 7.244704759961857e-11, 7.1303520663445385e-09, -3.5289283609287773e-06, 1.3260905115615637e-11, 3.580225586472112e-11, 1.2760130819692015e-12, 5.374410902597901e-11, 1.530369550022423e-11, 1.0107009598590102e-13, 4.654420004378955e-11, 3.606909492556269e-11, 8.374649245985134e-14, 3.123003437809202e-14], [3.19208848029122e-10, 2.878632065449835e-13, 1.8467189049470203e-09, 1.2560437031697443e-12, 1.846718591067073e-09, 1.4132646904375355e-12, 7.130408923892047e-09, 2.3270314778452134e-11, 2.877657695076241e-13, -6.534516451074531e-14, 1.291976831902127e-12, 9.96564748070981e-11, 1.308025656256372e-12, 6.733669467700014e-13, 1.8896840646294345e-11, 9.044422302482864e-14, 1.8467189082295768e-09, 1.311369765409148e-12, 7.130375971911713e-09, 6.116856508126601e-11, 7.13032645404455e-09, 1.3260905115615637e-11, -3.528952152513053e-06, 3.5790852825184084e-11, 1.3209423019054686e-12, -1.1469759812714267e-11, 1.4234301749628569e-11, 2.0005819171216422e-13, 3.141596717570128e-11, 1.1779390603536653e-13, 3.591436846488808e-11, 3.112897742369101e-14], [2.7715252835936296e-13, 1.6048613536021347e-12, 1.6048743480877954e-12, 6.191214904701057e-12, 1.6047999416931081e-12, 6.191116402548884e-12, 6.1914710189582e-12, 3.577494831088738e-11, 2.545006935904559e-16, 1.5791418197443118e-16, 7.629815317761141e-16, 1.7077475888503267e-13, 4.996914418662975e-16, 8.580093981047614e-14, 1.16302941795395e-13, -1.6351794354073536e-11, 1.6048399285680702e-12, 6.19051056099663e-12, 6.190984565238121e-12, 3.589208952792419e-11, 6.1908492898051436e-12, 3.580225586472112e-11, 3.5790852825184084e-11, -3.6108810396985468e-06, 2.1197906666159256e-17, 2.2068702840204797e-13, 2.0388770834430942e-13, -3.682765361878514e-11, 1.7053879275127146e-13, 1.3942914093766801e-11, -3.847363792023418e-11, 2.2324586734790778e-13], [3.676350220746629e-07, 3.1992848203229793e-10, 3.199284433599747e-10, 4.209336354113611e-12, 3.199283229579025e-10, 4.266738795921438e-12, 4.3110248382112104e-12, 2.661789234217129e-14, 2.1268414998909435e-06, 1.5516422110234174e-09, 1.5517086104093128e-09, 1.3940298634386626e-12, 1.551744303248717e-09, 1.3623209401433812e-12, 1.3414525942177349e-12, 8.059492398587605e-16, 2.1268414999756803e-06, 1.5516023537285921e-09, 1.5516625655077184e-09, 1.379639226105753e-12, 1.5517155291452516e-09, 1.2760130819692015e-12, 1.3209423019054686e-12, 2.1197906666159256e-17, 1.2809860334826896e-05, 7.130383471136923e-09, 7.130366560880609e-09, 6.191330367681711e-12, 7.13047288685865e-09, 6.191181449027509e-12, 6.191239966418588e-12, 5.356037838149547e-15], [3.1921036942719037e-10, 1.8467176571136632e-09, 2.86695267181792e-13, 1.3447194004549407e-12, 2.866088180400647e-13, 1.3349883536933655e-12, 8.342349145741501e-14, 9.158516419123144e-11, 1.84671670055983e-09, 7.130413568910567e-09, 1.4751798010361811e-12, -3.802586184793745e-11, 1.4371584230287234e-12, -1.9049278875701604e-11, 3.022839062689089e-11, -8.064871668519125e-14, 1.8467177220932833e-09, 7.130308975039442e-09, 1.3633575866192023e-12, 5.396458608132096e-11, 1.2729451269378042e-12, 5.374410902597901e-11, -1.1469759812714267e-11, 2.2068702840204797e-13, 7.130383471136923e-09, -3.528978753443527e-06, -4.108120129772536e-13, 3.5643739501138604e-11, 1.9072399755464338e-11, 3.592523490478722e-11, -5.3126289229256026e-14, 3.086577312325744e-14], [3.192098814001237e-10, 2.8664752999993484e-13, 1.8467184842851544e-09, 1.369200667988024e-12, 2.866568799724589e-13, -1.396589504668705e-14, 1.3099228902550171e-12, 5.225778415727365e-11, 1.8467181636114442e-09, 1.4326391474761134e-12, 7.130285074178192e-09, 1.4229449644115283e-11, 1.3469784449036806e-12, 4.2353356933084695e-11, 3.2689127295270513e-11, -6.281566916595267e-15, 1.8467179671285822e-09, 1.3912079352706528e-12, 7.130291313926826e-09, -8.986237035632653e-12, 1.468720545414886e-12, 1.530369550022423e-11, 1.4234301749628569e-11, 2.0388770834430942e-13, 7.130366560880609e-09, -4.108120129772536e-13, -3.5288880332780546e-06, 3.5697186869336407e-11, -2.991433835049197e-11, -7.548828617697882e-14, 3.5831082481784425e-11, 3.0735998974389957e-14], [2.771530273770616e-13, 1.6048428830741181e-12, 1.6048073322842403e-12, 6.191460897919804e-12, 2.1834452302346713e-16, 8.853637687741782e-16, 5.189834796846103e-16, 9.68036245516589e-14, 1.604834380838204e-12, 6.191950015602673e-12, 6.191554477695298e-12, 3.560262570877979e-11, 9.561172768072574e-16, -1.4133382139120433e-13, -6.989876936627388e-14, 4.8235176311365523e-11, 1.6048226786875669e-12, 6.191233375157879e-12, 6.1909275970469975e-12, 3.582253171907838e-11, 2.6888019313739365e-16, 1.0107009598590102e-13, 2.0005819171216422e-13, -3.682765361878514e-11, 6.191330367681711e-12, 3.5643739501138604e-11, 3.5697186869336407e-11, -3.610899835813178e-06, -6.939020175028363e-14, 5.0771464480831075e-12, 1.5724676662559996e-11, 4.401614587166714e-13], [3.192105364342636e-10, 2.869756589384666e-13, 2.8715018662126535e-13, 8.746334982414983e-14, 1.8467175196629462e-09, 1.3450882793752696e-12, 1.2972995840605827e-12, 2.899726712911237e-11, 1.8467172256829418e-09, 1.2938685623416508e-12, 1.3423049474466115e-12, 8.177731811468584e-11, 7.130392910669549e-09, -1.812091139716253e-11, 6.82003246129745e-11, 1.2347127728862635e-13, 1.8467173598271662e-09, 1.3396772962493479e-12, 1.413674764135672e-12, 7.491783959028315e-12, 7.130329222580875e-09, 4.654420004378955e-11, 3.141596717570128e-11, 1.7053879275127146e-13, 7.13047288685865e-09, 1.9072399755464338e-11, -2.991433835049197e-11, -6.939020175028363e-14, -3.5290128021600465e-06, 3.5928148762384126e-11, 3.5778694643032166e-11, 3.1237163846295003e-14], [2.771485276799322e-13, 1.6048418295066663e-12, 2.7266449352344773e-16, 2.1776181750418262e-16, 1.6048235253977857e-12, 6.1902309285638294e-12, 2.548834029884649e-16, 1.2938008928356097e-13, 1.6048093146999796e-12, 6.191045084754983e-12, 8.633700566804116e-16, -1.1592636194272505e-14, 6.1909807677684236e-12, 3.6028188454853246e-11, 3.7655992260959365e-15, -5.3744666835729575e-11, 1.604820912245803e-12, 6.190492088716293e-12, 4.0683525899680833e-16, 2.1303301044694262e-14, 6.190603389998002e-12, 3.606909492556269e-11, 1.1779390603536653e-13, 1.3942914093766801e-11, 6.191181449027509e-12, 3.592523490478722e-11, -7.548828617697882e-14, 5.0771464480831075e-12, 3.5928148762384126e-11, -3.6110770181698537e-06, -8.688536803862251e-11, 7.441829922739968e-14], [2.7714428245955335e-13, 2.816122240412972e-16, 1.6048303308046165e-12, 2.671983253416853e-16, 1.6048124818766825e-12, 6.680845106998223e-16, 6.191058215601062e-12, 1.321290376361406e-13, 1.6048242858184237e-12, 3.9257804977302087e-16, 6.190756842043428e-12, 9.54558274069291e-14, 6.191215897435773e-12, 4.7420017255988454e-14, 3.5896038044042134e-11, -2.2911008356820838e-11, 1.6048298964164889e-12, 6.49945417963541e-16, 6.1910418598305235e-12, 9.233208975939533e-14, 6.191350046072124e-12, 8.374649245985134e-14, 3.591436846488808e-11, -3.847363792023418e-11, 6.191239966418588e-12, -5.3126289229256026e-14, 3.5831082481784425e-11, 1.5724676662559996e-11, 3.5778694643032166e-11, -8.688536803862251e-11, -3.6109383264861846e-06, 2.1624074958201774e-13], [2.40694245207928e-16, 1.3971589290385176e-15, 1.3911539226006879e-15, 5.428633315088208e-15, 1.391703816570235e-15, 5.3817366108745205e-15, 5.372436117239406e-15, 3.058724442948156e-14, 1.397654533821175e-15, 5.349080707445995e-15, 5.366315162077456e-15, 3.032600604293323e-14, 5.3597671493803675e-15, 3.07195994636618e-14, 3.069195380074755e-14, 4.583577412338443e-13, 1.395263839506363e-15, 5.389091810050311e-15, 5.395425678262684e-15, 3.0732496640203315e-14, 5.367515617931029e-15, 3.123003437809202e-14, 3.112897742369101e-14, 2.2324586734790778e-13, 5.356037838149547e-15, 3.086577312325744e-14, 3.0735998974389957e-14, 4.401614587166714e-13, 3.1237163846295003e-14, 7.441829922739968e-14, 2.1624074958201774e-13, -3.611447036624451e-06]], [[0.970391078501346, 0.0004212859366725391, 0.00042128593667253633, 3.657942755359818e-07, 0.00042128593667253725, 3.657942755369311e-07, 3.657942755363942e-07, 3.176120098812787e-10, 0.0004212859366725419, 3.6579427553603304e-07, 3.657942755360211e-07, 3.176121161923146e-10, 3.657942755362114e-07, 3.176120735485503e-10, 3.176120858569618e-10, 2.7577991601753276e-13, 0.0004212859366725429, 3.6579427553628445e-07, 3.657942755360833e-07, 3.1761206295862594e-10, 3.657942755365469e-07, 3.1761205847722576e-10, 3.176120626347998e-10, 2.757634171501726e-13, 3.657942755360111e-07, 3.1761213091565376e-10, 3.176121690626403e-10, 2.757735559893045e-13, 3.1761211471427487e-10, 2.757618350145402e-13, 2.7577730134517826e-13, 2.3950218752090836e-16, 0.00042128593667254847, 3.657942755366229e-07, 3.657942755360797e-07, 3.176120205151207e-10, 3.6579427553655974e-07, 3.17611999482932e-10, 3.1761199612765583e-10, 2.7578366432788074e-13, 3.657942755363595e-07, 3.1761208706858643e-10, 3.1761208167219474e-10, 2.757672564815116e-13, 3.1761209736805693e-10, 2.7577483152164185e-13, 2.757665022896525e-13, 2.3958854182970985e-16, 3.6579427553690824e-07, 3.1761200309353216e-10, 3.17612057490543e-10, 2.7577564124747196e-13, 3.1761200083372275e-10, 2.757713587262089e-13, 2.757743648914229e-13, 2.3919922093716707e-16, 3.1761211196719064e-10, 2.7577111520509894e-13, 2.7577920639371476e-13, 2.39514001874878e-16, 2.7576592709582825e-13, 2.394366360764603e-16, 2.3939832947201965e-16, 3.5830191924999943e-19], [0.0004212859366725391, 0.0048732583557631135, 3.6605697976620185e-07, 2.120679431780264e-06, 3.66056977617127e-07, 2.120679431752691e-06, 3.181933415875432e-10, 1.8413678007851625e-09, 3.660569801695719e-07, 2.1206794317609137e-06, 3.181932740915526e-10, 1.8413678416702165e-09, 3.1819335163450294e-10, 1.8413679125806582e-09, 2.861704996561926e-13, 1.6001618132485671e-12, 3.660569810094258e-07, 2.1206794317000303e-06, 3.181932585829528e-10, 1.8413679725068243e-09, 3.1819332418015543e-10, 1.841368008029726e-09, 2.8633685778639224e-13, 1.6001696437284974e-12, 3.181932151102601e-10, 1.8413680265407689e-09, 2.8635387215235814e-13, 1.6001734007378257e-12, 2.8639692542168335e-13, 1.6001791171393629e-12, 2.3854924650488045e-16, 1.3896138518891568e-15, 3.660569802903293e-07, 2.1206794317585e-06, 3.1819330292457784e-10, 1.8413677876099161e-09, 3.181933529801112e-10, 1.8413678072337314e-09, 2.8613271215501375e-13, 1.6001766873157567e-12, 3.181932667096801e-10, 1.841367854293225e-09, 2.8617472324196204e-13, 1.600172665837264e-12, 2.862144376828989e-13, 1.6001798076370432e-12, 2.5572955538208073e-16, 1.3897403933347668e-15, 3.1819325638821854e-10, 1.8413679542268224e-09, 2.8628984094168047e-13, 1.6001709686456623e-12, 2.8634833778188096e-13, 1.6001783349160009e-12, 2.44412241762686e-16, 1.3934075395955551e-15, 2.863561067071132e-13, 1.6001661327933642e-12, 2.4859567556307543e-16, 1.3883105355059227e-15, 2.4682649561155194e-16, 1.3918063389091786e-15, -1.4983158955899675e-18, 5.206745168521939e-18], [0.00042128593667253633, 3.6605697976620185e-07, 0.004873258355762446, 2.1206794317275754e-06, 3.6605697980398555e-07, 3.1819331111270105e-10, 2.12067943178055e-06, 1.8413678917235933e-09, 3.660569802282006e-07, 3.1819320821923554e-10, 2.12067943170131e-06, 1.8413676642220222e-09, 3.181932345678702e-10, 2.8631114053479296e-13, 1.841367883275085e-09, 1.600187135652271e-12, 3.6605697838601e-07, 3.181933533232704e-10, 2.120679431747818e-06, 1.8413677114884079e-09, 3.1819332216393774e-10, 2.8644919690488533e-13, 1.841367959680054e-09, 1.6001852615352848e-12, 3.1819327824280993e-10, 2.8617127014856966e-13, 1.8413676801075052e-09, 1.6001709912725949e-12, 2.8640106837914756e-13, 2.628961417326896e-16, 1.6001959146705644e-12, 1.3816150615118403e-15, 3.660569812825897e-07, 3.181932036819766e-10, 2.1206794316662074e-06, 1.8413678239279207e-09, 3.181932403449461e-10, 2.86491090672015e-13, 1.8413680047266403e-09, 1.6001832380134065e-12, 3.18193206021656e-10, 2.862510394595148e-13, 1.8413677833296634e-09, 1.6001750643411626e-12, 2.8646524194192214e-13, 2.558776975258179e-16, 1.6001666120331328e-12, 1.3865485801860863e-15, 3.181932626140851e-10, 2.863264269580236e-13, 1.8413678742574486e-09, 1.60017097281472e-12, 2.8657005208273147e-13, 2.679658840288302e-16, 1.6001854063396698e-12, 1.3708008271679499e-15, 2.8630553564691865e-13, 2.5998766051106446e-16, 1.6001864651591232e-12, 1.393926089012418e-15, 2.693041930572501e-16, -6.208927429666497e-18, 1.393252777725794e-15, -9.153847383781776e-18], [3.657942755359818e-07, 2.120679431780264e-06, 2.1206794317275754e-06, 1.3380313336871653e-05, 3.1819335212709856e-10, 1.5352451325932407e-09, 1.5352805448391956e-09, 7.094949840597275e-09, 3.181932537416618e-10, 1.5353212676183079e-09, 1.535327259041037e-09, 7.094931999510408e-09, -6.9538870695697e-12, 1.3245958312986975e-12, 1.331100351077108e-12, 6.160524580408667e-12, 3.181932895553607e-10, 1.535302388996671e-09, 1.5353025107372455e-09, 7.094950647210381e-09, -6.9995244280851334e-12, 1.3308435406939504e-12, 1.3939265034643343e-12, 6.160853263664384e-12, -6.906353280695977e-12, 1.2871977623478092e-12, 1.378359254182667e-12, 6.16076723089462e-12, -3.1484313194187075e-14, 1.1003423045534259e-15, 1.1464642320607728e-15, 5.335272425323329e-15, 3.181932372139206e-10, 1.535334697576475e-09, 1.535322005394881e-09, 7.0949304393974456e-09, -6.9379016326658215e-12, 1.3752765611403619e-12, 1.341030220511498e-12, 6.160543154163035e-12, -6.915392298315386e-12, 1.3716049101718743e-12, 1.3992353643207279e-12, 6.160981056707697e-12, 1.67232292811606e-14, 1.3431612390315347e-15, 1.5116504433992653e-15, 5.380350385516098e-15, -6.9119359346099806e-12, 1.294369968632497e-12, 1.3976108440046006e-12, 6.160630723211541e-12, 3.5044437771715813e-15, 9.706982833883182e-16, 1.2807170786134276e-15, 5.348247983548365e-15, 5.451160145061824e-15, 1.0951991513146017e-15, 1.2776735450719542e-15, 5.369911093133453e-15, 8.526891599818708e-17, -9.391116913503035e-18, 4.871861833436733e-18, 3.947499870936657e-17], [0.00042128593667253725, 3.66056977617127e-07, 3.6605697980398555e-07, 3.1819335212709856e-10, 0.004873258355763462, 2.1206794318384566e-06, 2.1206794317202363e-06, 1.8413678302267323e-09, 3.660569801472827e-07, 3.181933401891466e-10, 3.181932749327741e-10, 2.866723028111129e-13, 2.120679431702649e-06, 1.8413679105704664e-09, 1.8413680662397127e-09, 1.6001895612203177e-12, 3.660569804328655e-07, 3.1819333932257625e-10, 3.181932755413437e-10, 2.8642771884467014e-13, 2.1206794317271218e-06, 1.8413676488802893e-09, 1.8413678249216575e-09, 1.6002245234423844e-12, 3.1819325841928345e-10, 2.865098873061835e-13, 2.866954977596332e-13, 3.0822344360659793e-16, 1.8413679027919887e-09, 1.6002032887671077e-12, 1.6002223471624173e-12, 1.3943141742699933e-15, 3.6605698048248007e-07, 3.181933115129569e-10, 3.18193263961751e-10, 2.862449288232238e-13, 2.1206794316965837e-06, 1.8413675128324071e-09, 1.8413677008429555e-09, 1.6002087110635713e-12, 3.181932283375812e-10, 2.8636743836900135e-13, 2.8651752468119156e-13, 2.90618999681357e-16, 1.8413677730637875e-09, 1.6001923146772987e-12, 1.6002087847531723e-12, 1.3932143868731469e-15, 3.181932349293221e-10, 2.8609319281380837e-13, 2.8621908963211295e-13, 2.841722834437504e-16, 1.8413674973938017e-09, 1.600211544755745e-12, 1.6002207722143058e-12, 1.3924585873162757e-15, 2.8637227324652773e-13, 2.94687538807215e-16, 2.7010260534259417e-16, -7.04270351460186e-19, 1.6001988209759254e-12, 1.3928869781940795e-15, 1.3898567930414089e-15, 1.128531939190426e-18], [3.657942755369311e-07, 2.120679431752691e-06, 3.1819331111270105e-10, 1.5352451325932407e-09, 2.1206794318384566e-06, 1.3380313265224752e-05, 1.5352706705327265e-09, 7.094960288437984e-09, 3.1819321245984886e-10, 1.535288148482359e-09, -6.9