{"r1": 0.18999999999999995, "r2": 0.18999999999999995, "theta": 179.0, "sequence": [[[0.4050039435181568, 0.0008290044528307523], [0.0008290044528307523, 0.404989474293641]], [[0.16397603065323996, 0.0006717386712955523, 0.0006717386712111633, -2.1149286337767117e-06], [0.0006717386712955523, 0.2409890105571545, -2.376248121461412e-06, -4.065478966190392e-07], [0.0006717386712111633, -2.376248121461412e-06, 0.24098901053326874, -4.065477723879232e-07], [-2.1149286337767117e-06, -4.065478966190392e-07, -4.065477723879232e-07, 0.1639643129261683]], [[0.06672669999886569, 0.0002702633176393219, 0.00027026331758867137, 2.808197084154132e-07, 0.000270263317485039, 2.8081970887443134e-07, 2.808197090953057e-07, -6.393923629386704e-09], [0.0002702633176393219, 0.09750273300264219, 2.479042770579976e-07, 0.0001997547230362568, 2.4789847860680247e-07, 0.00019975472210561896, -6.827463689442616e-09, -8.327142517092764e-07], [0.00027026331758867137, 2.479042770579976e-07, 0.09750273299643104, 0.00019975472293671086, 2.47893958375236e-07, -6.8273172481427156e-09, 0.00019975472215244525, -8.327142518900723e-07], [2.808197084154132e-07, 0.0001997547230362568, 0.00019975472293671086, 0.09749813296040867, -6.82824953178775e-09, -8.657571353497676e-07, -8.65786168800786e-07, 1.663708544650045e-06], [0.000270263317485039, 2.4789847860680247e-07, 2.47893958375236e-07, -6.82824953178775e-09, 0.09750273298026392, 0.00019975472303414797, 0.00019975472318053595, -8.327142523157966e-07], [2.8081970887443134e-07, 0.00019975472210561896, -6.8273172481427156e-09, -8.657571353497676e-07, 0.00019975472303414797, 0.09749813274133175, -8.655667209011608e-07, 1.6637085429530672e-06], [2.808197090953057e-07, -6.827463689442616e-09, 0.00019975472215244525, -8.65786168800786e-07, 0.00019975472318053595, -8.655667209011608e-07, 0.09749813277035703, 1.6637085429636346e-06], [-6.393923629386704e-09, -8.327142517092764e-07, -8.327142518900723e-07, 1.663708544650045e-06, -8.327142523157966e-07, 1.6637085429530672e-06, 1.6637085429636346e-06, 0.06671958122783818]], [[0.027000327203462026, 0.00011007260229892976, 0.00011007260229896609, 4.5033915651160965e-07, 0.00011007260229901006, 4.5033915541391276e-07, 4.5033915670141184e-07, -3.6491784165697325e-09, 0.00011007260229910397, 4.5033915612341043e-07, 4.503391561785267e-07, -3.649178417540569e-09, 4.503391564485187e-07, -3.6491784132452894e-09, -3.6491784202160203e-09, 1.3273217487376906e-11], [0.00011007260229892976, 0.03953686699359761, 4.495126802264382e-07, 0.00016178893932413188, 4.49512681044045e-07, 0.00016178893862850365, -4.2242345738410085e-09, -5.086723311586753e-07, 4.4951268753644355e-07, 0.00016178893864779323, -4.224449715381205e-09, -5.086723301529736e-07, -4.224335565198781e-09, -5.086723271414193e-07, 1.939235664663784e-11, 1.3088217637921142e-09], [0.00011007260229896609, 4.495126802264382e-07, 0.03953686699360813, 0.0001617889391168219, 4.4951268501791216e-07, -4.224381443127033e-09, 0.00016178893891651157, -5.086723308317619e-07, 4.4951269360126023e-07, -4.224095580882746e-09, 0.00016178893902127735, -5.086723328623027e-07, -4.22461730973961e-09, 1.9392726052448415e-11, -5.086723291096894e-07, 1.3088217704936608e-09], [4.5033915651160965e-07, 0.00016178893932413188, 0.0001617889391168219, 0.058068274524959176, -4.224640637928113e-09, -5.715637703087727e-07, -5.715797741464071e-07, 4.9709460139468534e-08, -4.22446655481705e-09, -5.715258177909283e-07, -5.715684602978416e-07, 4.9709204327752475e-08, 1.4029973295974083e-11, 1.8169333019096904e-09, 1.8172378361587595e-09, 4.27755933073916e-09], [0.00011007260229901006, 4.49512681044045e-07, 4.4951268501791216e-07, -4.224640637928113e-09, 0.03953686699361439, 0.00016178893908157151, 0.00016178893906416533, -5.086723300688288e-07, 4.495126962089197e-07, -4.2243826511104675e-09, -4.2245057946886785e-09, 1.9394993810815365e-11, 0.00016178893910944405, -5.086723316362453e-07, -5.08672330909663e-07, 1.3088217441914693e-09], [4.5033915541391276e-07, 0.00016178893862850365, -4.224381443127033e-09, -5.715637703087727e-07, 0.00016178893908157151, 0.05806827442253456, -5.715229486675954e-07, 4.970969692249521e-08, -4.224615878745372e-09, -5.716202003129899e-07, 3.053472522833939e-11, 1.8173377244327288e-09, -5.715328249565424e-07, 4.9710041213076276e-08, 1.8166720485735474e-09, 4.2775569621267214e-09], [4.5033915670141184e-07, -4.2242345738410085e-09, 0.00016178893891651157, -5.715797741464071e-07, 0.00016178893906416533, -5.715229486675954e-07, 0.05806827445360898, 4.970961866683022e-08, -4.224304892153422e-09, 8.808913299498097e-11, -5.715537758914212e-07, 1.8167770565602202e-09, -5.715688175396314e-07, 1.816560081124427e-09, 4.970972184265836e-08, 4.277559740684906e-09], [-3.6491784165697325e-09, -5.086723311586753e-07, -5.086723308317619e-07, 4.9709460139468534e-08, -5.086723300688288e-07, 4.970969692249521e-08, 4.970961866683022e-08, 0.039533596076091755, 1.9394249604772426e-11, 1.8168417873796112e-09, 1.817017151966632e-09, 3.487085261915101e-09, 1.8169959148425877e-09, 3.4870831627578275e-09, 3.4870834552978385e-09, 6.593809373596846e-07], [0.00011007260229910397, 4.4951268753644355e-07, 4.4951269360126023e-07, -4.22446655481705e-09, 4.495126962089197e-07, -4.224615878745372e-09, -4.224304892153422e-09, 1.9394249604772426e-11, 0.03953686699362858, 0.00016178893894473802, 0.00016178893907970408, -5.086723303378125e-07, 0.00016178893914168107, -5.086723298757883e-07, -5.08672332209466e-07, 1.3088217695324604e-09], [4.5033915612341043e-07, 0.00016178893864779323, -4.224095580882746e-09, -5.715258177909283e-07, -4.2243826511104675e-09, -5.716202003129899e-07, 8.808913299498097e-11, 1.8168417873796112e-09, 0.00016178893894473802, 0.05806827439004475, -5.71537567064789e-07, 4.970974446163042e-08, -5.715244053970779e-07, 4.9710166196994466e-08, 1.816405383562069e-09, 4.277558494290968e-09], [4.503391561785267e-07, -4.224449715381205e-09, 0.00016178893902127735, -5.715684602978416e-07, -4.2245057946886785e-09, 3.053472522833939e-11, -5.715537758914212e-07, 1.817017151966632e-09, 0.00016178893907970408, -5.71537567064789e-07, 0.05806827447193977, 4.970954066208344e-08, -5.715681120316516e-07, 1.8169311838224433e-09, 4.9709623014810095e-08, 4.277558613079066e-09], [-3.649178417540569e-09, -5.086723301529736e-07, -5.086723328623027e-07, 4.9709204327752475e-08, 1.9394993810815365e-11, 1.8173377244327288e-09, 1.8167770565602202e-09, 3.487085261915101e-09, -5.086723303378125e-07, 4.970974446163042e-08, 4.970954066208344e-08, 0.039533596076094725, 1.8169485395330492e-09, 3.4870813222766715e-09, 3.487086201646876e-09, 6.5938093736015e-07], [4.503391564485187e-07, -4.224335565198781e-09, -4.22461730973961e-09, 1.4029973295974083e-11, 0.00016178893910944405, -5.715328249565424e-07, -5.715688175396314e-07, 1.8169959148425877e-09, 0.00016178893914168107, -5.715244053970779e-07, -5.715681120316516e-07, 1.8169485395330492e-09, 0.05806827447630615, 4.970926458282192e-08, 4.970967844375492e-08, 4.277559195921786e-09], [-3.6491784132452894e-09, -5.086723271414193e-07, 1.9392726052448415e-11, 1.8169333019096904e-09, -5.086723316362453e-07, 4.9710041213076276e-08, 1.816560081124427e-09, 3.4870831627578275e-09, -5.086723298757883e-07, 4.9710166196994466e-08, 1.8169311838224433e-09, 3.4870813222766715e-09, 4.970926458282192e-08, 0.039533596076087675, 3.4870878452756997e-09, 6.593809373731665e-07], [-3.6491784202160203e-09, 1.939235664663784e-11, -5.086723291096894e-07, 1.8172378361587595e-09, -5.08672330909663e-07, 1.8166720485735474e-09, 4.970972184265836e-08, 3.4870834552978385e-09, -5.08672332209466e-07, 1.816405383562069e-09, 4.9709623014810095e-08, 3.487086201646876e-09, 4.970967844375492e-08, 3.4870878452756997e-09, 0.03953359607609148, 6.593809373491917e-07], [1.3273217487376906e-11, 1.3088217637921142e-09, 1.3088217704936608e-09, 4.27755933073916e-09, 1.3088217441914693e-09, 4.2775569621267214e-09, 4.277559740684906e-09, 6.593809373596846e-07, 1.3088217695324604e-09, 4.277558494290968e-09, 4.277558613079066e-09, 6.5938093736015e-07, 4.277559195921786e-09, 6.593809373731665e-07, 6.593809373491917e-07, 0.026996462105119225]], [[0.010888528763190273, 4.511549611614721e-05, 4.511549611614601e-05, 1.7826204409834186e-07, 4.511549611614168e-05, 1.7826204409396418e-07, 1.782620441034613e-07, -5.068912226536304e-11, 4.5115496116153744e-05, 1.7826204409520217e-07, 1.7826204409619487e-07, -5.0689122241330046e-11, 1.782620440956301e-07, -5.068912221546749e-11, -5.06891222617823e-11, -9.11773470450738e-12, 4.51154961161506e-05, 1.7826204409473813e-07, 1.7826204409725514e-07, -5.0689122247156215e-11, 1.78262044097562e-07, -5.06891222244059e-11, -5.0689122280191275e-11, -9.117734703895295e-12, 1.7826204409647778e-07, -5.068912222698487e-11, -5.0689122243199564e-11, -9.117734704495346e-12, -5.068912224050262e-11, -9.117734703943969e-12, -9.117734704140016e-12, 8.225649698594098e-14], [4.511549611614721e-05, 0.01607016634256239, 1.7793499149485928e-07, 6.516474610710328e-05, 1.7793499143343518e-07, 6.516474610388595e-05, -1.0809772164724641e-10, 6.742767857604875e-08, 1.7793499182085498e-07, 6.516474610540883e-05, -1.0810067115827482e-10, 6.742767858287546e-08, -1.0809865665308769e-10, 6.74276785788596e-08, -1.0234493919699432e-11, -1.5391341085487693e-09, 1.779349915785002e-07, 6.516474610396595e-05, -1.0809921934072928e-10, 6.742767859148759e-08, -1.0809851569350522e-10, 6.74276785946712e-08, -1.0234502263690858e-11, -1.539134099149949e-09, -1.0809764042328362e-10, 6.742767857956912e-08, -1.0234498840627813e-11, -1.5391341054822089e-09, -1.0234499769250567e-11, -1.5391340997174985e-09, 1.0626723429984409e-13, 1.0123222843523023e-11], [4.511549611614601e-05, 1.7793499149485928e-07, 0.016070166342562475, 6.5164746103272e-05, 1.7793499130401704e-07, -1.0809784644059137e-10, 6.516474610563393e-05, 6.742767858619007e-08, 1.7793499141205935e-07, -1.0809839964188258e-10, 6.516474610758784e-05, 6.742767858933998e-08, -1.0809922741635016e-10, -1.023449443808401e-11, 6.742767858120593e-08, -1.5391341006273624e-09, 1.7793499158585408e-07, -1.0809753354781149e-10, 6.516474610615707e-05, 6.74276785875453e-08, -1.0809836733331894e-10, -1.0234505105716491e-11, 6.742767858247099e-08, -1.5391341064981883e-09, -1.0810040778281358e-10, -1.0234490566215973e-11, 6.742767858341938e-08, -1.5391341066699852e-09, -1.0234486059658511e-11, 1.0627270118215148e-13, -1.539134105810124e-09, 1.0123219999477523e-11], [1.7826204409834186e-07, 6.516474610710328e-05, 6.5164746103272e-05, 0.023491895162460058, -1.080989660436491e-10, 5.931608770567386e-08, 5.9315914433719865e-08, 4.8134056309173473e-05, -1.0809930310389317e-10, 5.931613451040067e-08, 5.931589388677947e-08, 4.813405630473058e-05, -5.5217687657316035e-12, -1.6435132111102012e-09, -1.6435158346876304e-09, -2.0064056639675406e-07, -1.0809690383069552e-10, 5.93162296234393e-08, 5.9316014067586444e-08, 4.813405630186365e-05, -5.34898278311224e-12, -1.6435175964489645e-09, -1.6435120760250229e-09, -2.0064056637929856e-07, -5.410950819200565e-12, -1.643513678583405e-09, -1.6435113198048875e-09, -2.006405663809662e-07, -9.095809268414269e-14, 1.201442646287927e-11, 1.2014404889864216e-11, 8.015584820223714e-10], [4.511549611614168e-05, 1.7793499143343518e-07, 1.7793499130401704e-07, -1.080989660436491e-10, 0.016070166342562236, 6.516474610528101e-05, 6.516474610597438e-05, 6.742767858186515e-08, 1.779349913473642e-07, -1.0809904024645662e-10, -1.0809835233773607e-10, -1.0234499575576931e-11, 6.51647461055377e-05, 6.742767858572926e-08, 6.74276785777559e-08, -1.539134100312004e-09, 1.7793499154414586e-07, -1.0809821392374083e-10, -1.0809845497962805e-10, -1.0234502418763939e-11, 6.516474610507807e-05, 6.742767858472509e-08, 6.742767857938104e-08, -1.5391341076078091e-09, -1.0809901316452905e-10, -1.0234497395617235e-11, -1.0234497881545754e-11, 1.0627201884650931e-13, 6.742767858298318e-08, -1.5391341111809463e-09, -1.5391341006013943e-09, 1.012322196085153e-11], [1.7826204409396418e-07, 6.516474610388595e-05, -1.0809784644059137e-10, 5.931608770567386e-08, 6.516474610528101e-05, 0.023491895162386988, 5.9316134931794684e-08, 4.813405630302055e-05, -1.0809844374965123e-10, 5.931599791272317e-08, -5.448193705734095e-12, -1.6435116990919753e-09, 5.931609329911856e-08, 4.8134056303460575e-05, -1.643512238351416e-09, -2.0064056639062279e-07, -1.0809964327803668e-10, 5.93159033261051e-08, -5.449855256244463e-12, -1.6435114779677171e-09, 5.93159950149769e-08, 4.813405630442077e-05, -1.6435120193837303e-09, -2.0064056639382934e-07, -5.41384799056139e-12, -1.6435111374889606e-09, -9.680220220006021e-14, 1.2014410964046655e-11, -1.6435118400286097e-09, -2.0064056639222156e-07, 1.2014417167345218e-11, 8.01558463789116e-10], [1.782620441034613e-07, -1.0809772164724641e-10, 6.516474610563393e-05, 5.9315914433719865e-08, 6.516474610597438e-05, 5.9316134931794684e-08, 0.02349189516251578, 4.81340563028886e-05, -1.0809887201752544e-10, -5.4360176027617666e-12, 5.931613622614963e-08, -1.6435118033847203e-09, 5.9315997562104413e-08, -1.6435119079902012e-09, 4.813405630324954e-05, -2.006405663832775e-07, -1.0809754067063292e-10, -5.263534534433548e-12, 5.9316112576638004e-08, -1.6435125055387081e-09, 5.93160783312853e-08, -1.6435128440425e-09, 4.8134056302682965e-05, -2.0064056638612605e-07, -5.5472559928015605e-12, -9.695617023044677e-14, -1.6435121458689561e-09, 1.2014416159347877e-11, -1.6435117777897642e-09, 1.2014415365433147e-11, -2.006405663855425e-07, 8.015584844628785e-10], [-5.068912226536304e-11, 6.742767857604875e-08, 6.742767858619007e-08, 4.8134056309173473e-05, 6.742767858186515e-08, 4.813405630302055e-05, 4.81340563028886e-05, 0.0234905188535907, -1.0234493161528087e-11, -1.643512461065729e-09, -1.643515530612725e-09, -2.0875262883023794e-07, -1.6435122027421605e-09, -2.0875313346902228e-07, -2.087540416524073e-07, 3.911337841976227e-07, -1.0234502958195888e-11, -1.6435179668844805e-09, -1.6435130955815964e-09, -2.0875304893505723e-07, -1.6435111265429299e-09, -2.0875380360819204e-07, -2.0875296996308491e-07, 3.9113378427444005e-07, -9.130145354146355e-14, 1.180577216174007e-12, 1.2703498964853147e-12, 8.800795851189693e-10, 2.5263728603481554e-12, 8.800795695685014e-10, 8.800795210805492e-10, -1.0696159604625758e-09], [4.5115496116153744e-05, 1.7793499182085498e-07, 1.7793499141205935e-07, -1.0809930310389317e-10, 1.779349913473642e-07, -1.0809844374965123e-10, -1.0809887201752544e-10, -1.0234493161528087e-11, 0.01607016634256314, 6.51647461049556e-05, 6.516474610600199e-05, 6.742767858357584e-08, 6.516474610514201e-05, 6.74276785846271e-08, 6.742767858279567e-08, -1.5391341050288858e-09, 1.7793499191432165e-07, -1.080987905813768e-10, -1.0809826291047961e-10, -1.0234501608232836e-11, -1.0809868058551058e-10, -1.0234498502932401e-11, -1.02345004320082e-11, 1.0626918725964974e-13, 6.516474610450344e-05, 6.742767858964528e-08, 6.742767857942482e-08, -1.5391341007771958e-09, 6.742767858270636e-08, -1.5391341040085434e-09, -1.539134104880372e-09, 1.0123225087128721e-11], [1.7826204409520217e-07, 6.516474610540883e-05, -1.0809839964188258e-10, 5.931613451040067e-08, -1.0809904024645662e-10, 5.931599791272317e-08, -5.4360176027617666e-12, -1.643512461065729e-09, 6.51647461049556e-05, 0.02349189516252607, 5.9315976987940874e-08, 4.8134056302842526e-05, 5.931601908145544e-08, 4.813405630344942e-05, -1.6435109841236557e-09, -2.0064056639431545e-07, -1.0809909772807587e-10, 5.9315979709047134e-08, -5.440154024842223e-12, -1.6435119498113437e-09, -5.4564852117060516e-12, -1.6435110490613927e-09, -9.661120741408025e-14, 1.2014416807486598e-11, 5.9316037278986926e-08, 4.813405630327824e-05, -1.6435116341260024e-09, -2.0064056638601149e-07, -1.6435120315017298e-09, -2.0064056639437228e-07, 1.2014413122264609e-11, 8.015584801034954e-10], [1.7826204409619487e-07, -1.0810067115827482e-10, 6.516474610758784e-05, 5.931589388677947e-08, -1.0809835233773607e-10, -5.448193705734095e-12, 5.931613622614963e-08, -1.643515530612725e-09, 6.516474610600199e-05, 5.9315976987940874e-08, 0.023491895162832854, 4.8134056301677815e-05, 5.931605885476186e-08, -1.6435105309196422e-09, 4.8134056305078144e-05, -2.0064056638759906e-07, -1.0810026769013264e-10, -5.560828779558372e-12, 5.9316133726174024e-08, -1.6435106642722351e-09, -5.496103481467723e-12, -9.275879091137803e-14, -1.6435120685829901e-09, 1.201441602407163e-11, 5.931585328651136e-08, -1.6435100121752405e-09, 4.813405630212508e-05, -2.0064056639213508e-07, -1.6435151751288555e-09, 1.2014408892271026e-11, -2.006405663839913e-07, 8.01558478075388e-10], [-5.0689122241330046e-11, 6.742767858287546e-08, 6.742767858933998e-08, 4.813405630473058e-05, -1.0234499575576931e-11, -1.6435116990919753e-09, -1.6435118033847203e-09, -2.0875262883023794e-07, 6.742767858357584e-08, 4.8134056302842526e-05, 4.8134056301677815e-05, 0.02349051885246393, -1.6435116066138466e-09, -2.0875291571295324e-07, -2.0875313249439489e-07, 3.9113378423576897e-07, -1.0234498197468248e-11, -1.6435129531439548e-09, -1.643512386491344e-09, -2.087529119899203e-07, -9.654241570445575e-14, 1.0784447720858049e-12, 1.2479775537926876e-12, 8.800795276024396e-10, -1.6435101942731247e-09, -2.0875291031378913e-07, -2.0875289093155716e-07, 3.911337843922318e-07, 1.5222025575916332e-12, 8.800795648096173e-10, 8.800796623874451e-10, -1.0696159588445772e-09], [1.782620440956301e-07, -1.0809865665308769e-10, -1.0809922741635016e-10, -5.5217687657316035e-12, 6.51647461055377e-05, 5.931609329911856e-08, 5.9315997562104413e-08, -1.6435122027421605e-09, 6.516474610514201e-05, 5.931601908145544e-08, 5.931605885476186e-08, -1.6435116066138466e-09, 0.023491895162540136, 4.813405630308675e-05, 4.813405630383933e-05, -2.0064056639064912e-07, -1.0809880971706762e-10, -5.397133811675509e-12, -5.4446799689386925e-12, -9.644562628156705e-14, 5.931603011841957e-08, -1.6435115707185544e-09, -1.6435115282084892e-09, 1.2014408153936284e-11, 5.931597515175226e-08, -1.6435114934589236e-09, -1.6435116078367564e-09, 1.2014418217392912e-11, 4.813405630245409e-05, -2.006405663879715e-07, -2.006405663897351e-07, 8.01558480077403e-10], [-5.068912221546749e-11, 6.74276785788596e-08, -1.023449443808401e-11, -1.6435132111102012e-09, 6.742767858572926e-08, 4.8134056303460575e-05, -1.6435119079902012e-09, -2.0875313346902228e-07, 6.74276785846271e-08, 4.813405630344942e-05, -1.6435105309196422e-09, -2.0875291571295324e-07, 4.813405630308675e-05, 0.023490518852454803, -2.0875260889183233e-07, 3.911337841866186e-07, -1.0234484336822564e-11, -1.6435101301103076e-09, -9.633300429138182e-14, 1.2987622515922565e-12, -1.6435117563792144e-09, -2.0875270076471854e-07, 1.2888082240532765e-12, 8.800795848550653e-10, -1.643512624945085e-09, -2.087528562538753e-07, 1.2766244947605938e-12, 8.800794952718312e-10, -2.087531369869974e-07, 3.911337843124646e-07, 8.800794398062654e-10, -1.0696159584604447e-09], [-5.06891222617823e-11, -1.0234493919699432e-11, 6.742767858120593e-08, -1.6435158346876304e-09, 6.74276785777559e-08, -1.643512238351416e-09, 4.813405630324954e-05, -2.087540416524073e-07, 6.742767858279567e-08, -1.6435109841236557e-09, 4.8134056305078144e-05, -2.0875313249439489e-07, 4.813405630383933e-05, -2.0875260889183233e-07, 0.023490518853567306, 3.9113378424236693e-07, -1.0234498831637287e-11, -9.197175777179115e-14, -1.643511546681108e-09, 1.4109809496030931e-12, -1.6435126644245718e-09, 2.203473792033321e-12, -2.08752783894115e-07, 8.800795019480331e-10, -1.6435153766293129e-09, 1.3621946966725628e-12, -2.0875289478053274e-07, 8.800796685669828e-10, -2.0875413194319563e-07, 8.800794124328787e-10, 3.9113378435348283e-07, -1.0696159590017777e-09], [-9.11773470450738e-12, -1.5391341085487693e-09, -1.5391341006273624e-09, -2.0064056639675406e-07, -1.539134100312004e-09, -2.0064056639062279e-07, -2.006405663832775e-07, 3.911337841976227e-07, -1.5391341050288858e-09, -2.0064056639431545e-07, -2.0064056638759906e-07, 3.9113378423576897e-07, -2.0064056639064912e-07, 3.911337841866186e-07, 3.9113378424236693e-07, 0.016068270840321953, 1.0626829455498208e-13, 1.2014417221944804e-11, 1.2014423058748706e-11, 8.800796008439719e-10, 1.201441430607802e-11, 8.800795139355656e-10, 8.800795214011691e-10, -1.396892476533877e-09, 1.2014406917995919e-11, 8.800795421276054e-10, 8.800795979330894e-10, -1.3968878770399327e-09, 8.800795335669652e-10, -1.396890196595054e-09, -1.3968890638264574e-09, -1.0746373506131638e-07], [4.51154961161506e-05, 1.779349915785002e-07, 1.7793499158585408e-07, -1.0809690383069552e-10, 1.7793499154414586e-07, -1.0809964327803668e-10, -1.0809754067063292e-10, -1.0234502958195888e-11, 1.7793499191432165e-07, -1.0809909772807587e-10, -1.0810026769013264e-10, -1.0234498197468248e-11, -1.0809880971706762e-10, -1.0234484336822564e-11, -1.0234498831637287e-11, 1.0626829455498208e-13, 0.016070166342562513, 6.51647461042211e-05, 6.516474610454726e-05, 6.742767857871812e-08, 6.516474610536262e-05, 6.742767858898659e-08, 6.742767858124797e-08, -1.5391341021258109e-09, 6.516474610696984e-05, 6.742767858184632e-08, 6.742767858900832e-08, -1.5391341052824731e-09, 6.742767857858007e-08, -1.5391341040507075e-09, -1.5391341022297939e-09, 1.0123223402030548e-11], [1.7826204409473813e-07, 6.516474610396595e-05, -1.0809753354781149e-10, 5.93162296234393e-08, -1.0809821392374083e-10, 5.93159033261051e-08, -5.263534534433548e-12, -1.6435179668844805e-09, -1.080987905813768e-10, 5.9315979709047134e-08, -5.560828779558372e-12, -1.6435129531439548e-09, -5.397133811675509e-12, -1.6435101301103076e-09, -9.197175777179115e-14, 1.2014417221944804e-11, 6.51647461042211e-05, 0.023491895162283716, 5.9315978645284535e-08, 4.813405630420422e-05, 5.931603242118577e-08, 4.813405630876665e-05, -1.6435120628162929e-09, -2.0064056639075715e-07, 5.9316140476635734e-08, 4.8134056304246866e-05, -1.6435118027415905e-09, -2.006405663910856e-07, -1.6435177651390588e-09, -2.0064056639483487e-07, 1.2014419882755499e-11, 8.015584810147966e-10], [1.7826204409725514e-07, -1.0809921934072928e-10, 6.516474610615707e-05, 5.9316014067586444e-08, -1.0809845497962805e-10, -5.449855256244463e-12, 5.9316112576638004e-08, -1.6435130955815964e-09, -1.0809826291047961e-10, -5.440154024842223e-12, 5.9316133726174024e-08, -1.643512386491344e-09, -5.4446799689386925e-12, -9.633300429138182e-14, -1.643511546681108e-09, 1.2014423058748706e-11, 6.516474610454726e-05, 5.9315978645284535e-08, 0.0234918951624935, 4.813405630357986e-05, 5.9316009277513285e-08, -1.6435107474993098e-09, 4.813405630301181e-05, -2.0064056639248692e-07, 5.931601286323901e-08, -1.6435115074893782e-09, 4.813405630293689e-05, -2.0064056639013701e-07, -1.6435127387762035e-09, 1.2014415759039065e-11, -2.0064056638819747e-07, 8.015584794935018e-10], [-5.0689122247156215e-11, 6.742767859148759e-08, 6.74276785875453e-08, 4.813405630186365e-05, -1.0234502418763939e-11, -1.6435114779677171e-09, -1.6435125055387081e-09, -2.0875304893505723e-07, -1.0234501608232836e-11, -1.6435119498113437e-09, -1.6435106642722351e-09, -2.087529119899203e-07, -9.644562628156705e-14, 1.2987622515922565e-12, 1.4109809496030931e-12, 8.800796008439719e-10, 6.742767857871812e-08, 4.813405630420422e-05, 4.813405630357986e-05, 0.0234905188524426, -1.6435123103086964e-09, -2.087527617113486e-07, -2.0875288730027295e-07, 3.911337843925642e-07, -1.6435130721645735e-09, -2.0875287374247703e-07, -2.087528991153501e-07, 3.9113378442286563e-07, 1.0972028285130914e-12, 8.800796275040064e-10, 8.800797367717902e-10, -1.0696159596071896e-09], [1.78262044097562e-07, -1.0809851569350522e-10, -1.0809836733331894e-10, -5.34898278311224e-12, 6.516474610507807e-05, 5.93159950149769e-08, 5.93160783312853e-08, -1.6435111265429299e-09, -1.0809868058551058e-10, -5.4564852117060516e-12, -5.496103481467723e-12, -9.654241570445575e-14, 5.931603011841957e-08, -1.6435117563792144e-09, -1.6435126644245718e-09, 1.201441430607802e-11, 6.516474610536262e-05, 5.931603242118577e-08, 5.9316009277513285e-08, -1.6435123103086964e-09, 0.02349189516247302, 4.813405630276888e-05, 4.813405630310519e-05, -2.006405663886207e-07, 5.9316111185005256e-08, -1.643512118310297e-09, -1.6435118878650495e-09, 1.2014415657058775e-11, 4.813405630403052e-05, -2.0064056639287216e-07, -2.0064056638628934e-07, 8.0155848000972e-10], [-5.06891222244059e-11, 6.74276785946712e-08, -1.0234505105716491e-11, -1.6435175964489645e-09, 6.742767858472509e-08, 4.813405630442077e-05, -1.6435128440425e-09, -2.0875380360819204e-07, -1.0234498502932401e-11, -1.6435110490613927e-09, -9.275879091137803e-14, 1.0784447720858049e-12, -1.6435115707185544e-09, -2.0875270076471854e-07, 2.203473792033321e-12, 8.800795139355656e-10, 6.742767858898659e-08, 4.813405630876665e-05, -1.6435107474993098e-09, -2.087527617113486e-07, 4.813405630276888e-05, 0.023490518853151537, -2.0875281642048014e-07, 3.9113378431932544e-07, -1.643516790652289e-09, -2.087528115087896e-07, 1.23076009247965e-12, 8.800796763562638e-10, -2.0875385071433746e-07, 3.91133784263773e-07, 8.800796029119283e-10, -1.0696159588100197e-09], [-5.0689122280191275e-11, -1.0234502263690858e-11, 6.742767858247099e-08, -1.6435120760250229e-09, 6.742767857938104e-08, -1.6435120193837303e-09, 4.8134056302682965e-05, -2.0875296996308491e-07, -1.02345004320082e-11, -9.661120741408025e-14, -1.6435120685829901e-09, 1.2479775537926876e-12, -1.6435115282084892e-09, 1.2888082240532765e-12, -2.08752783894115e-07, 8.800795214011691e-10, 6.742767858124797e-08, -1.6435120628162929e-09, 4.813405630301181e-05, -2.0875288730027295e-07, 4.813405630310519e-05, -2.0875281642048014e-07, 0.023490518852424425, 3.911337843598413e-07, -1.6435120252212653e-09, 1.2651306087764285e-12, -2.087528800572203e-07, 8.800796831820713e-10, -2.087529868550894e-07, 8.800796382423468e-10, 3.911337843350358e-07, -1.069615960576248e-09], [-9.117734703895295e-12, -1.539134099149949e-09, -1.5391341064981883e-09, -2.0064056637929856e-07, -1.5391341076078091e-09, -2.0064056639382934e-07, -2.0064056638612605e-07, 3.9113378427444005e-07, 1.0626918725964974e-13, 1.2014416807486598e-11, 1.201441602407163e-11, 8.800795276024396e-10, 1.2014408153936284e-11, 8.800795848550653e-10, 8.800795019480331e-10, -1.396892476533877e-09, -1.5391341021258109e-09, -2.0064056639075715e-07, -2.0064056639248692e-07, 3.911337843925642e-07, -2.006405663886207e-07, 3.9113378431932544e-07, 3.911337843598413e-07, 0.016068270840324642, 1.2014419777989644e-11, 8.800796019158569e-10, 8.800797363787787e-10, -1.3968861434881244e-09, 8.80079515236039e-10, -1.3968883404331254e-09, -1.3968875920626317e-09, -1.0746373507270384e-07], [1.7826204409647778e-07, -1.0809764042328362e-10, -1.0810040778281358e-10, -5.410950819200565e-12, -1.0809901316452905e-10, -5.41384799056139e-12, -5.5472559928015605e-12, -9.130145354146355e-14, 6.516474610450344e-05, 5.9316037278986926e-08, 5.931585328651136e-08, -1.6435101942731247e-09, 5.931597515175226e-08, -1.643512624945085e-09, -1.6435153766293129e-09, 1.2014406917995919e-11, 6.516474610696984e-05, 5.9316140476635734e-08, 5.931601286323901e-08, -1.6435130721645735e-09, 5.9316111185005256e-08, -1.643516790652289e-09, -1.6435120252212653e-09, 1.2014419777989644e-11, 0.023491895162630574, 4.8134056301692716e-05, 4.813405630359188e-05, -2.006405663894776e-07, 4.813405630794172e-05, -2.006405663827959e-07, -2.0064056639587786e-07, 8.015584792377921e-10], [-5.068912222698487e-11, 6.742767857956912e-08, -1.0234490566215973e-11, -1.643513678583405e-09, -1.0234497395617235e-11, -1.6435111374889606e-09, -9.695617023044677e-14, 1.180577216174007e-12, 6.742767858964528e-08, 4.813405630327824e-05, -1.6435100121752405e-09, -2.0875291031378913e-07, -1.6435114934589236e-09, -2.087528562538753e-07, 1.3621946966725628e-12, 8.800795421276054e-10, 6.742767858184632e-08, 4.8134056304246866e-05, -1.6435115074893782e-09, -2.0875287374247703e-07, -1.643512118310297e-09, -2.087528115087896e-07, 1.2651306087764285e-12, 8.800796019158569e-10, 4.8134056301692716e-05, 0.023490518852410994, -2.0875290039847487e-07, 3.9113378447998953e-07, -2.0875296480863829e-07, 3.9113378431179304e-07, 8.800796602781633e-10, -1.0696159586005341e-09], [-5.0689122243199564e-11, -1.0234498840627813e-11, 6.742767858341938e-08, -1.6435113198048875e-09, -1.0234497881545754e-11, -9.680220220006021e-14, -1.6435121458689561e-09, 1.2703498964853147e-12, 6.742767857942482e-08, -1.6435116341260024e-09, 4.813405630212508e-05, -2.0875289093155716e-07, -1.6435116078367564e-09, 1.2766244947605938e-12, -2.0875289478053274e-07, 8.800795979330894e-10, 6.742767858900832e-08, -1.6435118027415905e-09, 4.813405630293689e-05, -2.087528991153501e-07, -1.6435118878650495e-09, 1.23076009247965e-12, -2.087528800572203e-07, 8.800797363787787e-10, 4.813405630359188e-05, -2.0875290039847487e-07, 0.02349051885244267, 3.9113378442399065e-07, -2.0875287391174137e-07, 8.800797041747189e-10, 3.911337843218805e-07, -1.06961596017843e-09], [-9.117734704495346e-12, -1.5391341054822089e-09, -1.5391341066699852e-09, -2.006405663809662e-07, 1.0627201884650931e-13, 1.2014410964046655e-11, 1.2014416159347877e-11, 8.800795851189693e-10, -1.5391341007771958e-09, -2.0064056638601149e-07, -2.0064056639213508e-07, 3.911337843922318e-07, 1.2014418217392912e-11, 8.800794952718312e-10, 8.800796685669828e-10, -1.3968878770399327e-09, -1.5391341052824731e-09, -2.006405663910856e-07, -2.0064056639013701e-07, 3.9113378442286563e-07, 1.2014415657058775e-11, 8.800796763562638e-10, 8.800796831820713e-10, -1.3968861434881244e-09, -2.006405663894776e-07, 3.9113378447998953e-07, 3.9113378442399065e-07, 0.016068270840333777, 8.800796070363719e-10, -1.3968841110196208e-09, -1.396882974963726e-09, -1.074637351241855e-07], [-5.068912224050262e-11, -1.0234499769250567e-11, -1.0234486059658511e-11, -9.095809268414269e-14, 6.742767858298318e-08, -1.6435118400286097e-09, -1.6435117777897642e-09, 2.5263728603481554e-12, 6.742767858270636e-08, -1.6435120315017298e-09, -1.6435151751288555e-09, 1.5222025575916332e-12, 4.813405630245409e-05, -2.087531369869974e-07, -2.0875413194319563e-07, 8.800795335669652e-10, 6.742767857858007e-08, -1.6435177651390588e-09, -1.6435127387762035e-09, 1.0972028285130914e-12, 4.813405630403052e-05, -2.0875385071433746e-07, -2.087529868550894e-07, 8.80079515236039e-10, 4.813405630794172e-05, -2.0875296480863829e-07, -2.0875287391174137e-07, 8.800796070363719e-10, 0.023490518853725734, 3.9113378432529707e-07, 3.9113378443820265e-07, -1.0696159582430616e-09], [-9.117734703943969e-12, -1.5391340997174985e-09, 1.0627270118215148e-13, 1.201442646287927e-11, -1.5391341111809463e-09, -2.0064056639222156e-07, 1.2014415365433147e-11, 8.800795695685014e-10, -1.5391341040085434e-09, -2.0064056639437228e-07, 1.2014408892271026e-11, 8.800795648096173e-10, -2.006405663879715e-07, 3.911337843124646e-07, 8.800794124328787e-10, -1.396890196595054e-09, -1.5391341040507075e-09, -2.0064056639483487e-07, 1.2014415759039065e-11, 8.800796275040064e-10, -2.0064056639287216e-07, 3.91133784263773e-07, 8.800796382423468e-10, -1.3968883404331254e-09, -2.006405663827959e-07, 3.9113378431179304e-07, 8.800797041747189e-10, -1.3968841110196208e-09, 3.9113378432529707e-07, 0.016068270840329163, -1.3968853185041179e-09, -1.0746373509671255e-07], [-9.117734704140016e-12, 1.0626723429984409e-13, -1.539134105810124e-09, 1.2014404889864216e-11, -1.5391341006013943e-09, 1.2014417167345218e-11, -2.006405663855425e-07, 8.800795210805492e-10, -1.539134104880372e-09, 1.2014413122264609e-11, -2.006405663839913e-07, 8.800796623874451e-10, -2.006405663897351e-07, 8.800794398062654e-10, 3.9113378435348283e-07, -1.3968890638264574e-09, -1.5391341022297939e-09, 1.2014419882755499e-11, -2.0064056638819747e-07, 8.800797367717902e-10, -2.0064056638628934e-07, 8.800796029119283e-10, 3.911337843350358e-07, -1.3968875920626317e-09, -2.0064056639587786e-07, 8.800796602781633e-10, 3.911337843218805e-07, -1.396882974963726e-09, 3.9113378443820265e-07, -1.3968853185041179e-09, 0.016068270840331474, -1.0746373512826138e-07], [8.225649698594098e-14, 1.0123222843523023e-11, 1.0123219999477523e-11, 8.015584820223714e-10, 1.012322196085153e-11, 8.01558463789116e-10, 8.015584844628785e-10, -1.0696159604625758e-09, 1.0123225087128721e-11, 8.015584801034954e-10, 8.01558478075388e-10, -1.0696159588445772e-09, 8.01558480077403e-10, -1.0696159584604447e-09, -1.0696159590017777e-09, -1.0746373506131638e-07, 1.0123223402030548e-11, 8.015584810147966e-10, 8.015584794935018e-10, -1.0696159596071896e-09, 8.0155848000972e-10, -1.0696159588100197e-09, -1.069615960576248e-09, -1.0746373507270384e-07, 8.015584792377921e-10, -1.0696159586005341e-09, -1.06961596017843e-09, -1.074637351241855e-07, -1.0696159582430616e-09, -1.0746373509671255e-07, -1.0746373512826138e-07, 0.01088656497445998]], [[0.004441455069471455, 1.79908097064779e-05, 1.7990809706477867e-05, 7.499292031594672e-08, 1.799080970647721e-05, 7.499292031594615e-08, 7.49929203159461e-08, 2.936524461172313e-10, 1.7990809706478054e-05, 7.499292031594373e-08, 7.499292031595309e-08, 2.936524467576825e-10, 7.499292031595201e-08, 2.936524471488247e-10, 2.936524469798601e-10, -4.668513391545026e-12, 1.799080970647735e-05, 7.499292031594083e-08, 7.499292031594736e-08, 2.936524467851825e-10, 7.499292031594931e-08, 2.9365244670847316e-10, 2.9365244652291054e-10, -4.6685133869361175e-12, 7.499292031594562e-08, 2.936524469277995e-10, 2.936524470165018e-10, -4.668513394040767e-12, 2.9365244644448405e-10, -4.668513392656426e-12, -4.6685133912866464e-12, 2.1144105587100396e-14, 1.7990809706476925e-05, 7.499292031595454e-08, 7.499292031595773e-08, 2.936524472510567e-10, 7.499292031595749e-08, 2.936524471694958e-10, 2.9365244598392234e-10, -4.6685133890128425e-12, 7.499292031595774e-08, 2.9365244712795025e-10, 2.936524475116756e-10, -4.66851340008859e-12, 2.936524468406324e-10, -4.668513398208711e-12, -4.668513393122682e-12, 2.114410562234943e-14, 7.499292031595536e-08, 2.936524465800462e-10, 2.9365244650901737e-10, -4.668513392059915e-12, 2.936524470290267e-10, -4.668513394005885e-12, -4.668513386546475e-12, 2.1144105570152928e-14, 2.9365244671526115e-10, -4.668513393307477e-12, -4.6685133953493376e-12, 2.1144105669047523e-14, -4.668513391655857e-12, 2.1144105614591937e-14, 2.1144105583566463e-14, -1.4236972622338803e-17], [1.79908097064779e-05, 0.006502827418470457, 7.498733993790273e-08, 2.6546946437620806e-05, 7.49875017833735e-08, 2.654694643760131e-05, 2.909046079291185e-10, 1.0840229631834015e-07, 7.498600670485917e-08, 2.6546946436803704e-05, 2.9090380575049455e-10, 1.0840229635611487e-07, 2.9090378584457416e-10, 1.0840229635613734e-07, -5.551292581361832e-12, -8.787928354050398e-10, 7.498675232626348e-08, 2.654694643879724e-05, 2.9090581278961e-10, 1.084022962476654e-07, 2.909057908001955e-10, 1.0840229622548966e-07, -5.551407968273298e-12, -8.78792833844555e-10, 2.909049891070154e-10, 1.0840229640294279e-07, -5.551292755181151e-12, -8.787928359389122e-10, -5.551466004907855e-12, -8.787928354087954e-10, 3.181311000666223e-14, 3.198570406143724e-12, 7.498854887622039e-08, 2.6546946438918176e-05, 2.9090593698379223e-10, 1.0840229633434543e-07, 2.909059057468904e-10, 1.0840229634546058e-07, -5.551386421505595e-12, -8.787928340955404e-10, 2.9090511505643164e-10, 1.0840229628686734e-07, -5.551254653799234e-12, -8.787928353568554e-10, -5.55127214771494e-12, -8.787928355266219e-10, 3.18103094096747e-14, 3.198571727056873e-12, 2.9090711740741493e-10, 1.0840229626187749e-07, -5.551330889601624e-12, -8.787928349986691e-10, -5.551242114654485e-12, -8.787928342368244e-10, 3.1811650250162786e-14, 3.198571107903942e-12, -5.551405702695674e-12, -8.787928340030366e-10, 3.181106363905348e-14, 3.1985720040593405e-12, 3.181097778786474e-14, 3.1985724507336866e-12, -7.177766271015589e-17, -3.775981828164005e-15], [1.7990809706477867e-05, 7.498733993790273e-08, 0.0065028274172162425, 2.6546946435949542e-05, 7.498837975613163e-08, 2.9090627731476375e-10, 2.6546946437616134e-05, 1.0840229622000747e-07, 7.498815398538407e-08, 2.909059998254296e-10, 2.6546946437329942e-05, 1.0840229627981676e-07, 2.909076561227432e-10, -5.551342275468711e-12, 1.0840229628280779e-07, -8.787928349320567e-10, 7.498647464240545e-08, 2.9090402664418415e-10, 2.654694643535181e-05, 1.0840229636716216e-07, 2.909056887211905e-10, -5.551339371494639e-12, 1.0840229642092675e-07, -8.787928369716221e-10, 2.9090539938456187e-10, -5.55127288533633e-12, 1.0840229631628729e-07, -8.787928351248936e-10, -5.551530352713987e-12, 3.181228223188877e-14, -8.78792835521445e-10, 3.1985727251734803e-12, 7.498705551936193e-08, 2.909055070575378e-10, 2.654694643683991e-05, 1.0840229642642584e-07, 2.909071666124831e-10, -5.551327370873923e-12, 1.08402296181089e-07, -8.787928335762778e-10, 2.90906881985332e-10, -5.551423722671285e-12, 1.0840229640906676e-07, -8.787928357954751e-10, -5.5514560855117216e-12, 3.1810341711843854e-14, -8.787928341496114e-10, 3.1985709816709838e-12, 2.909049167102145e-10, -5.5513146561745575e-12, 1.0840229629650449e-07, -8.787928343502424e-10, -5.551379742592217e-12, 3.1810563891999097e-14, -8.787928352616559e-10, 3.198571163909114e-12, -5.55138753587913e-12, 3.1811189788562185e-14, -8.787928359600786e-10, 3.198572564670513e-12, 3.1811876559447566e-14, -7.429989910784647e-17, 3.198570719095686e-12, -3.775398015961575e-15], [7.499292031594672e-08, 2.6546946437620806e-05, 2.6546946435949542e-05, 0.009527284674019285, 2.90906269790732e-10, 1.0816283696383483e-07, 1.081628369479793e-07, 3.8984148959759923e-05, 2.9090517418251756e-10, 1.0816283704200606e-07, 1.081628368735921e-07, 3.8984148967451443e-05, -7.620272647890618e-12, -1.0170607133851069e-09, -1.0170811843823568e-09, -1.2254827865349227e-07, 2.9090521294337946e-10, 1.0816283697605817e-07, 1.0816283674843778e-07, 3.898414896155974e-05, -7.620342474949269e-12, -1.0170761076115344e-09, -1.0170669539270449e-09, -1.2254827862062382e-07, -7.620300703113942e-12, -1.0170639762765986e-09, -1.0170837641887222e-09, -1.225482786330273e-07, 2.968455122429273e-14, 4.668492949987962e-12, 4.6686527115680735e-12, 3.15494885838091e-10, 2.909068078022824e-10, 1.0816283689797283e-07, 1.0816283695504335e-07, 3.898414898622607e-05, -7.620216183119193e-12, -1.017077240111452e-09, -1.017086837501417e-09, -1.225482786367033e-07, -7.620300282318867e-12, -1.017088298717813e-09, -1.0170661233369365e-09, -1.2254827872430396e-07, 5.734637695429429e-14, 4.668478453459338e-12, 4.6685217237238604e-12, 3.1549488325246314e-10, -7.620321660471654e-12, -1.0170787491237432e-09, -1.017072701202205e-09, -1.2254827871067845e-07, 6.753080203593158e-14, 4.668457271096564e-12, 4.668429132965868e-12, 3.1549488407465994e-10, 3.917229593520168e-14, 4.668598942187666e-12, 4.668555594834137e-12, 3.154948824033797e-10, 7.096057169736957e-17, -1.267880208334083e-14, -1.2678953026194174e-14, -4.80836992686346e-13], [1.799080970647721e-05, 7.49875017833735e-08, 7.498837975613163e-08, 2.90906269790732e-10, 0.006502827417351129, 2.6546946435795498e-05, 2.654694643746165e-05, 1.0840229625738808e-07, 7.49879912010284e-08, 2.90905499823569e-10, 2.9090718025710865e-10, -5.5513289331144755e-12, 2.6546946436720837e-05, 1.0840229643559744e-07, 1.0840229635175923e-07, -8.787928370145305e-10, 7.49862647698145e-08, 2.9090423849183754e-10, 2.909059040786139e-10, -5.551403795689551e-12, 2.6546946435431484e-05, 1.084022963570618e-07, 1.0840229621443681e-07, -8.787928347879336e-10, 2.9090515697564413e-10, -5.5514523769302335e-12, -5.551328684633636e-12, 3.1810584124123996e-14, 1.0840229631396958e-07, -8.787928349434735e-10, -8.787928371908519e-10, 3.1985701742519673e-12, 7.498713135991487e-08, 2.909058902168466e-10, 2.9090755218221963e-10, -5.5513894279967545e-12, 2.654694643710248e-05, 1.0840229642145332e-07, 1.0840229617415502e-07, -8.787928379460298e-10, 2.9090680442767137e-10, -5.5512346145303174e-12, -5.55133807164141e-12, 3.1807334160152136e-14, 1.0840229633217453e-07, -8.787928370616414e-10, -8.787928358930289e-10, 3.1985699853210925e-12, 2.9090552199242284e-10, -5.551499482253252e-12, -5.551467379565776e-12, 3.181146078467786e-14, 1.0840229637141163e-07, -8.78792837467