{"r1": 0.5988888888888889, "r2": 0.5988888888888889, "theta": 0.1, "sequence": [[[0.7997111802570509, 0.0002614971178110214], [0.0002614971178110214, 0.20040408417364466]], [[0.6391913063044616, 0.0002089206089804115, 0.0002089206089804408, 1.3662361357782506e-07], [0.0002089206089804115, 0.16038046052180052, 1.3635506997129738e-07, 5.235499088630367e-05], [0.0002089206089804408, 1.3635506997129738e-07, 0.16038046052180044, 5.2354990886317375e-05], [1.3662361357782506e-07, 5.235499088630367e-05, 5.2354990886317375e-05, 0.040391799343291984]], [[0.511214398069564, 0.00016708299821843872, 0.00016708299821844097, 1.092786295905544e-07, 0.00016708299821844758, 1.0927862959011769e-07, 1.0927862958964295e-07, 5.891212372227523e-11], [0.00016708299821843872, 0.12828816388885597, 1.0929040206399143e-07, 4.197818034906939e-05, 1.0933227104572423e-07, 4.197809763603529e-05, -1.9575737740741838e-11, 2.7474894052427212e-08], [0.00016708299821844097, 1.0929040206399143e-07, 0.12828816393013842, 4.197811557359591e-05, 1.0929098855422229e-07, 4.51999485147878e-11, 4.197809763613471e-05, 2.747489404810005e-08], [1.092786295905544e-07, 4.197818034906939e-05, 4.197811557359591e-05, 0.03208154274147104, -3.7513155140683926e-11, 2.711436458382664e-08, 2.7140859836307117e-08, 1.0348721687219018e-05], [0.00016708299821844758, 1.0933227104572423e-07, 1.0929098855422229e-07, -3.7513155140683926e-11, 0.12828816388826947, 4.197811557350908e-05, 4.197818034910795e-05, 2.7474894050971814e-08], [1.0927862959011769e-07, 4.197809763603529e-05, 4.51999485147878e-11, 2.711436458382664e-08, 4.197811557350908e-05, 0.03208154278144932, 2.710088163748517e-08, 1.034872168719513e-05], [1.0927862958964295e-07, -1.9575737740741838e-11, 4.197809763613471e-05, 2.7140859836307117e-08, 4.197818034910795e-05, 2.710088163748517e-08, 0.03208154275495404, 1.034872168718171e-05], [5.891212372227523e-11, 2.7474894052427212e-08, 2.747489404810005e-08, 1.0348721687219018e-05, 2.7474894050971814e-08, 1.034872168719513e-05, 1.034872168718171e-05, 0.008364117526133018]], [[0.4086150699054725, 0.00013355272435216844, 0.00013355272435217153, 8.69386465503043e-08, 0.00013355272435217248, 8.69386465521416e-08, 8.693864655331952e-08, 4.307353932475071e-11, 0.0001335527243521669, 8.693864655196707e-08, 8.693864655264796e-08, 4.3073540445880834e-11, 8.693864655415235e-08, 4.307354081776067e-11, 4.307353984784238e-11, 9.981015984058539e-14], [0.00013355272435216844, 0.10253447030757583, 8.711628082030949e-08, 3.354341767809394e-05, 8.711628082781916e-08, 3.354341767810085e-05, 7.801091430344226e-11, 2.1935126277538857e-08, 8.711628083696286e-08, 3.3543417678145746e-05, 7.801094170951951e-11, 2.1935126325015566e-08, 7.801097269513514e-11, 2.193512631609443e-08, 1.1631948963601798e-11, 1.4319487173223096e-11], [0.00013355272435217153, 8.711628082030949e-08, 0.10253447030757566, 3.354341767808497e-05, 8.711628089130038e-08, 7.801082658691814e-11, 3.354341767811903e-05, 2.1935126371188775e-08, 8.711628087387674e-08, 7.801090471976512e-11, 3.354341767808243e-05, 2.1935126278444014e-08, 7.801089963512984e-11, 1.1631914862402494e-11, 2.1935126296055093e-08, 1.4319496821910026e-11], [8.69386465503043e-08, 3.354341767809394e-05, 3.354341767808497e-05, 0.025658598107942937, 7.801093338244247e-11, 2.2016548463778444e-08, 2.2016548314296617e-08, 8.353827622375556e-06, 7.801093217966493e-11, 2.2016548426114485e-08, 2.201654842931301e-08, 8.35382762237396e-06, -2.6219583131253633e-11, 3.27844386733959e-11, 3.2784472195299816e-11, 5.41327355723724e-09], [0.00013355272435217248, 8.711628082781916e-08, 8.711628089130038e-08, 7.801093338244247e-11, 0.10253447030757562, 3.3543417678143e-05, 3.354341767809998e-05, 2.1935126291360062e-08, 8.711628087964722e-08, 7.801093189777043e-11, 7.801088043007633e-11, 1.1631925527747741e-11, 3.354341767811067e-05, 2.1935126328353422e-08, 2.1935126311480337e-08, 1.431951752265379e-11], [8.69386465521416e-08, 3.354341767810085e-05, 7.801082658691814e-11, 2.2016548463778444e-08, 3.3543417678143e-05, 0.025658598107942757, 2.201654841348671e-08, 8.353827622388542e-06, 7.801097283540576e-11, 2.2016548456547148e-08, -2.6219508031688567e-11, 3.278445403843105e-11, 2.2016548413225317e-08, 8.353827622381958e-06, 3.278447444350555e-11, 5.413273553926883e-09], [8.693864655331952e-08, 7.801091430344226e-11, 3.354341767811903e-05, 2.2016548314296617e-08, 3.354341767809998e-05, 2.201654841348671e-08, 0.025658598107942895, 8.353827622368158e-06, 7.801093356881574e-11, -2.6219516345596e-11, 2.2016548416972383e-08, 3.278447750975196e-11, 2.201654846798703e-08, 3.278445962666062e-11, 8.353827622390303e-06, 5.413273551077535e-09], [4.307353932475071e-11, 2.1935126277538857e-08, 2.1935126371188775e-08, 8.353827622375556e-06, 2.1935126291360062e-08, 8.353827622388542e-06, 8.353827622368158e-06, 0.006513094983491979, 1.163191815462002e-11, 3.278446062045184e-11, 3.2784482400983005e-11, 6.506571894087511e-09, 3.278444831798106e-11, 6.506571711438125e-09, 6.506571808027622e-09, 2.3689973009598167e-06], [0.0001335527243521669, 8.711628083696286e-08, 8.711628087387674e-08, 7.801093217966493e-11, 8.711628087964722e-08, 7.801097283540576e-11, 7.801093356881574e-11, 1.163191815462002e-11, 0.10253447030757565, 3.354341767806036e-05, 3.354341767814281e-05, 2.193512633278369e-08, 3.3543417678073315e-05, 2.1935126294799797e-08, 2.1935126297791775e-08, 1.4319493966091643e-11], [8.693864655196707e-08, 3.3543417678145746e-05, 7.801090471976512e-11, 2.2016548426114485e-08, 7.801093189777043e-11, 2.2016548456547148e-08, -2.6219516345596e-11, 3.278446062045184e-11, 3.354341767806036e-05, 0.025658598107942802, 2.2016548443298752e-08, 8.353827622368276e-06, 2.2016548365999935e-08, 8.353827622387582e-06, 3.278447405267604e-11, 5.413273559259021e-09], [8.693864655264796e-08, 7.801094170951951e-11, 3.354341767808243e-05, 2.201654842931301e-08, 7.801088043007633e-11, -2.6219508031688567e-11, 2.2016548416972383e-08, 3.2784482400983005e-11, 3.354341767814281e-05, 2.2016548443298752e-08, 0.025658598107942788, 8.353827622400855e-06, 2.2016548410272544e-08, 3.278445448150814e-11, 8.3538276223542e-06, 5.41327355637506e-09], [4.3073540445880834e-11, 2.1935126325015566e-08, 2.1935126278444014e-08, 8.35382762237396e-06, 1.1631925527747741e-11, 3.278445403843105e-11, 3.278447750975196e-11, 6.506571894087511e-09, 2.193512633278369e-08, 8.353827622368276e-06, 8.353827622400855e-06, 0.006513094983492006, 3.278445433100912e-11, 6.506571672156996e-09, 6.506571851211641e-09, 2.3689973009602694e-06], [8.693864655415235e-08, 7.801097269513514e-11, 7.801089963512984e-11, -2.6219583131253633e-11, 3.354341767811067e-05, 2.2016548413225317e-08, 2.201654846798703e-08, 3.278444831798106e-11, 3.3543417678073315e-05, 2.2016548365999935e-08, 2.2016548410272544e-08, 3.278445433100912e-11, 0.025658598107942906, 8.353827622405207e-06, 8.353827622366276e-06, 5.413273553017727e-09], [4.307354081776067e-11, 2.193512631609443e-08, 1.1631914862402494e-11, 3.27844386733959e-11, 2.1935126328353422e-08, 8.353827622381958e-06, 3.278445962666062e-11, 6.506571711438125e-09, 2.1935126294799797e-08, 8.353827622387582e-06, 3.278445448150814e-11, 6.506571672156996e-09, 8.353827622405207e-06, 0.006513094983491714, 6.506571713550629e-09, 2.368997300960515e-06], [4.307353984784238e-11, 1.1631948963601798e-11, 2.1935126296055093e-08, 3.2784472195299816e-11, 2.1935126311480337e-08, 3.278447444350555e-11, 8.353827622390303e-06, 6.506571808027622e-09, 2.1935126297791775e-08, 3.278447405267604e-11, 8.3538276223542e-06, 6.506571851211641e-09, 8.353827622366276e-06, 6.506571713550629e-09, 0.006513094983492278, 2.3689973009592776e-06], [9.981015984058539e-14, 1.4319487173223096e-11, 1.4319496821910026e-11, 5.41327355723724e-09, 1.431951752265379e-11, 5.413273553926883e-09, 5.413273551077535e-09, 2.3689973009598167e-06, 1.4319493966091643e-11, 5.413273559259021e-09, 5.41327355637506e-09, 2.3689973009602694e-06, 5.413273553017727e-09, 2.368997300960515e-06, 2.3689973009592776e-06, 0.0010837752357741083]], [[0.3265369202739055, 0.000106735525879924, 0.00010673552587992365, 6.977490081098425e-08, 0.00010673552587992302, 6.977490080982539e-08, 6.97749008104505e-08, 4.66867746557332e-11, 0.0001067355258799227, 6.977490081018176e-08, 6.977490081088589e-08, 4.6686775451271455e-11, 6.977490081039428e-08, 4.668677598868634e-11, 4.668677441036065e-11, -7.254836213597697e-13, 0.00010673552587992492, 6.977490081133046e-08, 6.977490081021799e-08, 4.668677490186176e-11, 6.977490080866794e-08, 4.6686775210419544e-11, 4.6686775240299356e-11, -7.254830173239126e-13, 6.977490081090634e-08, 4.668677557493552e-11, 4.6686774770282995e-11, -7.254837668543333e-13, 4.668677497776353e-11, -7.254835817192183e-13, -7.254834950838746e-13, -1.1980814584490152e-14], [0.000106735525879924, 0.08191689365325588, 6.977708476884486e-08, 2.6776705363741996e-05, 6.977708473751328e-08, 2.677670536372897e-05, 4.116339531224377e-11, 1.7504170378929235e-08, 6.9777084703492e-08, 2.677670536376295e-05, 4.116343083971248e-11, 1.750417036991107e-08, 4.116342504619901e-11, 1.7504170362561968e-08, 1.3700873979335338e-12, 1.169419199730891e-11, 6.977708471139472e-08, 2.6776705363745913e-05, 4.116342996863873e-11, 1.750417037398436e-08, 4.1163400564976057e-11, 1.7504170362633255e-08, 1.3700951936746682e-12, 1.1694189490704616e-11, 4.116343340349241e-11, 1.7504170357771616e-08, 1.3700713337611382e-12, 1.1694187005899254e-11, 1.3700801060396072e-12, 1.1694180012257884e-11, -9.134727559450829e-13, 7.208994350781685e-15], [0.00010673552587992365, 6.977708476884486e-08, 0.08191689365325579, 2.6776705363760553e-05, 6.977708475369793e-08, 4.1163431069112775e-11, 2.6776705363743196e-05, 1.7504170378257545e-08, 6.977708476717924e-08, 4.1163433714526265e-11, 2.677670536375943e-05, 1.7504170355477477e-08, 4.11634419912931e-11, 1.3700947970249684e-12, 1.7504170361187862e-08, 1.1694188143809603e-11, 6.977708474407068e-08, 4.1163431470135235e-11, 2.6776705363739604e-05, 1.7504170373221236e-08, 4.116342155546397e-11, 1.3701069072563502e-12, 1.7504170358400637e-08, 1.1694184497157225e-11, 4.1163425608793314e-11, 1.370087035970784e-12, 1.7504170357813862e-08, 1.1694191159916953e-11, 1.3700858910070436e-12, -9.13471886778092e-13, 1.1694185270268715e-11, 7.209193156449495e-15], [6.977490081098425e-08, 2.6776705363741996e-05, 2.6776705363760553e-05, 0.020549252857346312, 4.11634035047865e-11, 1.750460779244287e-08, 1.7504607785938056e-08, 6.717465952561312e-06, 4.116344264131847e-11, 1.750460778994627e-08, 1.7504607776090908e-08, 6.717465952550639e-06, 1.1581091101018436e-12, 1.1088858834676501e-11, 1.1088856500045813e-11, 4.393494617474394e-09, 4.116342511186532e-11, 1.7504607798670722e-08, 1.7504607781367897e-08, 6.7174659525783835e-06, 1.1581636787272646e-12, 1.108883429870394e-11, 1.1088857005309344e-11, 4.393494622569903e-09, 1.1581675135058412e-12, 1.1088867945320358e-11, 1.108884032743713e-11, 4.3934946281430325e-09, -6.189140271414072e-12, 7.680447298476967e-13, 7.680342424046508e-13, 2.8676709274923773e-12], [0.00010673552587992302, 6.977708473751328e-08, 6.977708475369793e-08, 4.11634035047865e-11, 0.08191689365325586, 2.677670536374064e-05, 2.677670536374912e-05, 1.7504170364982054e-08, 6.977708475826583e-08, 4.116341166725856e-11, 4.1163419264033395e-11, 1.370086857491108e-12, 2.6776705363758954e-05, 1.750417036316292e-08, 1.750417036714786e-08, 1.1694201209400493e-11, 6.977708477412611e-08, 4.116341580868002e-11, 4.1163420257081666e-11, 1.370090121727178e-12, 2.677670536376319e-05, 1.75041703616116e-08, 1.750417036783783e-08, 1.1694196547582204e-11, 4.1163432175095344e-11, 1.3700863786216385e-12, 1.370097780580488e-12, -9.134862750626454e-13, 1.7504170361468756e-08, 1.1694193698046732e-11, 1.1694193127904005e-11, 7.208634764875622e-15], [6.977490080982539e-08, 2.677670536372897e-05, 4.1163431069112775e-11, 1.750460779244287e-08, 2.677670536374064e-05, 0.020549252857346312, 1.7504607769783364e-08, 6.7174659525369255e-06, 4.11634378142054e-11, 1.7504607782167913e-08, 1.15813713898144e-12, 1.1088861146200736e-11, 1.7504607739812626e-08, 6.717465952550359e-06, 1.1088879929580475e-11, 4.3934946266080285e-09, 4.116342605414048e-11, 1.750460778805491e-08, 1.1581792083577089e-12, 1.1088844183089426e-11, 1.7504607776959983e-08, 6.717465952573028e-06, 1.1088870482840356e-11, 4.39349462991555e-09, 1.1581725370192767e-12, 1.1088864037700567e-11, -6.189162716184512e-12, 7.680358336743267e-13, 1.1088854367055293e-11, 4.393494615404485e-09, 7.68035009125088e-13, 2.867660241247251e-12], [6.97749008104505e-08, 4.116339531224377e-11, 2.6776705363743196e-05, 1.7504607785938056e-08, 2.677670536374912e-05, 1.7504607769783364e-08, 0.020549252857346285, 6.717465952577822e-06, 4.1163430186431866e-11, 1.1581708077267306e-12, 1.7504607773898075e-08, 1.1088835038410402e-11, 1.750460777695686e-08, 1.1088854999325653e-11, 6.7174659525692474e-06, 4.393494595659452e-09, 4.116344623405884e-11, 1.1581602204661107e-12, 1.7504607806900428e-08, 1.1088857118790127e-11, 1.7504607776337874e-08, 1.1088860261275882e-11, 6.717465952538966e-06, 4.393494626248123e-09, 1.1581985128065807e-12, -6.1891461954156705e-12, 1.1088859645023605e-11, 7.680430134732035e-13, 1.1088872302538201e-11, 7.680381061258632e-13, 4.3934946385981504e-09, 2.8676712953306175e-12], [4.66867746557332e-11, 1.7504170378929235e-08, 1.7504170378257545e-08, 6.717465952561312e-06, 1.7504170364982054e-08, 6.7174659525369255e-06, 6.717465952577822e-06, 0.005153983870972331, 1.3700675988886809e-12, 1.1088874569424373e-11, 1.1088845704616918e-11, 4.395411468548466e-09, 1.108888410501231e-11, 4.395411487948427e-09, 4.3954114162388635e-09, 1.6773442903516804e-06, 1.3700874639667607e-12, 1.1088857766401846e-11, 1.1088848268445686e-11, 4.395411446698027e-09, 1.1088841404417895e-11, 4.395411427501007e-09, 4.395411447366235e-09, 1.677344290350721e-06, -6.189143326117359e-12, -2.3062335927670786e-12, -2.3062084156540874e-12, 3.269117833755359e-12, -2.3062421587466014e-12, 3.2691454716700373e-12, 3.269145943020708e-12, 1.086713542377164e-09], [0.0001067355258799227, 6.9777084703492e-08, 6.977708476717924e-08, 4.116344264131847e-11, 6.977708475826583e-08, 4.11634378142054e-11, 4.1163430186431866e-11, 1.3700675988886809e-12, 0.08191689365325582, 2.677670536375463e-05, 2.6776705363723053e-05, 1.75041703522646e-08, 2.677670536370802e-05, 1.7504170364613005e-08, 1.7504170374871478e-08, 1.1694177746316193e-11, 6.977708477812448e-08, 4.1163427930626615e-11, 4.116342531190142e-11, 1.3700842662757568e-12, 4.1163420110727715e-11, 1.3700915445645026e-12, 1.3700907897837717e-12, -9.13471965532084e-13, 2.6776705363733364e-05, 1.750417037422591e-08, 1.7504170374747606e-08, 1.169420984079072e-11, 1.7504170383301696e-08, 1.1694187020540252e-11, 1.1694178190257677e-11, 7.210190342760663e-15], [6.977490081018176e-08, 2.677670536376295e-05, 4.1163433714526265e-11, 1.750460778994627e-08, 4.116341166725856e-11, 1.7504607782167913e-08, 1.1581708077267306e-12, 1.1088874569424373e-11, 2.677670536375463e-05, 0.020549252857346233, 1.7504607774375233e-08, 6.7174659525807595e-06, 1.7504607785577548e-08, 6.717465952564968e-06, 1.1088822139783395e-11, 4.393494606722812e-09, 4.116339774116526e-11, 1.750460778076421e-08, 1.1581665877623533e-12, 1.1088833112325977e-11, 1.1581856381857184e-12, 1.1088890573399813e-11, -6.189124202347479e-12, 7.680433233204714e-13, 1.7504607785301968e-08, 6.7174659525393235e-06, 1.1088867117983195e-11, 4.3934946185939e-09, 1.1088851588568025e-11, 4.393494627760065e-09, 7.680489411965787e-13, 2.8676707908340465e-12], [6.977490081088589e-08, 4.116343083971248e-11, 2.677670536375943e-05, 1.7504607776090908e-08, 4.1163419264033395e-11, 1.15813713898144e-12, 1.7504607773898075e-08, 1.1088845704616918e-11, 2.6776705363723053e-05, 1.7504607774375233e-08, 0.020549252857346323, 6.717465952557112e-06, 1.750460780835133e-08, 1.1088879307779945e-11, 6.717465952553615e-06, 4.393494631679567e-09, 4.1163423027099725e-11, 1.1581449473281295e-12, 1.7504607780469962e-08, 1.1088861478866123e-11, 1.158187024257635e-12, -6.189161038358869e-12, 1.1088869485184955e-11, 7.680466438545087e-13, 1.75046077865579e-08, 1.1088846342641793e-11, 6.717465952586618e-06, 4.393494625943539e-09, 1.1088833737745345e-11, 7.680435736041418e-13, 4.393494595337818e-09, 2.8676727349675187e-12], [4.6686775451271455e-11, 1.750417036991107e-08, 1.7504170355477477e-08, 6.717465952550639e-06, 1.370086857491108e-12, 1.1088861146200736e-11, 1.1088835038410402e-11, 4.395411468548466e-09, 1.75041703522646e-08, 6.7174659525807595e-06, 6.717465952557112e-06, 0.005153983870972315, 1.1088851452550838e-11, 4.395411433043481e-09, 4.3954114521311e-09, 1.6773442903557784e-06, 1.37010867666792e-12, 1.1088836057242802e-11, 1.1088888713272737e-11, 4.395411431318593e-09, -6.1891308809572255e-12, -2.306243800275397e-12, -2.3062156427892543e-12, 3.2691245171696433e-12, 1.1088856782916022e-11, 4.395411437347473e-09, 4.3954115096699534e-09, 1.6773442903633589e-06, -2.3062500746760645e-12, 3.2691457344893938e-12, 3.2691281879920174e-12, 1.0867135425205867e-09], [6.977490081039428e-08, 4.116342504619901e-11, 4.11634419912931e-11, 1.1581091101018436e-12, 2.6776705363758954e-05, 1.7504607739812626e-08, 1.750460777695686e-08, 1.108888410501231e-11, 2.677670536370802e-05, 1.7504607785577548e-08, 1.750460780835133e-08, 1.1088851452550838e-11, 0.020549252857346344, 6.717465952530309e-06, 6.717465952578201e-06, 4.393494627718038e-09, 4.1163418352414935e-11, 1.158188377073437e-12, 1.1581671406750842e-12, -6.189131666705895e-12, 1.750460775593882e-08, 1.1088849712770068e-11, 1.1088827133817495e-11, 7.680412196537321e-13, 1.7504607777599546e-08, 1.1088869398324658e-11, 1.1088843127961206e-11, 7.680316737938242e-13, 6.717465952573366e-06, 4.393494618924845e-09, 4.3934946216318174e-09, 2.867670196255973e-12], [4.668677598868634e-11, 1.7504170362561968e-08, 1.3700947970249684e-12, 1.1088858834676501e-11, 1.750417036316292e-08, 6.717465952550359e-06, 1.1088854999325653e-11, 4.395411487948427e-09, 1.7504170364613005e-08, 6.717465952564968e-06, 1.1088879307779945e-11, 4.395411433043481e-09, 6.717465952530309e-06, 0.005153983870972277, 4.395411483578945e-09, 1.6773442903411308e-06, 1.37008742892625e-12, 1.1088869097040064e-11, -6.189180246256601e-12, -2.306214418518277e-12, 1.1088888306886886e-11, 4.395411485001034e-09, -2.306267829633741e-12, 3.269131151227608e-12, 1.108885559890569e-11, 4.39541149273454e-09, -2.306259478154842e-12, 3.269121819924069e-12, 4.395411420290584e-09, 1.6773442903662822e-06, 3.2691508773800225e-12, 1.0867135414523605e-09], [4.668677441036065e-11, 1.3700873979335338e-12, 1.7504170361187862e-08, 1.1088856500045813e-11, 1.750417036714786e-08, 1.1088879929580475e-11, 6.7174659525692474e-06, 4.3954114162388635e-09, 1.7504170374871478e-08, 1.1088822139783395e-11, 6.717465952553615e-06, 4.3954114521311e-09, 6.717465952578201e-06, 4.395411483578945e-09, 0.005153983870972304, 1.677344290338908e-06, 1.370087438554501e-12, -6.189118460872479e-12, 1.1088857573092369e-11, -2.3061697808096004e-12, 1.1088803599077495e-11, -2.3062647092122234e-12, 4.395411480295746e-09, 3.269158757976406e-12, 1.1088881822506654e-11, -2.306273961135591e-12, 4.3954114615788745e-09, 3.269127660904419e-12, 4.395411434600973e-09, 3.2691329037825474e-12, 1.677344290356243e-06, 1.0867135423764125e-09], [-7.254836213597697e-13, 1.169419199730891e-11, 1.1694188143809603e-11, 4.393494617474394e-09, 1.1694201209400493e-11, 4.3934946266080285e-09, 4.393494595659452e-09, 1.6773442903516804e-06, 1.1694177746316193e-11, 4.393494606722812e-09, 4.393494631679567e-09, 1.6773442903557784e-06, 4.393494627718038e-09, 1.6773442903411308e-06, 1.677344290338908e-06, 0.0013098038186046348, -9.134747242985275e-13, 7.680640535322187e-13, 7.680438129785471e-13, 3.2691362254470707e-12, 7.680507260224827e-13, 3.269136384404234e-12, 3.2691498210933313e-12, 9.203969919382857e-10, 7.680224428840696e-13, 3.2691369679175057e-12, 3.269134007205776e-12, 9.203969946595705e-10, 3.2691442529795518e-12, 9.203969529856093e-10, 9.203969852337314e-10, 4.770076635194986e-07], [0.00010673552587992492, 6.977708471139472e-08, 6.977708474407068e-08, 4.116342511186532e-11, 6.977708477412611e-08, 4.116342605414048e-11, 4.116344623405884e-11, 1.3700874639667607e-12, 6.977708477812448e-08, 4.116339774116526e-11, 4.1163423027099725e-11, 1.37010867666792e-12, 4.1163418352414935e-11, 1.37008742892625e-12, 1.370087438554501e-12, -9.134747242985275e-13, 0.08191689365325586, 2.6776705363742877e-05, 2.6776705363738564e-05, 1.750417035451978e-08, 2.67767053637472e-05, 1.750417035123815e-08, 1.7504170365001843e-08, 1.169418795455851e-11, 2.6776705363724016e-05, 1.7504170368638778e-08, 1.7504170376994973e-08, 1.169418157871025e-11, 1.7504170364473784e-08, 1.1694193258836886e-11, 1.1694195191524647e-11, 7.209511664551934e-15], [6.977490081133046e-08, 2.6776705363745913e-05, 4.1163431470135235e-11, 1.7504607798670722e-08, 4.116341580868002e-11, 1.750460778805491e-08, 1.1581602204661107e-12, 1.1088857766401846e-11, 4.1163427930626615e-11, 1.750460778076421e-08, 1.1581449473281295e-12, 1.1088836057242802e-11, 1.158188377073437e-12, 1.1088869097040064e-11, -6.189118460872479e-12, 7.680640535322187e-13, 2.6776705363742877e-05, 0.02054925285734631, 1.7504607782758788e-08, 6.717465952580702e-06, 1.7504607771815416e-08, 6.717465952549019e-06, 1.108882525731647e-11, 4.39349459998643e-09, 1.7504607726235233e-08, 6.717465952559853e-06, 1.108887028556979e-11, 4.393494619435457e-09, 1.1088846353251699e-11, 4.393494619642928e-09, 7.680403037913453e-13, 2.8676725869713317e-12], [6.977490081021799e-08, 4.116342996863873e-11, 2.6776705363739604e-05, 1.7504607781367897e-08, 4.1163420257081666e-11, 1.1581792083577089e-12, 1.7504607806900428e-08, 1.1088848268445686e-11, 4.116342531190142e-11, 1.1581665877623533e-12, 1.7504607780469962e-08, 1.1088888713272737e-11, 1.1581671406750842e-12, -6.189180246256601e-12, 1.1088857573092369e-11, 7.680438129785471e-13, 2.6776705363738564e-05, 1.7504607782758788e-08, 0.020549252857346312, 6.717465952536906e-06, 1.7504607754762952e-08, 1.1088879409122028e-11, 6.717465952569208e-06, 4.3934946220883384e-09, 1.750460777284234e-08, 1.108887144257663e-11, 6.717465952547959e-06, 4.393494625578022e-09, 1.1088858214520096e-11, 7.680315317749631e-13, 4.393494618965311e-09, 2.8676714452766097e-12], [4.668677490186176e-11, 1.750417037398436e-08, 1.7504170373221236e-08, 6.7174659525783835e-06, 1.370090121727178e-12, 1.1088844183089426e-11, 1.1088857118790127e-11, 4.395411446698027e-09, 1.3700842662757568e-12, 1.1088833112325977e-11, 1.1088861478866123e-11, 4.395411431318593e-09, -6.189131666705895e-12, -2.306214418518277e-12, -2.3061697808096004e-12, 3.2691362254470707e-12, 1.750417035451978e-08, 6.717465952580702e-06, 6.717465952536906e-06, 0.005153983870972298, 1.1088840449005705e-11, 4.395411453552506e-09, 4.395411431460866e-09, 1.6773442903534446e-06, 1.1088871421249605e-11, 4.395411461117231e-09, 4.395411435219247e-09, 1.677344290357692e-06, -2.3062307670088476e-12, 3.269128339756558e-12, 3.2691347625717516e-12, 1.086713541318737e-09], [6.977490080866794e-08, 4.1163400564976057e-11, 4.116342155546397e-11, 1.1581636787272646e-12, 2.677670536376319e-05, 1.7504607776959983e-08, 1.7504607776337874e-08, 1.1088841404417895e-11, 4.1163420110727715e-11, 1.1581856381857184e-12, 1.158187024257635e-12, -6.1891308809572255e-12, 1.750460775593882e-08, 1.1088888306886886e-11, 1.1088803599077495e-11, 7.680507260224827e-13, 2.67767053637472e-05, 1.7504607771815416e-08, 1.7504607754762952e-08, 1.1088840449005705e-11, 0.02054925285734632, 6.7174659525579124e-06, 6.717465952610505e-06, 4.393494613834394e-09, 1.750460779303675e-08, 1.108883695220583e-11, 1.1088884847854175e-11, 7.680285695966152e-13, 6.717465952548581e-06, 4.393494627415493e-09, 4.393494619979485e-09, 2.867673975475227e-12], [4.6686775210419544e-11, 1.7504170362633255e-08, 1.3701069072563502e-12, 1.108883429870394e-11, 1.75041703616116e-08, 6.717465952573028e-06, 1.1088860261275882e-11, 4.395411427501007e-09, 1.3700915445645026e-12, 1.1088890573399813e-11, -6.189161038358869e-12, -2.306243800275397e-12, 1.1088849712770068e-11, 4.395411485001034e-09, -2.3062647092122234e-12, 3.269136384404234e-12, 1.750417035123815e-08, 6.717465952549019e-06, 1.1088879409122028e-11, 4.395411453552506e-09, 6.7174659525579124e-06, 0.005153983870972354, 4.395411454627468e-09, 1.677344290341301e-06, 1.1088849539677515e-11, 4.395411455947027e-09, -2.306259091387405e-12, 3.2691517319802814e-12, 4.39541149071598e-09, 1.6773442903435351e-06, 3.269136456399914e-12, 1.0867135421033583e-09], [4.6686775240299356e-11, 1.3700951936746682e-12, 1.7504170358400637e-08, 1.1088857005309344e-11, 1.750417036783783e-08, 1.1088870482840356e-11, 6.717465952538966e-06, 4.395411447366235e-09, 1.3700907897837717e-12, -6.189124202347479e-12, 1.1088869485184955e-11, -2.3062156427892543e-12, 1.1088827133817495e-11, -2.306267829633741e-12, 4.395411480295746e-09, 3.2691498210933313e-12, 1.7504170365001843e-08, 1.108882525731647e-11, 6.717465952569208e-06, 4.395411431460866e-09, 6.717465952610505e-06, 4.395411454627468e-09, 0.005153983870972299, 1.6773442903639433e-06, 1.1088846237106326e-11, -2.306215676871137e-12, 4.395411455844691e-09, 3.2691382411410008e-12, 4.395411476300262e-09, 3.2691250064677306e-12, 1.6773442903387077e-06, 1.0867135412624963e-09], [-7.254830173239126e-13, 1.1694189490704616e-11, 1.1694184497157225e-11, 4.393494622569903e-09, 1.1694196547582204e-11, 4.39349462991555e-09, 4.393494626248123e-09, 1.677344290350721e-06, -9.13471965532084e-13, 7.680433233204714e-13, 7.680466438545087e-13, 3.2691245171696433e-12, 7.680412196537321e-13, 3.269131151227608e-12, 3.269158757976406e-12, 9.203969919382857e-10, 1.169418795455851e-11, 4.39349459998643e-09, 4.3934946220883384e-09, 1.6773442903534446e-06, 4.393494613834394e-09, 1.677344290341301e-06, 1.6773442903639433e-06, 0.0013098038186045242, 7.680377620930563e-13, 3.2691312530040216e-12, 3.269138422923845e-12, 9.203969742188879e-10, 3.269149364442443e-12, 9.203970222135933e-10, 9.203970307530342e-10, 4.770076635203194e-07], [6.977490081090634e-08, 4.116343340349241e-11, 4.1163425608793314e-11, 1.1581675135058412e-12, 4.1163432175095344e-11, 1.1581725370192767e-12, 1.1581985128065807e-12, -6.189143326117359e-12, 2.6776705363733364e-05, 1.7504607785301968e-08, 1.75046077865579e-08, 1.1088856782916022e-11, 1.7504607777599546e-08, 1.108885559890569e-11, 1.1088881822506654e-11, 7.680224428840696e-13, 2.6776705363724016e-05, 1.7504607726235233e-08, 1.750460777284234e-08, 1.1088871421249605e-11, 1.750460779303675e-08, 1.1088849539677515e-11, 1.1088846237106326e-11, 7.680377620930563e-13, 0.020549252857346302, 6.717465952573084e-06, 6.717465952527769e-06, 4.393494629903058e-09, 6.717465952572888e-06, 4.393494617918177e-09, 4.393494633517535e-09, 2.8676733235970422e-12], [4.668677557493552e-11, 1.7504170357771616e-08, 1.370087035970784e-12, 1.1088867945320358e-11, 1.3700863786216385e-12, 1.1088864037700567e-11, -6.1891461954156705e-12, -2.3062335927670786e-12, 1.750417037422591e-08, 6.7174659525393235e-06, 1.1088846342641793e-11, 4.395411437347473e-09, 1.1088869398324658e-11, 4.39541149273454e-09, -2.306273961135591e-12, 3.2691369679175057e-12, 1.7504170368638778e-08, 6.717465952559853e-06, 1.108887144257663e-11, 4.395411461117231e-09, 1.108883695220583e-11, 4.395411455947027e-09, -2.306215676871137e-12, 3.2691312530040216e-12, 6.717465952573084e-06, 0.005153983870972316, 4.395411446264082e-09, 1.6773442903677812e-06, 4.3954114729226516e-09, 1.6773442903550785e-06, 3.2691217505376604e-12, 1.0867135420490504e-09], [4.6686774770282995e-11, 1.3700713337611382e-12, 1.7504170357813862e-08, 1.108884032743713e-11, 1.370097780580488e-12, -6.189162716184512e-12, 1.1088859645023605e-11, -2.3062084156540874e-12, 1.7504170374747606e-08, 1.1088867117983195e-11, 6.717465952586618e-06, 4.3954115096699534e-09, 1.1088843127961206e-11, -2.306259478154842e-12, 4.3954114615788745e-09, 3.269134007205776e-12, 1.7504170376994973e-08, 1.108887028556979e-11, 6.717465952547959e-06, 4.395411435219247e-09, 1.1088884847854175e-11, -2.306259091387405e-12, 4.395411455844691e-09, 3.269138422923845e-12, 6.717465952527769e-06, 4.395411446264082e-09, 0.0051539838709722665, 1.6773442903465082e-06, 4.395411448275214e-09, 3.2691404977433166e-12, 1.6773442903607803e-06, 1.0867135426372178e-09], [-7.254837668543333e-13, 1.1694187005899254e-11, 1.1694191159916953e-11, 4.3934946281430325e-09, -9.134862750626454e-13, 7.680358336743267e-13, 7.680430134732035e-13, 3.269117833755359e-12, 1.169420984079072e-11, 4.3934946185939e-09, 4.393494625943539e-09, 1.6773442903633589e-06, 7.680316737938242e-13, 3.269121819924069e-12, 3.269127660904419e-12, 9.203969946595705e-10, 1.169418157871025e-11, 4.393494619435457e-09, 4.393494625578022e-09, 1.677344290357692e-06, 7.680285695966152e-13, 3.2691517319802814e-12, 3.2691382411410008e-12, 9.203969742188879e-10, 4.393494629903058e-09, 1.6773442903677812e-06, 1.6773442903465082e-06, 0.001309803818604481, 3.2691360107611384e-12, 9.203969682630086e-10, 9.2039702436201e-10, 4.770076635212526e-07], [4.668677497776353e-11, 1.3700801060396072e-12, 1.3700858910070436e-12, -6.189140271414072e-12, 1.7504170361468756e-08, 1.1088854367055293e-11, 1.1088872302538201e-11, -2.3062421587466014e-12, 1.7504170383301696e-08, 1.1088851588568025e-11, 1.1088833737745345e-11, -2.3062500746760645e-12, 6.717465952573366e-06, 4.395411420290584e-09, 4.395411434600973e-09, 3.2691442529795518e-12, 1.7504170364473784e-08, 1.1088846353251699e-11, 1.1088858214520096e-11, -2.3062307670088476e-12, 6.717465952548581e-06, 4.39541149071598e-09, 4.395411476300262e-09, 3.269149364442443e-12, 6.717465952572888e-06, 4.3954114729226516e-09, 4.395411448275214e-09, 3.2691360107611384e-12, 0.005153983870972323, 1.6773442903371337e-06, 1.677344290352225e-06, 1.0867135418357064e-09], [-7.254835817192183e-13, 1.1694180012257884e-11, -9.13471886778092e-13, 7.680447298476967e-13, 1.1694193698046732e-11, 4.393494615404485e-09, 7.680381061258632e-13, 3.2691454716700373e-12, 1.1694187020540252e-11, 4.393494627760065e-09, 7.680435736041418e-13, 3.2691457344893938e-12, 4.393494618924845e-09, 1.6773442903662822e-06, 3.2691329037825474e-12, 9.203969529856093e-10, 1.1694193258836886e-11, 4.393494619642928e-09, 7.680315317749631e-13, 3.269128339756558e-12, 4.393494627415493e-09, 1.6773442903435351e-06, 3.2691250064677306e-12, 9.203970222135933e-10, 4.393494617918177e-09, 1.6773442903550785e-06, 3.2691404977433166e-12, 9.203969682630086e-10, 1.6773442903371337e-06, 0.001309803818604553, 9.203969304483367e-10, 4.770076635199747e-07], [-7.254834950838746e-13, -9.134727559450829e-13, 1.1694185270268715e-11, 7.680342424046508e-13, 1.1694193127904005e-11, 7.68035009125088e-13, 4.3934946385981504e-09, 3.269145943020708e-12, 1.1694178190257677e-11, 7.680489411965787e-13, 4.393494595337818e-09, 3.2691281879920174e-12, 4.3934946216318174e-09, 3.2691508773800225e-12, 1.677344290356243e-06, 9.203969852337314e-10, 1.1694195191524647e-11, 7.680403037913453e-13, 4.393494618965311e-09, 3.2691347625717516e-12, 4.393494619979485e-09, 3.269136456399914e-12, 1.6773442903387077e-06, 9.203970307530342e-10, 4.393494633517535e-09, 3.2691217505376604e-12, 1.6773442903607803e-06, 9.2039702436201e-10, 1.677344290352225e-06, 9.203969304483367e-10, 0.00130980381860462, 4.770076635227556e-07], [-1.1980814584490152e-14, 7.208994350781685e-15, 7.209193156449495e-15, 2.8676709274923773e-12, 7.208634764875622e-15, 2.867660241247251e-12, 2.8676712953306175e-12, 1.086713542377164e-09, 7.210190342760663e-15, 2.8676707908340465e-12, 2.8676727349675187e-12, 1.0867135425205867e-09, 2.867670196255973e-12, 1.0867135414523605e-09, 1.0867135423764125e-09, 4.770076635194986e-07, 7.209511664551934e-15, 2.8676725869713317e-12, 2.8676714452766097e-12, 1.086713541318737e-09, 2.867673975475227e-12, 1.0867135421033583e-09, 1.0867135412624963e-09, 4.770076635203194e-07, 2.8676733235970422e-12, 1.0867135420490504e-09, 1.0867135426372178e-09, 4.770076635212526e-07, 1.0867135418357064e-09, 4.770076635199747e-07, 4.770076635227556e-07, 0.00021658683834651366]], [[0.2610439125534227, 8.532652444205821e-05, 8.532652444205742e-05, 5.577908112788138e-08, 8.532652444205795e-05, 5.577908112775338e-08, 5.577908112822998e-08, 3.5870898981449715e-11, 8.532652444205877e-05, 5.5779081129133014e-08, 5.5779081128814635e-08, 3.587089923743177e-11, 5.5779081127819405e-08, 3.5870899112681396e-11, 3.5870899604119983e-11, 8.995774323756526e-14, 8.53265244420569e-05, 5.5779081128421135e-08, 5.5779081128699386e-08, 3.5870899005478246e-11, 5.577908112847999e-08, 3.5870899227483234e-11, 3.5870899158480526e-11, 8.995796856642187e-14, 5.577908112874419e-08, 3.587089915808781e-11, 3.587089926651172e-11, 8.995784267330956e-14, 3.5870899189816525e-11, 8.995781910600314e-14, 8.99580358690251e-14, 1.7968532386066064e-15, 8.53265244420561e-05, 5.577908112840705e-08, 5.577908112855981e-08, 3.5870899389375586e-11, 5.577908112915737e-08, 3.587089974927099e-11, 3.58708999545269e-11, 8.995796109808604e-14, 5.5779081128297025e-08, 3.5870898539485776e-11, 3.5870898974755375e-11, 8.995779318201572e-14, 3.58708985203895e-11, 8.995773064083158e-14, 8.995778457131114e-14, 1.7968530381838997e-15, 5.5779081128305496e-08, 3.5870899705262394e-11, 3.587089880501109e-11, 8.995791151057079e-14, 3.587089922450461e-11, 8.995779766305785e-14, 8.995756979952781e-14, 1.796853899823036e-15, 3.587089842613342e-11, 8.995804577443685e-14, 8.995788812700733e-14, 1.7968515320964276e-15, 8.995814818287422e-14, 1.7968523776727893e-15, 1.7968522237914966e-15, 1.1999269335018918e-17], [8.532652444205821e-05, 0.06548969269644418, 5.5779077959929384e-08, 2.1405835913801878e-05, 5.5779077946905405e-08, 2.1405835913778872e-05, 3.567584600584387e-11, 1.3995057251684235e-08, 5.577907797134782e-08, 2.140583591377281e-05, 3.5675837341093393e-11, 1.3995057254279847e-08, 3.567582069029934e-11, 1.3995057256436046e-08, -1.1326260803365658e-12, 9.141746460013944e-12, 5.5779077956296896e-08, 2.1405835913790545e-05, 3.5675845052395267e-11, 1.399505725361022e-08, 3.5675833866109366e-11, 1.3995057252909753e-08, -1.1326237653040173e-12, 9.141753361567707e-12, 3.567582202217212e-11, 1.3995057258868921e-08, -1.1326274471509674e-12, 9.141744319295533e-12, -1.1326271639300204e-12, 9.141745146719684e-12, -7.401702458955035e-15, 5.112880789445142e-15, 5.5779077967367134e-08, 2.140583591379348e-05, 3.567584841977326e-11, 1.3995057259772712e-08, 3.5675823031928886e-11, 1.3995057261708882e-08, -1.1326244202770849e-12, 9.141748521229398e-12, 3.567582253912721e-11, 1.3995057254712162e-08, -1.1326226655572436e-12, 9.14175425311869e-12, -1.132621459987675e-12, 9.141748899670577e-12, -7.410314204223601e-15, 5.107328875611666e-15, 3.567583360881543e-11, 1.399505725651131e-08, -1.1326245800109118e-12, 9.141746323365991e-12, -1.1326284670307981e-12, 9.141747486953237e-12, -7.410011492734233e-15, 5.112587991530179e-15, -1.1326225374400982e-12, 9.141747243260291e-12, -7.405697349058094e-15, 5.108605876592279e-15, -7.40319489125182e-15, 5.113111267839921e-15, 3.045948944000305e-15, 3.597881782381762e-18], [8.532652444205742e-05, 5.5779077959929384e-08, 0.06548969269644417, 2.1405835913806208e-05, 5.5779077945143054e-08, 3.567584523322825e-11, 2.1405835913787207e-05, 1.3995057256153936e-08, 5.5779077972860136e-08, 3.567585388711884e-11, 2.140583591378914e-05, 1.3995057256464107e-08, 3.56758314207991e-11, -1.1326238270398816e-12, 1.3995057252989806e-08, 9.141750596687455e-12, 5.577907797675708e-08, 3.567584462929938e-11, 2.140583591379754e-05, 1.3995057252006356e-08, 3.567583847405547e-11, -1.1326220428658722e-12, 1.3995057254060072e-08, 9.14174381429254e-12, 3.5675842407667134e-11, -1.1326289409602629e-12, 1.3995057253721843e-08, 9.141746682958369e-12, -1.1326279180037122e-12, -7.401859159404536e-15, 9.141748500875718e-12, 5.114303820714295e-15, 5.577907797624014e-08, 3.567584035567067e-11, 2.1405835913776873e-05, 1.3995057252078725e-08, 3.5675831716542935e-11, -1.132625675894263e-12, 1.3995057247361871e-08, 9.141750544349422e-12, 3.5675827414160765e-11, -1.132622375264136e-12, 1.3995057259801521e-08, 9.14174489511366e-12, -1.132625145096001e-12, -7.403756404400852e-15, 9.141754569541344e-12, 5.114229689564304e-15, 3.567583200583662e-11, -1.1326258216440685e-12, 1.3995057259899085e-08, 9.141745212783685e-12, -1.132624022388775e-12, -7.399708110813476e-15, 9.141752015598282e-12, 5.110630076446914e-15, -1.132619551635254e-12, -7.405107032782785e-15, 9.14174594684021e-12, 5.112307333728883e-15, -7.407211029643197e-15, 3.0421642230357554e-15, 5.110663984483075e-15, 4.0689073654862004e-18], [5.577908112788138e-08, 2.1405835913801878e-05, 2.1405835913806208e-05, 0.016431145804883453, 3.5675829224039396e-11, 1.3992727683043041e-08, 1.3990061303146136e-08, 5.370068488020324e-06, 3.567582457845864e-11, 1.3995914698068547e-08, 1.3995476665192303e-08, 5.370066117748115e-06, -1.7677396085057707e-12, 9.732385348410444e-12, 1.1008416130617704e-11, 3.509992054404816e-09, 3.567583247370356e-11, 1.3992851402196412e-08, 1.3996387927293522e-08, 5.370066189904457e-06, 1.349199945363146e-13, 1.2101544045939547e-11, 9.515674069207994e-12, 3.5109373333333445e-09, -4.575061515864041e-12, 9.020869655820162e-12, 8.378264208263697e-12, 3.511861916178979e-09, -2.3960655108038792e-12, -5.430181831123302e-13, -1.5566619463954168e-13, 2.2870456510702804e-12, 3.567582442220373e-11, 1.3991896037968494e-08, 1.39914638472811e-08, 5.370064366198556e-06, 2.665845447259363e-12, 8.378269814053698e-12, 9.0208667932122e-12, 3.5098562237164532e-09, -1.2265007784638856e-12, 9.515683244702854e-12, 1.2101525314133425e-11, 3.5110895760843093e-09, -5.723752357790374e-13, 7.298745151664487e-13, 4.2489297038764996e-13, 2.2870441975976477e-12, -9.771335612794972e-13, 1.1008430713735234e-11, 9.732383781323299e-12, 3.509925865325624e-09, -6.445205581023539e-13, 9.937545784033604e-13, 3.794411368024986e-13, 2.2870467945708055e-12, 1.7257439984850332e-12, -6.583265748348867e-13, -1.2640536083504518e-13, 2.287044206404893e-12, -1.031070838788278e-12, -2.746615490587945e-15, -2.7467501406943292e-15, 1.4837918423462053e-15], [8.532652444205795e-05, 5.5779077946905405e-08, 5.5779077945143054e-08, 3.5675829224039396e-11, 0.06548969269644421, 2.1405835913771876e-05, 2.1405835913779476e-05, 1.3995057252666708e-08, 5.577907796110731e-08, 3.567583379469071e-11, 3.5675840359366985e-11, -1.132631333275964e-12, 2.1405835913782545e-05, 1.399505725574952e-08, 1.3995057259441965e-08, 9.141745545762037e-12, 5.5779077958459384e-08, 3.5675839215831405e-11, 3.567584565690997e-11, -1.132622425832924e-12, 2.140583591378087e-05, 1.399505725401997e-08, 1.3995057256304921e-08, 9.141746973540404e-12, 3.5675847846173364e-11, -1.1326223555390189e-12, -1.1326244489119633e-12, -7.396664748156862e-15, 1.3995057250236863e-08, 9.141747402247392e-12, 9.141743675594557e-12, 5.108273190562832e-15, 5.5779077948857306e-08, 3.5675835624057275e-11, 3.567583970277125e-11, -1.1326262046440327e-12, 2.1405835913782945e-05, 1.3995057256849547e-08, 1.3995057260997351e-08, 9.141743969015511e-12, 3.567584066871831e-11, -1.132625592346352e-12, -1.1326280486738302e-12, -7.402888121321725e-15, 1.3995057259162914e-08, 9.141754103755301e-12, 9.141747879069293e-12, 5.1065548601655985e-15, 3.567584227633756e-11, -1.1326214419407354e-12, -1.1326208605370028e-12, -7.403261809461208e-15, 1.3995057260895623e-08, 9.141746785712901e-12, 9.141745765650441e-12, 5.111673082580978e-15, -1.1326265334578269e-12, -7.405226506003656e-15, -7.404241983088137e-15, 3.0458102315010813e-15, 9.141748034564717e-12, 5.112831312508729e-15, 5.110504837606209e-15, 3.8538813440636305e-18], [5.577908112775338e-08, 2.1405835913778872e-05, 3.567584523322825e-11, 1.3992727683043041e-08, 2.1405835913771876e-05, 0.016431145804053707, 1.399552084495487e-08, 5.370068326935492e-06, 3.5675822964575e-11, 1.3993130841481158e-08, -2.4505923415807357e-12, 1.3170043326942167e-11, 1.3993266419838341e-08, 5.37006941703748e-06, 7.363144668633958e-12, 3.5123210341362773e-09, 