{"r1": 0.8655555555555555, "r2": 0.8655555555555555, "theta": 107.44, "sequence": [[[0.2051171122526647, 0.10402440443960637], [0.10402440443960637, 0.05240184982694066]], [[0.06649657535187437, 0.042468863275257604, 0.04246886327525756, 0.004087247419861525], [0.042468863275257604, 0.06046620432518523, -0.002245107966166102, -0.0002219920723064225], [0.04246886327525756, -0.002245107966166102, 0.0604662043251853, -0.00022199207230640914], [0.004087247419861525, -0.0002219920723064225, -0.00022199207230640914, 0.00447514800561661]], [[0.018265658327980685, 0.012657878344198998, 0.012657878344199024, 0.0037870109231807458, 0.012657878344198977, 0.0037870109231807714, 0.003787010923180809, -0.0018000270660311693], [0.012657878344198998, 0.017344234164928182, 0.005036620525625803, 0.004817742121809098, 0.00503662080199337, 0.004817742446779127, -0.001378495533120992, -0.0013944839168686847], [0.012657878344199024, 0.005036620525625803, 0.017344234667213333, 0.004817742317868772, 0.005036620299708133, -0.001378495729180811, 0.0048177424467793295, -0.0013944839168687222], [0.0037870109231807458, 0.004817742121809098, 0.004817742317868772, 0.0027568000340086585, -0.0013784954042105565, -0.00045429344242767304, -0.0004542936275729831, 9.011722354960362e-05], [0.012657878344198977, 0.00503662080199337, 0.005036620299708133, -0.0013784954042105565, 0.01734423439084598, 0.004817742317868943, 0.004817742121809024, -0.0013944839168684446], [0.0037870109231807714, 0.004817742446779127, -0.001378495729180811, -0.00045429344242767304, 0.004817742317868943, 0.0027567997948525352, -0.00045429338841681676, 9.011722354984871e-05], [0.003787010923180809, -0.001378495533120992, 0.0048177424467793295, -0.0004542936275729831, 0.004817742121809024, -0.00045429338841681676, 0.002756799979997695, 9.011722354980609e-05], [-0.0018000270660311693, -0.0013944839168686847, -0.0013944839168687222, 9.011722354960362e-05, -0.0013944839168684446, 9.011722354984871e-05, 9.011722354980609e-05, -7.45720439797711e-06]], [[0.005316347161330906, 0.004303166398500793, 0.004303166398500785, 0.0015515226586828245, 0.004303166398500769, 0.0015515226586828596, 0.0015515226586828596, -0.0002488107778163347, 0.004303166398500793, 0.0015515226586828702, 0.0015515226586828889, -0.00024881077781632645, 0.0015515226586828973, -0.0002488107778163368, -0.00024881077781634093, -0.0009937792516245155], [0.004303166398500793, 0.00692849482461692, 0.0026413395726808415, 0.002848098055448871, 0.002641339572680879, 0.002848098055448784, 6.744680478597001e-05, -7.023089217138034e-05, 0.0026413395726803675, 0.002848098055448817, 6.744680478594691e-05, -7.023089217124434e-05, 6.744680478601073e-05, -7.023089217121737e-05, -0.0003761561966925814, -0.0011378288045158448], [0.004303166398500785, 0.0026413395726808415, 0.0069284948246169445, 0.0028480980554488333, 0.0026413395726808896, 6.744680478594381e-05, 0.0028480980554487587, -7.023089217121634e-05, 0.0026413395726807725, 6.744680478588515e-05, 0.002848098055448825, -7.023089217125576e-05, 6.744680478589632e-05, -0.0003761561966925306, -7.023089217118415e-05, -0.0011378288045156724], [0.0015515226586828245, 0.002848098055448871, 0.0028480980554488333, 0.0035758775235776347, 6.744680478587114e-05, -0.00020539647847643688, -0.00020539647847648618, -1.1765917388178727e-05, 6.744680478591916e-05, -0.00020539647847689927, -0.00020539647847686655, -1.1765917388091543e-05, -6.448436009060645e-05, -4.614957118897589e-05, -4.614957118904751e-05, -5.185411323829889e-05], [0.004303166398500769, 0.002641339572680879, 0.0026413395726808896, 6.744680478587114e-05, 0.0069284948246168985, 0.0028480980554487626, 0.0028480980554488086, -7.023089217124538e-05, 0.002641339572680608, 6.744680478587633e-05, 6.744680478586884e-05, -0.00037615619669254414, 0.0028480980554487756, -7.02308921711613e-05, -7.023089217115198e-05, -0.0011378288045158964], [0.0015515226586828596, 0.002848098055448784, 6.744680478594381e-05, -0.00020539647847643688, 0.0028480980554487626, 0.003575877523577705, -0.00020539647847651058, -1.176591738822232e-05, 6.744680478596143e-05, -0.00020539647847674664, -6.44843600908078e-05, -4.614957118903506e-05, -0.0002053964784768261, -1.1765917388214014e-05, -4.61495711890745e-05, -5.185411323830771e-05], [0.0015515226586828596, 6.744680478597001e-05, 0.0028480980554487587, -0.00020539647847648618, 0.0028480980554488086, -0.00020539647847651058, 0.0035758775235775987, -1.176591738805833e-05, 6.744680478585192e-05, -6.448436009045285e-05, -0.00020539647847673737, -4.6149571189216695e-05, -0.00020539647847694442, -4.614957118906413e-05, -1.1765917388108152e-05, -5.185411323830876e-05], [-0.0002488107778163347, -7.023089217138034e-05, -7.023089217121634e-05, -1.1765917388178727e-05, -7.023089217124538e-05, -1.176591738822232e-05, -1.176591738805833e-05, 0.00015896956118099722, -0.0003761561966925233, -4.614957118908694e-05, -4.614957118902882e-05, 4.486822178999803e-06, -4.614957118909214e-05, 4.4868221789204035e-06, 4.486822178697253e-06, 8.566705847085862e-06], [0.004303166398500793, 0.0026413395726803675, 0.0026413395726807725, 6.744680478591916e-05, 0.002641339572680608, 6.744680478596143e-05, 6.744680478585192e-05, -0.0003761561966925233, 0.006928494824617579, 0.0028480980554488875, 0.002848098055448863, -7.023089217121424e-05, 0.0028480980554488246, -7.02308921712755e-05, -7.023089217131077e-05, -0.0011378288045158097], [0.0015515226586828702, 0.002848098055448817, 6.744680478588515e-05, -0.00020539647847689927, 6.744680478587633e-05, -0.00020539647847674664, -6.448436009045285e-05, -4.614957118908694e-05, 0.0028480980554488875, 0.003575877523577546, -0.00020539647847649502, -1.1765917388149667e-05, -0.00020539647847654224, -1.17659173881808e-05, -4.614957118907346e-05, -5.185411323834403e-05], [0.0015515226586828889, 6.744680478594691e-05, 0.002848098055448825, -0.00020539647847686655, 6.744680478586884e-05, -6.44843600908078e-05, -0.00020539647847673737, -4.614957118902882e-05, 0.002848098055448863, -0.00020539647847649502, 0.003575877523577741, -1.1765917388197407e-05, -0.00020539647847644157, -4.614957118910458e-05, -1.1765917388199486e-05, -5.185411323833314e-05], [-0.00024881077781632645, -7.023089217124434e-05, -7.023089217125576e-05, -1.1765917388091543e-05, -0.00037615619669254414, -4.614957118903506e-05, -4.6149571189216695e-05, 4.486822178999803e-06, -7.023089217121424e-05, -1.1765917388149667e-05, -1.1765917388197407e-05, 0.00015896956118037484, -4.614957118908488e-05, 4.486822179062596e-06, 4.486822179267064e-06, 8.566705847025662e-06], [0.0015515226586828973, 6.744680478601073e-05, 6.744680478589632e-05, -6.448436009060645e-05, 0.0028480980554487756, -0.0002053964784768261, -0.00020539647847694442, -4.614957118909214e-05, 0.0028480980554488246, -0.00020539647847654224, -0.00020539647847644157, -4.614957118908488e-05, 0.0035758775235778585, -1.1765917388241002e-05, -1.176591738815797e-05, -5.1854113238284365e-05], [-0.0002488107778163368, -7.023089217121737e-05, -0.0003761561966925306, -4.614957118897589e-05, -7.02308921711613e-05, -1.1765917388214014e-05, -4.614957118906413e-05, 4.4868221789204035e-06, -7.02308921712755e-05, -1.17659173881808e-05, -4.614957118910458e-05, 4.486822179062596e-06, -1.1765917388241002e-05, 0.0001589695611804746, 4.4868221790714185e-06, 8.566705847085859e-06], [-0.00024881077781634093, -0.0003761561966925814, -7.023089217118415e-05, -4.614957118904751e-05, -7.023089217115198e-05, -4.61495711890745e-05, -1.1765917388108152e-05, 4.486822178697253e-06, -7.023089217131077e-05, -4.614957118907346e-05, -1.1765917388199486e-05, 4.486822179267064e-06, -1.176591738815797e-05, 4.4868221790714185e-06, 0.00015896956118052746, 8.56670584701736e-06], [-0.0009937792516245155, -0.0011378288045158448, -0.0011378288045156724, -5.185411323829889e-05, -0.0011378288045158964, -5.185411323830771e-05, -5.185411323830876e-05, 8.566705847085862e-06, -0.0011378288045158097, -5.185411323834403e-05, -5.185411323833314e-05, 8.566705847025662e-06, -5.1854113238284365e-05, 8.566705847085859e-06, 8.56670584701736e-06, 3.365025272678109e-05]], [[0.0013646807417527446, 0.0012478607564914979, 0.0012478607564914764, 0.0005488653302051698, 0.0012478607564914861, 0.0005488653302051817, 0.0005488653302051797, -4.622956278275711e-05, 0.0012478607564914744, 0.0005488653302051698, 0.0005488653302051896, -4.622956278274669e-05, 0.0005488653302051738, -4.622956278275662e-05, -4.6229562782752896e-05, -0.00024511250204372096, 0.001247860756491496, 0.0005488653302051699, 0.0005488653302051897, -4.62295627827658e-05, 0.0005488653302051938, -4.6229562782752394e-05, -4.622956278275116e-05, -0.00024511250204372687, 0.0005488653302051817, -4.622956278276134e-05, -4.622956278274917e-05, -0.00024511250204372, -4.622956278275065e-05, -0.00024511250204373283, -0.00024511250204373094, 1.7657764343715427e-05], [0.0012478607564914979, 0.0023700416775088527, 0.0009618632370534863, 0.0012496421247065192, 0.0009618632370533358, 0.0012496421247065797, 0.0001944853865182584, 0.00014763409993498675, 0.0009618632370534783, 0.0012496421247066673, 0.0001944853865182405, 0.00014763409993493514, 0.0001944853865181906, 0.00014763409993498385, -0.00015295180364982854, -0.00031279788495272126, 0.0009618632370533843, 0.001249642124706577, 0.00019448538651815783, 0.00014763409993497588, 0.00019448538651818965, 0.00014763409993501263, -0.00015295180364984838, -0.0003127978849526739, 0.00019448538651822413, 0.00014763409993498482, -0.00015295180364989112, -0.0003127978849526938, -0.0001529518036498556, -0.00031279788495266363, -1.0786965285814432e-05, -0.0002451226189487662], [0.0012478607564914764, 0.0009618632370534863, 0.002370041677509257, 0.0012496421247066615, 0.0009618632370535284, 0.00019448538651817594, 0.001249642124706561, 0.00014763409993500567, 0.0009618632370532561, 0.00019448538651818588, 0.0012496421247066103, 0.00014763409993495298, 0.0001944853865181847, -0.00015295180364983377, 0.00014763409993491828, -0.0003127978849526662, 0.0009618632370533502, 0.00019448538651816778, 0.0012496421247066057, 0.00014763409993493416, 0.00019448538651819334, -0.00015295180364986854, 0.00014763409993493614, -0.0003127978849527032, 0.00019448538651814815, -0.0001529518036498618, 0.0001476340999349679, -0.0003127978849527012, -0.00015295180364989684, -1.0786965285784914e-05, -0.0003127978849527126, -0.0002451226189487583], [0.0005488653302051698, 0.0012496421247065192, 0.0012496421247066615, 0.001788095547389577, 0.00019448538651826484, 0.0002949376398506024, 0.00029493763985066545, 0.00027860205331327667, 0.0001944853865182472, 0.0002949376398505666, 0.0002949376398505572, 0.00027860205331322897, -0.0001784533672644764, -0.00013885848096316933, -0.00013885848096315838, -0.00011093337484069351, 0.00019448538651823703, 0.00029493763985057953, 0.0002949376398507468, 0.0002786020533132409, -0.0001784533672646067, -0.00013885848096318224, -0.00013885848096318817, -0.00011093337484070346, -0.00017845336726471248, -0.00013885848096320807, -0.00013885848096312358, -0.00011093337484069999, 2.28334916785601e-05, 2.639979261049514e-05, 2.6399792610502092e-05, -1.8583244895421218e-05], [0.0012478607564914861, 0.0009618632370533358, 0.0009618632370535284, 0.00019448538651826484, 0.0023700416775087178, 0.0012496421247066177, 0.0012496421247065184, 0.000147634099934955, 0.0009618632370535395, 0.00019448538651818513, 0.00019448538651822885, -0.0001529518036498795, 0.0012496421247065314, 0.0001476340999349838, 0.00014763409993497488, -0.0003127978849526828, 0.0009618632370535619, 0.00019448538651821172, 0.00019448538651820976, -0.0001529518036499033, 0.0012496421247066285, 0.00014763409993499371, 0.0001476340999349927, -0.00031279788495267117, 0.00019448538651820475, -0.00015295180364991123, -0.00015295180364986705, -1.078696528575307e-05, 0.00014763409993498087, -0.00031279788495265946, -0.00031279788495267187, -0.000245122618948798], [0.0005488653302051817, 0.0012496421247065797, 0.00019448538651817594, 0.0002949376398506024, 0.0012496421247066177, 0.0017880955473896214, 0.0002949376398506893, 0.0002786020533133005, 0.00019448538651815808, 0.00029493763985059585, -0.00017845336726448555, -0.00013885848096316234, 0.0002949376398505313, 0.00027860205331327467, -0.00013885848096315142, -0.00011093337484067912, 0.0001944853865181725, 0.00029493763985057454, -0.000178453367264454, -0.00013885848096319115, 0.000294937639850516, 0.00027860205331333034, -0.00013885848096317627, -0.00011093337484061305, -0.000178453367264421, -0.00013885848096313055, 2.283349167858902e-05, 2.639979261057162e-05, -0.00013885848096318522, -0.00011093337484065182, 2.6399792610572613e-05, -1.8583244895310727e-05], [0.0005488653302051797, 0.0001944853865182584, 0.001249642124706561, 0.00029493763985066545, 0.0012496421247065184, 0.0002949376398506893, 0.001788095547389588, 0.0002786020533132588, 0.0001944853865182097, -0.00017845336726448978, 0.0002949376398507628, -0.0001388584809631296, 0.00029493763985046677, -0.0001388584809631415, 0.00027860205331326675, -0.00011093337484065181, 0.0001944853865181911, -0.00017845336726458015, 0.00029493763985067987, -0.00013885848096316736, 0.0002949376398506486, -0.00013885848096312756, 0.00027860205331327467, -0.0001109333748406136, -0.00017845336726458888, 2.2833491678569654e-05, -0.00013885848096309778, 2.639979261055772e-05, -0.0001388584809631862, 2.639979261055076e-05, -0.00011093337484065085, -1.8583244895320035e-05], [-4.622956278275711e-05, 0.00014763409993498675, 0.00014763409993500567, 0.00027860205331327667, 0.000147634099934955, 0.0002786020533133005, 0.0002786020533132588, 7.174849198314273e-05, -0.00015295180364990104, -0.00013885848096323287, -0.00013885848096309284, -3.0253941655210743e-05, -0.0001388584809631703, -3.0253941655353766e-05, -3.025394165543422e-05, 1.6208949355294655e-05, -0.00015295180364988817, -0.00013885848096316936, -0.000138858480963217, -3.025394165528176e-05, -0.00013885848096315543, -3.0253941655384554e-05, -3.0253941655328934e-05, 1.6208949355280747e-05, 2.2833491678641777e-05, 3.7273236989075615e-05, 3.727323698938551e-05, 6.941612734119448e-06, 3.727323698909102e-05, 6.941612734122428e-06, 6.9416127341164674e-06, 3.6338403709978e-08], [0.0012478607564914744, 0.0009618632370534783, 0.0009618632370532561, 0.0001944853865182472, 0.0009618632370535395, 0.00019448538651815808, 0.0001944853865182097, -0.00015295180364990104, 0.0023700416775090318, 0.001249642124706566, 0.0012496421247065923, 0.00014763409993499176, 0.0012496421247066105, 0.00014763409993493912, 0.00014763409993498583, -0.00031279788495269914, 0.0009618632370533745, 0.00019448538651818442, 0.0001944853865181645, -0.0001529518036498966, 0.0001944853865181864, -0.0001529518036498151, -0.0001529518036498767, -1.078696528577287e-05, 0.0012496421247066107, 0.00014763409993498577, 0.00014763409993495598, -0.00031279788495266835, 0.00014763409993501364, -0.00031279788495270657, -0.0003127978849527066, -0.0002451226189487851], [0.0005488653302051698, 0.0012496421247066673, 0.00019448538651818588, 0.0002949376398505666, 0.00019448538651818513, 0.00029493763985059585, -0.00017845336726448978, -0.00013885848096323287, 0.001249642124706566, 0.0017880955473894866, 0.0002949376398506819, 0.00027860205331330047, 0.00029493763985059487, 0.00027860205331328665, -0.0001388584809631147, -0.00011093337484068708, 0.00019448538651813623, 0.00029493763985060447, -0.00017845336726468467, -0.00013885848096315342, -0.00017845336726443468, -0.00013885848096319812, 2.2833491678636322e-05, 2.6399792610626742e-05, 0.0002949376398507597, 0.0002786020533133204, -0.0001388584809631862, -0.00011093337484067417, -0.0001388584809631832, -0.00011093337484068012, 2.6399792610611848e-05, -1.858324489528676e-05], [0.0005488653302051896, 0.0001944853865182405, 0.0012496421247066103, 0.0002949376398505572, 0.00019448538651822885, -0.00017845336726448555, 0.0002949376398507628, -0.00013885848096309284, 0.0012496421247065923, 0.0002949376398506819, 0.001788095547389588, 0.0002786020533132508, 0.00029493763985071316, -0.0001388584809631246, 0.000278602053313237, -0.00011093337484065232, 0.0001944853865181422, -0.0001784533672645258, 0.0002949376398505453, -0.00013885848096314448, -0.00017845336726458538, 2.2833491678601062e-05, -0.00013885848096315144, 2.6399792610541822e-05, 0.0002949376398505324, -0.0001388584809631822, 0.00027860205331330253, -0.00011093337484066226, -0.00013885848096318123, 2.6399792610550766e-05, -0.00011093337484060214, -1.8583244895299797e-05], [-4.622956278274669e-05, 0.00014763409993493514, 0.00014763409993495298, 0.00027860205331322897, -0.0001529518036498795, -0.00013885848096316234, -0.0001388584809631296, -3.0253941655210743e-05, 0.00014763409993499176, 0.00027860205331330047, 0.0002786020533132508, 7.174849198324946e-05, -0.0001388584809631862, -3.0253941655344333e-05, -3.0253941655256933e-05, 1.620894935527479e-05, -0.0001529518036498611, -0.00013885848096314448, -0.00013885848096313952, -3.0253941655400946e-05, 2.2833491678622167e-05, 3.727323698904831e-05, 3.727323698925439e-05, 6.941612734153467e-06, -0.00013885848096316234, -3.0253941655322483e-05, -3.0253941655469477e-05, 1.620894935524102e-05, 3.7273236989103425e-05, 6.941612734070283e-06, 6.941612734191455e-06, 3.6338403724255446e-08], [0.0005488653302051738, 0.0001944853865181906, 0.0001944853865181847, -0.0001784533672644764, 0.0012496421247065314, 0.0002949376398505313, 0.00029493763985046677, -0.0001388584809631703, 0.0012496421247066105, 0.00029493763985059487, 0.00029493763985071316, -0.0001388584809631862, 0.0017880955473896557, 0.0002786020533132489, 0.0002786020533132886, -0.0001109333748406672, 0.00019448538651823378, -0.00017845336726445498, -0.00017845336726455681, 2.283349167862763e-05, 0.0002949376398506183, -0.00013885848096311965, -0.00013885848096306303, 2.6399792610538844e-05, 0.00029493763985066496, -0.00013885848096314844, -0.00013885848096317923, 2.639979261056616e-05, 0.00027860205331325884, -0.00011093337484063297, -0.00011093337484061108, -1.8583244895308864e-05], [-4.622956278275662e-05, 0.00014763409993498385, -0.00015295180364983377, -0.00013885848096316933, 0.0001476340999349838, 0.00027860205331327467, -0.0001388584809631415, -3.0253941655353766e-05, 0.00014763409993493912, 0.00027860205331328665, -0.0001388584809631246, -3.0253941655344333e-05, 0.0002786020533132489, 7.174849198316237e-05, -3.0253941655291197e-05, 1.6208949355185398e-05, -0.00015295180364986654, -0.00013885848096318318, 2.2833491678659914e-05, 3.727323698923851e-05, -0.00013885848096322991, -3.025394165541187e-05, 3.727323698913322e-05, 6.941612734213803e-06, -0.00013885848096314646, -3.0253941655246006e-05, 3.727323698921466e-05, 6.94161273417184e-06, -3.0253941655283245e-05, 1.6208949355254926e-05, 6.941612734123172e-06, 3.633840372419331e-08], [-4.6229562782752896e-05, -0.00015295180364982854, 0.00014763409993491828, -0.00013885848096315838, 0.00014763409993497488, -0.00013885848096315142, 0.00027860205331326675, -3.025394165543422e-05, 0.00014763409993498583, -0.0001388584809631147, 0.000278602053313237, -3.0253941655256933e-05, 0.0002786020533132886, -3.0253941655291197e-05, 7.174849198321855e-05, 1.620894935520427e-05, -0.0001529518036499005, 2.283349167870572e-05, -0.00013885848096311867, 3.727323698930456e-05, -0.00013885848096322192, 3.727323698922608e-05, -3.025394165540442e-05, 6.94161273410455e-06, -0.00013885848096321202, 3.7273236989138194e-05, -3.0253941655345824e-05, 6.941612734176806e-06, -3.0253941655445147e-05, 6.941612734182268e-06, 1.6208949355298626e-05, 3.633840372065507e-08], [-0.00024511250204372096, -0.00031279788495272126, -0.0003127978849526662, -0.00011093337484069351, -0.0003127978849526828, -0.00011093337484067912, -0.00011093337484065181, 1.6208949355294655e-05, -0.00031279788495269914, -0.00011093337484068708, -0.00011093337484065232, 1.620894935527479e-05, -0.0001109333748406672, 1.6208949355185398e-05, 1.620894935520427e-05, 3.983278428332955e-05, -1.078696528575341e-05, 2.6399792610552752e-05, 2.63997926105453e-05, 6.941612734100826e-06, 2.639979261057063e-05, 6.941612734125406e-06, 6.941612734114233e-06, 2.887336338363751e-05, 2.6399792610631214e-05, 6.941612734194437e-06, 6.941612734164391e-06, 2.887336338367278e-05, 6.941612734194685e-06, 2.8873363383393684e-05, 2.887336338354763e-05, -3.5327245048529376e-05], [0.001247860756491496, 0.0009618632370533843, 0.0009618632370533502, 0.00019448538651823703, 0.0009618632370535619, 0.0001944853865181725, 0.0001944853865181911, -0.00015295180364988817, 0.0009618632370533745, 0.00019448538651813623, 0.0001944853865181422, -0.0001529518036498611, 0.00019448538651823378, -0.00015295180364986654, -0.0001529518036499005, -1.078696528575341e-05, 0.0023700416775090318, 0.0012496421247065888, 0.0012496421247065966, 0.0001476340999350047, 0.0012496421247066183, 0.00014763409993493614, 0.00014763409993496197, -0.0003127978849527038, 0.0012496421247066068, 0.00014763409993496094, 0.0001476340999349709, -0.0003127978849527469, 0.00014763409993496593, -0.0003127978849526706, -0.0003127978849526751, -0.00024512261894878216], [0.0005488653302051699, 0.001249642124706577, 0.00019448538651816778, 0.00029493763985057953, 0.00019448538651821172, 0.00029493763985057454, -0.00017845336726458015, -0.00013885848096316936, 0.00019448538651818442, 0.00029493763985060447, -0.0001784533672645258, -0.00013885848096314448, -0.00017845336726445498, -0.00013885848096318318, 2.283349167870572e-05, 2.6399792610552752e-05, 0.0012496421247065888, 0.0017880955473896887, 0.00029493763985064854, 0.0002786020533132707, 0.00029493763985059194, 0.000278602053313235, -0.00013885848096313556, -0.00011093337484064934, 0.00029493763985053177, 0.0002786020533133005, -0.00013885848096316633, -0.00011093337484065824, -0.00013885848096315844, -0.00011093337484061803, 2.6399792610553246e-05, -1.8583244895303775e-05], [0.0005488653302051897, 0.00019448538651815783, 0.0012496421247066057, 0.0002949376398507468, 0.00019448538651820976, -0.000178453367264454, 0.00029493763985067987, -0.000138858480963217, 0.0001944853865181645, -0.00017845336726468467, 0.0002949376398505453, -0.00013885848096313952, -0.00017845336726455681, 2.2833491678659914e-05, -0.00013885848096311867, 2.63997926105453e-05, 0.0012496421247065966, 0.00029493763985064854, 0.001788095547389498, 0.0002786020533133045, 0.0002949376398506709, -0.00013885848096319216, 0.00027860205331324696, -0.00011093337484065085, 0.00029493763985069386, -0.00013885848096319018, 0.00027860205331323894, -0.00011093337484062054, -0.0001388584809631246, 2.6399792610605888e-05, -0.000110933374840699, -1.858324489531271e-05], [-4.62295627827658e-05, 0.00014763409993497588, 0.00014763409993493416, 0.0002786020533132409, -0.0001529518036499033, -0.00013885848096319115, -0.00013885848096316736, -3.025394165528176e-05, -0.0001529518036498966, -0.00013885848096315342, -0.00013885848096314448, -3.0253941655400946e-05, 2.283349167862763e-05, 3.727323698923851e-05, 3.727323698930456e-05, 6.941612734100826e-06, 0.0001476340999350047, 0.0002786020533132707, 0.0002786020533133045, 7.174849198326633e-05, -0.00013885848096311073, -3.0253941655299634e-05, -3.025394165538754e-05, 1.620894935524301e-05, -0.00013885848096318026, -3.0253941655504236e-05, -3.025394165542131e-05, 1.6208949355276776e-05, 3.7273236989187355e-05, 6.941612734162901e-06, 6.941612734169854e-06, 3.633840372301413e-08], [0.0005488653302051938, 0.00019448538651818965, 0.00019448538651819334, -0.0001784533672646067, 0.0012496421247066285, 0.000294937639850516, 0.0002949376398506486, -0.00013885848096315543, 0.0001944853865181864, -0.00017845336726443468, -0.00017845336726458538, 2.2833491678622167e-05, 0.0002949376398506183, -0.00013885848096322991, -0.00013885848096322192, 2.639979261057063e-05, 0.0012496421247066183, 0.00029493763985059194, 0.0002949376398506709, -0.00013885848096311073, 0.001788095547389577, 0.00027860205331330047, 0.0002786020533132449, -0.0001109333748406513, 0.00029493763985071316, -0.0001388584809631366, -0.00013885848096315443, 2.6399792610599427e-05, 0.00027860205331338, -0.00011093337484065628, -0.00011093337484067567, -1.858324489530464e-05], [-4.6229562782752394e-05, 0.00014763409993501263, -0.00015295180364986854, -0.00013885848096318224, 0.00014763409993499371, 0.00027860205331333034, -0.00013885848096312756, -3.0253941655384554e-05, -0.0001529518036498151, -0.00013885848096319812, 2.2833491678601062e-05, 3.727323698904831e-05, -0.00013885848096311965, -3.025394165541187e-05, 3.727323698922608e-05, 6.941612734125406e-06, 0.00014763409993493614, 0.000278602053313235, -0.00013885848096319216, -3.0253941655299634e-05, 0.00027860205331330047, 7.17484919831371e-05, -3.0253941655266864e-05, 1.6208949355279754e-05, -0.00013885848096319216, -3.025394165520031e-05, 3.7273236989214664e-05, 6.941612734133104e-06, -3.0253941655295168e-05, 1.6208949355285717e-05, 6.941612734136332e-06, 3.6338403730028465e-08], [-4.622956278275116e-05, -0.00015295180364984838, 0.00014763409993493614, -0.00013885848096318817, 0.0001476340999349927, -0.00013885848096317627, 0.00027860205331327467, -3.0253941655328934e-05, -0.0001529518036498767, 2.2833491678636322e-05, -0.00013885848096315144, 3.727323698925439e-05, -0.00013885848096306303, 3.727323698913322e-05, -3.025394165540442e-05, 6.941612734114233e-06, 0.00014763409993496197, -0.00013885848096313556, 0.00027860205331324696, -3.025394165538754e-05, 0.0002786020533132449, -3.0253941655266864e-05, 7.17484919831708e-05, 1.6208949355318494e-05, -0.00013885848096312662, 3.727323698917345e-05, -3.0253941655389026e-05, 6.9416127341452725e-06, -3.0253941655275802e-05, 6.9416127341671225e-06, 1.620894935521222e-05, 3.633840371730301e-08], [-0.00024511250204372687, -0.0003127978849526739, -0.0003127978849527032, -0.00011093337484070346, -0.00031279788495267117, -0.00011093337484061305, -0.0001109333748406136, 1.6208949355280747e-05, -1.078696528577287e-05, 2.6399792610626742e-05, 2.6399792610541822e-05, 6.941612734153467e-06, 2.6399792610538844e-05, 6.941612734213803e-06, 6.94161273410455e-06, 2.887336338363751e-05, -0.0003127978849527038, -0.00011093337484064934, -0.00011093337484065085, 1.620894935524301e-05, -0.0001109333748406513, 1.6208949355279754e-05, 1.6208949355318494e-05, 3.983278428343349e-05, 2.6399792610541324e-05, 6.941612734203375e-06, 6.941612734114978e-06, 2.887336338356204e-05, 6.94161273410604e-06, 2.887336338344781e-05, 2.8873363383566008e-05, -3.532724504848269e-05], [0.0005488653302051817, 0.00019448538651822413, 0.00019448538651814815, -0.00017845336726471248, 0.00019448538651820475, -0.000178453367264421, -0.00017845336726458888, 2.2833491678641777e-05, 0.0012496421247066107, 0.0002949376398507597, 0.0002949376398505324, -0.00013885848096316234, 0.00029493763985066496, -0.00013885848096314646, -0.00013885848096321202, 2.6399792610631214e-05, 0.0012496421247066068, 0.00029493763985053177, 0.00029493763985069386, -0.00013885848096318026, 0.00029493763985071316, -0.00013885848096319216, -0.00013885848096312662, 2.6399792610541324e-05, 0.001788095547389566, 0.0002786020533133164, 0.00027860205331327076, -0.00011093337484067567, 0.00027860205331328464, -0.00011093337484064289, -0.00011093337484064189, -1.8583244895306377e-05], [-4.622956278276134e-05, 0.00014763409993498482, -0.0001529518036498618, -0.00013885848096320807, -0.00015295180364991123, -0.00013885848096313055, 2.2833491678569654e-05, 3.7273236989075615e-05, 0.00014763409993498577, 0.0002786020533133204, -0.0001388584809631822, -3.0253941655322483e-05, -0.00013885848096314844, -3.0253941655246006e-05, 3.7273236989138194e-05, 6.941612734194437e-06, 0.00014763409993496094, 0.0002786020533133005, -0.00013885848096319018, -3.0253941655504236e-05, -0.0001388584809631366, -3.025394165520031e-05, 3.727323698917345e-05, 6.941612734203375e-06, 0.0002786020533133164, 7.174849198324946e-05, -3.0253941655326458e-05, 1.6208949355227116e-05, -3.025394165525345e-05, 1.6208949355239036e-05, 6.941612734155949e-06, 3.633840369489348e-08], [-4.622956278274917e-05, -0.00015295180364989112, 0.0001476340999349679, -0.00013885848096312358, -0.00015295180364986705, 2.283349167858902e-05, -0.00013885848096309778, 3.727323698938551e-05, 0.00014763409993495598, -0.0001388584809631862, 0.00027860205331330253, -3.0253941655469477e-05, -0.00013885848096317923, 3.727323698921466e-05, -3.0253941655345824e-05, 6.941612734164391e-06, 0.0001476340999349709, -0.00013885848096316633, 0.00027860205331323894, -3.025394165542131e-05, -0.00013885848096315443, 3.7273236989214664e-05, -3.0253941655389026e-05, 6.941612734114978e-06, 0.00027860205331327076, -3.0253941655326458e-05, 7.174849198305845e-05, 1.620894935524201e-05, -3.025394165525494e-05, 6.941612734168861e-06, 1.6208949355243006e-05, 3.633840370917117e-08], [-0.00024511250204372, -0.0003127978849526938, -0.0003127978849527012, -0.00011093337484069999, -1.078696528575307e-05, 2.639979261057162e-05, 2.639979261055772e-05, 6.941612734119448e-06, -0.00031279788495266835, -0.00011093337484067417, -0.00011093337484066226, 1.620894935524102e-05, 2.639979261056616e-05, 6.94161273417184e-06, 6.941612734176806e-06, 2.887336338367278e-05, -0.0003127978849527469, -0.00011093337484065824, -0.00011093337484062054, 1.6208949355276776e-05, 2.6399792610599427e-05, 6.941612734133104e-06, 6.9416127341452725e-06, 2.887336338356204e-05, -0.00011093337484067567, 1.6208949355227116e-05, 1.620894935524201e-05, 3.983278428313079e-05, 6.941612734162156e-06, 2.8873363383671785e-05, 2.8873363383599774e-05, -3.532724504852838e-05], [-4.622956278275065e-05, -0.0001529518036498556, -0.00015295180364989684, 2.28334916785601e-05, 0.00014763409993498087, -0.00013885848096318522, -0.0001388584809631862, 3.727323698909102e-05, 0.00014763409993501364, -0.0001388584809631832, -0.00013885848096318123, 3.7273236989103425e-05, 0.00027860205331325884, -3.0253941655283245e-05, -3.0253941655445147e-05, 6.941612734194685e-06, 0.00014763409993496593, -0.00013885848096315844, -0.0001388584809631246, 3.7273236989187355e-05, 0.00027860205331338, -3.0253941655295168e-05, -3.0253941655275802e-05, 6.94161273410604e-06, 0.00027860205331328464, -3.025394165525345e-05, -3.025394165525494e-05, 6.941612734162156e-06, 7.174849198324385e-05, 1.6208949355193343e-05, 1.620894935526188e-05, 3.6338403708426e-08], [-0.00024511250204373283, -0.00031279788495266363, -1.0786965285784914e-05, 2.639979261049514e-05, -0.00031279788495265946, -0.00011093337484065182, 2.639979261055076e-05, 6.941612734122428e-06, -0.00031279788495270657, -0.00011093337484068012, 2.6399792610550766e-05, 6.941612734070283e-06, -0.00011093337484063297, 1.6208949355254926e-05, 6.941612734182268e-06, 2.8873363383393684e-05, -0.0003127978849526706, -0.00011093337484061803, 2.6399792610605888e-05, 6.941612734162901e-06, -0.00011093337484065628, 1.6208949355285717e-05, 6.9416127341671225e-06, 2.887336338344781e-05, -0.00011093337484064289, 1.6208949355239036e-05, 6.941612734168861e-06, 2.8873363383671785e-05, 1.6208949355193343e-05, 3.9832784283406794e-05, 2.8873363383682218e-05, -3.532724504849412e-05], [-0.00024511250204373094, -1.0786965285814432e-05, -0.0003127978849527126, 2.6399792610502092e-05, -0.00031279788495267187, 2.6399792610572613e-05, -0.00011093337484065085, 6.9416127341164674e-06, -0.0003127978849527066, 2.6399792610611848e-05, -0.00011093337484060214, 6.941612734191455e-06, -0.00011093337484061108, 6.941612734123172e-06, 1.6208949355298626e-05, 2.887336338354763e-05, -0.0003127978849526751, 2.6399792610553246e-05, -0.000110933374840699, 6.941612734169854e-06, -0.00011093337484067567, 6.941612734136332e-06, 1.620894935521222e-05, 2.8873363383566008e-05, -0.00011093337484064189, 6.941612734155949e-06, 1.6208949355243006e-05, 2.8873363383599774e-05, 1.620894935526188e-05, 2.8873363383682218e-05, 3.983278428315186e-05, -3.532724504851001e-05], [1.7657764343715427e-05, -0.0002451226189487662, -0.0002451226189487583, -1.8583244895421218e-05, -0.000245122618948798, -1.8583244895310727e-05, -1.8583244895320035e-05, 3.6338403709978e-08, -0.0002451226189487851, -1.858324489528676e-05, -1.8583244895299797e-05, 3.6338403724255446e-08, -1.8583244895308864e-05, 3.633840372419331e-08, 3.633840372065507e-08, -3.5327245048529376e-05, -0.00024512261894878216, -1.8583244895303775e-05, -1.858324489531271e-05, 3.633840372301413e-08, -1.858324489530464e-05, 3.6338403730028465e-08, 3.633840371730301e-08, -3.532724504848269e-05, -1.8583244895306377e-05, 3.633840369489348e-08, 3.633840370917117e-08, -3.532724504852838e-05, 3.6338403708426e-08, -3.532724504849412e-05, -3.532724504851001e-05, 0.00012042979218944414]], [[0.00039794556454944807, 0.0003910181677445772, 0.0003910181677445469, 0.00020303271185222752, 0.00039101816774456615, 0.0002030327118522624, 0.0002030327118522624, 6.74873427179559e-06, 0.00039101816774455894, 0.00020303271185226424, 0.00020303271185225872, 6.748734271802011e-06, 0.0002030327118522559, 6.748734271802012e-06, 6.748734271802014e-06, -7.521284199955882e-05, 0.0003910181677445626, 0.0002030327118522605, 0.00020303271185226056, 6.7487342718006365e-06, 0.0002030327118522642, 6.748734271799259e-06, 6.748734271799719e-06, -7.521284199956066e-05, 0.00020303271185225964, 6.748734271798802e-06, 6.748734271796508e-06, -7.521284199956629e-05, 6.748734271802472e-06, -7.521284199956194e-05, -7.521284199956352e-05, -5.8097079546657106e-05, 0.00039101816774456523, 0.0002030327118522578, 0.0002030327118522569, 6.748734271794675e-06, 0.00020303271185225503, 6.7487342717978845e-06, 6.748734271795591e-06, -7.521284199956124e-05, 0.00020303271185226056, 6.748734271802931e-06, 6.748734271799719e-06, -7.521284199955676e-05, 6.748734271798343e-06, -7.521284199955687e-05, -7.521284199956009e-05, -5.809707954665987e-05, 0.00020303271185225872, 6.748734271794673e-06, 6.748734271799718e-06, -7.521284199956627e-05, 6.748734271803388e-06, -7.521284199956031e-05, -7.5212841999565e-05, -5.8097079546658055e-05, 6.748734271795592e-06, -7.521284199955974e-05, -7.521284199956043e-05, -5.809707954667318e-05, -7.521284199955996e-05, -5.809707954665666e-05, -5.8097079546661694e-05, 0.00015286358387454825], [0.0003910181677445772, 0.000865235795303515, 0.0003654305229544981, 0.0005301713675722128, 0.0003654305229544935, 0.000530171367572273, 0.0001262976634717041, 0.00012331239985291991, 0.0003654305229544945, 0.0005301713675722676, 0.0001262976634716598, 0.000123312399852947, 0.00012629766347167518, 0.00012331239985296903, -3.4832788314409865e-05, -6.002650535942405e-05, 0.00036543052295445814, 0.0005301713675722644, 0.00012629766347169505, 0.00012331239985295572, 0.00012629766347159067, 0.00012331239985291308, -3.4832788314399945e-05, -6.002650535942243e-05, 0.00012629766347165125, 0.00012331239985295572, -3.483278831439737e-05, -6.002650535942914e-05, -3.483278831438349e-05, -6.002650535941264e-05, -6.48045093802717e-05, -0.00013019799616609785, 0.0003654305229544994, 0.0005301713675722035, 0.00012629766347169405, 0.00012331239985294425, 0.00012629766347165374, 0.0001233123998529502, -3.4832788314396285e-05, -6.0026505359469716e-05, 0.00012629766347168128, 0.00012331239985293965, -3.483278831441823e-05, -6.002650535941717e-05, -3.483278831437014e-05, -6.002650535940261e-05, -6.480450938023714e-05, -0.00013019799616610121, 0.00012629766347166459, 0.00012331239985292544, -3.483278831441039e-05, -6.002650535944645e-05, -3.483278831438767e-05, -6.002650535942357e-05, -6.480450938023295e-05, -0.0001301979961661299, -3.48327883143738e-05, -6.00265053594141e-05, -6.480450938024888e-05, -0.00013019799616609872, -6.480450938026529e-05, -0.00013019799616610745, 5.5310634879696745e-05, 1.6472224359576406e-05], [0.0003910181677445469, 0.0003654305229544981, 0.0008652357953036292, 0.0005301713675722021, 0.00036543052295442334, 0.00012629766347167082, 0.0005301713675722252, 0.00012331239985293466, 0.0003654305229544228, 0.00012629766347164296, 0.0005301713675722507, 0.00012331239985293097, 0.00012629766347163312, -3.483278831441342e-05, 0.00012331239985293878, -6.002650535944472e-05, 0.0003654305229544758, 0.00012629766347164084, 0.0005301713675721942, 0.00012331239985290801, 0.00012629766347169836, -3.483278831443709e-05, 0.00012331239985294471, -6.002650535947359e-05, 0.00012629766347165713, -3.48327883144391e-05, 0.00012331239985292268, -6.002650535943964e-05, -3.4832788314444776e-05, -6.480450938026259e-05, -6.0026505359470726e-05, -0.000130197996166157, 0.0003654305229544805, 0.0001262976634716624, 0.0005301713675721935, 0.00012331239985294057, 0.00012629766347164312, -3.483278831443005e-05, 0.0001233123998529424, -6.002650535947772e-05, 0.00012629766347164317, -3.4832788314418925e-05, 0.000123312399852908, -6.002650535946754e-05, -3.483278831443211e-05, -6.480450938028616e-05, -6.002650535948066e-05, -0.00013019799616612604, 0.00012629766347163146, -3.4832788314444485e-05, 0.00012331239985293967, -6.002650535946408e-05, -3.48327883144344e-05, -6.48045093802682e-05, -6.002650535946355e-05, -0.00013019799616611731, -3.4832788314436116e-05, -6.480450938028803e-05, -6.002650535946219e-05, -0.00013019799616614645, -6.480450938028333e-05, 5.531063487968689e-05, -0.00013019799616611295, 1.6472224359527563e-05], [0.00020303271185222752, 0.0005301713675722128, 0.0005301713675722021, 0.000828742963524846, 0.0001262976634716425, 0.00021643763594844605, 0.0002164376719455314, 0.00021553480078706562, 0.0001262976634716532, 0.00021643768702474508, 0.00021643764533448668, 0.00021553480574029512, -3.361128272291649e-05, -1.1748196097935382e-05, -1.1748208536314478e-05, 1.1212185503828112e-05, 0.000126297663471622, 0.00021643765998473327, 0.00021643766776939603, 0.00021553480474641648, -3.361128877701298e-05, -1.1748198761244136e-05, -1.1748204277705911e-05, 1.1212189361606506e-05, -3.361129801808391e-05, -1.1748203593143668e-05, -1.1748211890863493e-05, 1.1212179141084364e-05, -4.7856217856015716e-05, -4.54955136737207e-05, -4.5495515304259824e-05, -7.403454931723279e-05, 0.00012629766347162667, 0.00021643765374743004, 0.00021643765165612052, 0.00021553480210129012, -3.361127461023296e-05, -1.1748211890799626e-05, -1.174820359313547e-05, 1.121217777296764e-05, -3.361128983427764e-05, -1.1748204277706428e-05, -1.1748198761235533e-05, 1.1212191068397348e-05, -4.785621521093051e-05, -4.549551105614046e-05, -4.54955182604612e-05, -7.403454931723898e-05, -3.3611279175185364e-05, -1.1748208536340617e-05, -1.1748196097975455e-05, 1.1212178570279208e-05, -4.7856214217024806e-05, -4.549551213897764e-05, -4.5495508537329465e-05, -7.403454931718004e-05, -4.7856219170278975e-05, -4.549551449221008e-05, -4.549550925900733e-05, -7.403454931716423e-05, 3.8337066938679855e-05, 4.407183783259272e-05, 4.4071837832650045e-05, 3.5811574153477467e-06], [0.00039101816774456615, 0.0003654305229544935, 0.00036543052295442334, 0.0001262976634716425, 0.0008652357953033904, 0.0005301713675722267, 0.0005301713675722297, 0.0001233123998529608, 0.0003654305229544774, 0.0001262976634716576, 0.00012629766347163596, -3.483278831439617e-05, 0.000530171367572241, 0.00012331239985294883, 0.00012331239985295295, -6.0026505359451766e-05, 0.0003654305229545268, 0.00012629766347162198, 0.0001262976634716581, -3.483278831438659e-05, 0.0005301713675722203, 0.00012331239985295987, 0.00012331239985297453, -6.002650535946479e-05, 0.00012629766347164884, -3.4832788314383214e-05, -3.4832788314426955e-05, -6.480450938026414e-05, 0.00012331239985292729, -6.002650535942687e-05, -6.002650535942205e-05, -0.00013019799616610056, 0.0003654305229544714, 0.00012629766347164694, 0.0001262976634716508, -3.4832788314404485e-05, 0.0005301713675722173, 0.00012331239985292867, 0.00012331239985295618, -6.002650535944556e-05, 0.00012629766347165014, -3.483278831438246e-05, -3.483278831441571e-05, -6.48045093802689e-05, 0.00012331239985294883, -6.0026505359450004e-05, -6.002650535943656e-05, -0.00013019799616607603, 0.00012629766347167573, -3.483278831440339e-05, -3.4832788314409404e-05, -6.480450938026278e-05, 0.0001233123998529502, -6.002650535943463e-05, -6.002