{"r1": 0.5988888888888889, "r2": 0.5988888888888889, "theta": 35.88, "sequence": [[[0.6796437785307697, 0.08783239844083227], [0.08783239844083227, 0.13707048604282301]], [[0.4949648445997242, 0.0698771775607679, 0.06987717756076786, -0.007865293065035297], [0.0698771775607679, 0.12645111435793074, -0.033887006047824186, 0.0038064756703449377], [0.06987717756076786, -0.033887006047824186, 0.12645111435793083, 0.0038064756703448813], [-0.007865293065035297, 0.0038064756703449377, 0.0038064756703448813, 0.03979359914759445]], [[0.3633644478042735, 0.053719930707141386, 0.05371993070714137, -0.0010489170051370307, 0.053719930707141414, -0.0010489170051370207, -0.0010489170051370066, -0.0031885374018612855], [0.053719930707141386, 0.09502667344736637, -0.01370678453297068, 0.006487284458028423, -0.0137067846084449, 0.0064872845106880165, -0.007581797015126703, -0.00035651657950648764], [0.05371993070714137, -0.01370678453297068, 0.09502667339429278, 0.006487284491840329, -0.01370678455537146, -0.007581797048938579, 0.006487284510688038, -0.00035651657950643207], [-0.0010489170051370307, 0.006487284458028423, 0.006487284491840329, 0.02237853729802338, -0.007581796996279056, 0.0005550126470421629, 0.0005550126158629502, 0.003129806312244134], [0.053719930707141414, -0.0137067846084449, -0.01370678455537146, -0.007581796996279056, 0.09502667346976712, 0.006487284491840372, 0.006487284458028418, -0.0003565165795063857], [-0.0010489170051370207, 0.0064872845106880165, -0.007581797048938579, 0.0005550126470421629, 0.006487284491840372, 0.022378537256647887, 0.0005550126572385001, 0.0031298063122442436], [-0.0010489170051370066, -0.007581797015126703, 0.006487284510688038, 0.0005550126158629502, 0.006487284458028418, 0.0005550126572385001, 0.022378537287827235, 0.0031298063122441946], [-0.0031885374018612855, -0.00035651657950648764, -0.00035651657950643207, 0.003129806312244134, -0.0003565165795063857, 0.0031298063122442436, 0.0031298063122441946, 0.004681954887124917]], [[0.2678207678781143, 0.04100564883032228, 0.041005648830322275, 0.0009985102551224396, 0.04100564883032228, 0.000998510255122416, 0.0009985102551224136, -0.0016836766666955168, 0.041005648830322296, 0.0009985102551224357, 0.0009985102551224282, -0.0016836766666955124, 0.0009985102551224136, -0.0016836766666955183, -0.0016836766666955157, -0.00048532096298977995], [0.04100564883032228, 0.0724465737857037, -0.0069099522784037805, 0.00646635937178346, -0.006909952278403801, 0.006466359371783423, -0.004736914101090334, -0.0005803121199768992, -0.0069099522784037675, 0.0064663593717835316, -0.0047369141010902465, -0.0005803121199768484, -0.004736914101090221, -0.0005803121199768267, 0.0006822628239103926, 0.00011566007051541396], [0.041005648830322275, -0.0069099522784037805, 0.07244657378570371, 0.0064663593717834734, -0.006909952278403722, -0.004736914101090301, 0.006466359371783538, -0.0005803121199768631, -0.00690995227840384, -0.004736914101090281, 0.006466359371783464, -0.0005803121199768645, -0.004736914101090284, 0.0006822628239103229, -0.000580312119976853, 0.00011566007051544528], [0.0009985102551224396, 0.00646635937178346, 0.0064663593717834734, 0.01852160904243538, -0.004736914101090315, -0.0017566674419474523, -0.0017566674419473175, 0.0014772655507494696, -0.004736914101090212, -0.0017566674419473352, -0.0017566674419473727, 0.0014772655507495184, 0.003679284894455682, 0.0008681758012567044, 0.0008681758012567231, 4.0936163462371225e-05], [0.04100564883032228, -0.006909952278403801, -0.006909952278403722, -0.004736914101090315, 0.07244657378570381, 0.006466359371783466, 0.006466359371783372, -0.0005803121199768322, -0.006909952278403796, -0.004736914101090316, -0.0047369141010903, 0.0006822628239104143, 0.006466359371783424, -0.0005803121199768497, -0.0005803121199768237, 0.00011566007051545438], [0.000998510255122416, 0.006466359371783423, -0.004736914101090301, -0.0017566674419474523, 0.006466359371783466, 0.018521609042435525, -0.001756667441947347, 0.0014772655507495173, -0.0047369141010902465, -0.0017566674419473617, 0.0036792848944556967, 0.000868175801256678, -0.001756667441947376, 0.001477265550749524, 0.0008681758012566799, 4.0936163462303185e-05], [0.0009985102551224136, -0.004736914101090334, 0.006466359371783538, -0.0017566674419473175, 0.006466359371783372, -0.001756667441947347, 0.018521609042435508, 0.0014772655507495366, -0.0047369141010902525, 0.0036792848944555787, -0.0017566674419472942, 0.0008681758012566988, -0.0017566674419473595, 0.0008681758012566497, 0.0014772655507495648, 4.093616346230422e-05], [-0.0016836766666955168, -0.0005803121199768992, -0.0005803121199768631, 0.0014772655507494696, -0.0005803121199768322, 0.0014772655507495173, 0.0014772655507495366, 0.005625857421300416, 0.0006822628239104059, 0.0008681758012567118, 0.0008681758012567039, -0.0007613208210321258, 0.0008681758012567159, -0.0007613208210320854, -0.0007613208210320556, -1.8183714069846894e-05], [0.041005648830322296, -0.0069099522784037675, -0.00690995227840384, -0.004736914101090212, -0.006909952278403796, -0.0047369141010902465, -0.0047369141010902525, 0.0006822628239104059, 0.07244657378570377, 0.006466359371783429, 0.0064663593717834604, -0.000580312119976869, 0.006466359371783385, -0.0005803121199768379, -0.0005803121199768941, 0.00011566007051543946], [0.0009985102551224357, 0.0064663593717835316, -0.004736914101090281, -0.0017566674419473352, -0.004736914101090316, -0.0017566674419473617, 0.0036792848944555787, 0.0008681758012567118, 0.006466359371783429, 0.018521609042435435, -0.0017566674419473214, 0.0014772655507494998, -0.0017566674419473478, 0.0014772655507495306, 0.0008681758012566675, 4.093616346229529e-05], [0.0009985102551224282, -0.0047369141010902465, 0.006466359371783464, -0.0017566674419473727, -0.0047369141010903, 0.0036792848944556967, -0.0017566674419472942, 0.0008681758012567039, 0.0064663593717834604, -0.0017566674419473214, 0.018521609042435397, 0.0014772655507495475, -0.001756667441947443, 0.0008681758012566824, 0.0014772655507494818, 4.093616346229592e-05], [-0.0016836766666955124, -0.0005803121199768484, -0.0005803121199768645, 0.0014772655507495184, 0.0006822628239104143, 0.000868175801256678, 0.0008681758012566988, -0.0007613208210321258, -0.000580312119976869, 0.0014772655507494998, 0.0014772655507495475, 0.005625857421300469, 0.0008681758012566727, -0.0007613208210321528, -0.0007613208210320714, -1.818371406984855e-05], [0.0009985102551224136, -0.004736914101090221, -0.004736914101090284, 0.003679284894455682, 0.006466359371783424, -0.001756667441947376, -0.0017566674419473595, 0.0008681758012567159, 0.006466359371783385, -0.0017566674419473478, -0.001756667441947443, 0.0008681758012566727, 0.018521609042435536, 0.001477265550749501, 0.0014772655507495026, 4.093616346230712e-05], [-0.0016836766666955183, -0.0005803121199768267, 0.0006822628239103229, 0.0008681758012567044, -0.0005803121199768497, 0.001477265550749524, 0.0008681758012566497, -0.0007613208210320854, -0.0005803121199768379, 0.0014772655507495306, 0.0008681758012566824, -0.0007613208210321528, 0.001477265550749501, 0.0056258574213004205, -0.00076132082103209, -1.8183714069842747e-05], [-0.0016836766666955157, 0.0006822628239103926, -0.000580312119976853, 0.0008681758012567231, -0.0005803121199768237, 0.0008681758012566799, 0.0014772655507495648, -0.0007613208210320556, -0.0005803121199768941, 0.0008681758012566675, 0.0014772655507494818, -0.0007613208210320714, 0.0014772655507495026, -0.00076132082103209, 0.005625857421300331, -1.8183714069838593e-05], [-0.00048532096298977995, 0.00011566007051541396, 0.00011566007051544528, 4.0936163462371225e-05, 0.00011566007051545438, 4.0936163462303185e-05, 4.093616346230422e-05, -1.8183714069846894e-05, 0.00011566007051543946, 4.093616346229529e-05, 4.093616346229592e-05, -1.818371406984855e-05, 4.093616346230712e-05, -1.8183714069842747e-05, -1.8183714069838593e-05, 0.0010552806646740506]], [[0.19783790831317669, 0.031131321749014874, 0.031131321749014906, 0.001667699573239839, 0.03113132174901492, 0.0016676995732398297, 0.0016676995732398398, -0.0008798563052081289, 0.03113132174901492, 0.00166769957323984, 0.0016676995732398344, -0.0008798563052081294, 0.001667699573239835, -0.0008798563052081347, -0.0008798563052081315, -0.0003363863602843295, 0.031131321749014906, 0.0016676995732398333, 0.001667699573239832, -0.0008798563052081281, 0.001667699573239835, -0.0008798563052081298, -0.000879856305208129, -0.0003363863602843286, 0.0016676995732398303, -0.0008798563052081304, -0.00087985630520813, -0.0003363863602843303, -0.000879856305208135, -0.00033638636028432764, -0.00033638636028432927, -5.7397715587401644e-05], [0.031131321749014874, 0.054686662600681654, -0.0035434132912163154, 0.005669158641511795, -0.003543413291216352, 0.005669158641511795, -0.002947683603579561, -0.00024340388339703063, -0.0035434132912163458, 0.00566915864151178, -0.002947683603579587, -0.00024340388339700992, -0.0029476836035795544, -0.00024340388339704375, -6.672093286568582e-05, -8.162266234273732e-05, -0.0035434132912163193, 0.00566915864151179, -0.0029476836035796173, -0.0002434038833970105, -0.0029476836035795956, -0.00024340388339707874, -6.672093286569376e-05, -8.16226623426951e-05, -0.002947683603579582, -0.0002434038833970518, -6.672093286570062e-05, -8.162266234271802e-05, -6.672093286573057e-05, -8.162266234272092e-05, 0.00043167433310093556, 5.7786184832152905e-05], [0.031131321749014906, -0.0035434132912163154, 0.054686662600681724, 0.005669158641511798, -0.00354341329121636, -0.002947683603579593, 0.005669158641511829, -0.00024340388339703074, -0.003543413291216385, -0.0029476836035795795, 0.005669158641511809, -0.00024340388339700984, -0.0029476836035795856, -6.67209328656804e-05, -0.00024340388339707842, -8.162266234271621e-05, -0.0035434132912163176, -0.0029476836035795917, 0.005669158641511796, -0.00024340388339705259, -0.002947683603579586, -6.672093286568979e-05, -0.0002434038833970597, -8.162266234271334e-05, -0.002947683603579602, -6.672093286568942e-05, -0.00024340388339705288, -8.162266234269943e-05, -6.672093286571287e-05, 0.00043167433310089794, -8.162266234271404e-05, 5.778618483213554e-05], [0.001667699573239839, 0.005669158641511795, 0.005669158641511798, 0.01400495475104164, -0.002947683603579559, -0.0012301222984513775, -0.0012301222985249022, 0.0010786081983753905, -0.0029476836035795687, -0.0012301222988691785, -0.0012301222997309327, 0.0010786081961429719, 0.0009815615549941716, 4.2389940938479215e-05, 4.238993965263223e-05, 5.054051297222691e-05, -0.002947683603579623, -0.0012301222993830626, -0.0012301222984478183, 0.0010786081972006094, 0.0009815615542248866, 4.238993917438719e-05, 4.2389940359190354e-05, 5.054051297221022e-05, 0.0009815615558486826, 4.238994083247551e-05, 4.238994093353843e-05, 5.054051297220437e-05, 0.001261857724359824, 0.00011324073247243509, 0.0001132407324724333, -2.870670379628167e-05], [0.03113132174901492, -0.003543413291216352, -0.00354341329121636, -0.002947683603579559, 0.05468666260068166, 0.005669158641511801, 0.005669158641511797, -0.0002434038833970485, -0.0035434132912163215, -0.002947683603579583, -0.002947683603579585, -6.672093286573922e-05, 0.005669158641511781, -0.0002434038833970322, -0.00024340388339704622, -8.162266234270485e-05, -0.00354341329121637, -0.0029476836035795713, -0.0029476836035795635, -6.672093286575224e-05, 0.005669158641511804, -0.00024340388339700559, -0.0002434038833970535, -8.162266234274381e-05, -0.002947683603579557, -6.67209328657266e-05, -6.672093286574536e-05, 0.00043167433310092044, -0.00024340388339702464, -8.16226623426915e-05, -8.16226623427561e-05, 5.778618483212315e-05], [0.0016676995732398297, 0.005669158641511795, -0.002947683603579593, -0.0012301222984513775, 0.005669158641511801, 0.01400495475202449, -0.001230122299988419, 0.0010786081977146545, -0.0029476836035795865, -0.001230122299776081, 0.0009815615557370694, 4.238994071296025e-05, -0.0012301222990863407, 0.001078608197133671, 4.2389939548160555e-05, 5.054051297221816e-05, -0.0029476836035795713, -0.001230122299459134, 0.0009815615549455508, 4.238994006060957e-05, -0.0012301222986117726, 0.00107860819822189, 4.2389939112336185e-05, 5.054051297220309e-05, 0.0009815615553680904, 4.238993882041807e-05, 0.0012618577257111677, 0.00011324073247244085, 4.2389940933526885e-05, 5.054051297222357e-05, 0.00011324073247245745, -2.8706703796330872e-05], [0.0016676995732398398, -0.002947683603579561, 0.005669158641511829, -0.0012301222985249022, 0.005669158641511797, -0.001230122299988419, 0.014004954752111802, 0.0010786081977335992, -0.0029476836035796017, 0.000981561555231496, -0.0012301222992584704, 4.2389940628517686e-05, -0.0012301222991121638, 4.2389938817594354e-05, 0.0010786081979298242, 5.0540512972220244e-05, -0.002947683603579578, 0.0009815615555246334, -0.0012301222999904912, 4.238994002508217e-05, -0.0012301222986733043, 4.238993982401808e-05, 0.001078608197526765, 5.0540512972183144e-05, 0.0009815615553818802, 0.0012618577258311516, 4.238993882037331e-05, 0.00011324073247245494, 4.2389940832441214e-05, 0.00011324073247248958, 5.054051297216863e-05, -2.8706703796292407e-05], [-0.0008798563052081289, -0.00024340388339703063, -0.00024340388339703074, 0.0010786081983753905, -0.0002434038833970485, 0.0010786081977146545, 0.0010786081977335992, 0.0035636277429409173, -6.672093286567137e-05, 4.238993944355462e-05, 4.238993966553564e-05, -3.2362481007421495e-05, 4.23899397315389e-05, -3.23624818250693e-05, -3.236248149384129e-05, 0.0002751835906521436, -6.672093286575872e-05, 4.238993957591445e-05, 4.2389939334988844e-05, -3.2362481279885e-05, 4.238993992965728e-05, -3.236248137070835e-05, -3.2362481675892944e-05, 0.00027518359065212326, 0.001261857726464567, -0.00011580066257016828, -0.00011580066259620786, -0.00022206256810256808, -0.00011580066168779566, -0.0002220625681025515, -0.00022206256810259484, -5.813214855423206e-05], [0.03113132174901492, -0.0035434132912163458, -0.003543413291216385, -0.0029476836035795687, -0.0035434132912163215, -0.0029476836035795865, -0.0029476836035796017, -6.672093286567137e-05, 0.0546866626006817, 0.005669158641511803, 0.005669158641511774, -0.00024340388339703573, 0.005669158641511781, -0.00024340388339705118, -0.00024340388339700808, -8.162266234271331e-05, -0.0035434132912163185, -0.002947683603579563, -0.0029476836035795474, -6.672093286571973e-05, -0.0029476836035795683, -6.67209328657468e-05, -6.672093286573922e-05, 0.000431674333100964, 0.00566915864151177, -0.00024340388339701602, -0.00024340388339701475, -8.162266234272523e-05, -0.00024340388339706112, -8.162266234272198e-05, -8.162266234274041e-05, 5.7786184832141175e-05], [0.00166769957323984, 0.00566915864151178, -0.0029476836035795795, -0.0012301222988691785, -0.002947683603579583, -0.001230122299776081, 0.000981561555231496, 4.238993944355462e-05, 0.005669158641511803, 0.014004954752429914, -0.0012301222993236999, 0.0010786081986115014, -0.0012301222992330823, 0.0010786081974892793, 4.238993956518441e-05, 5.054051297222033e-05, -0.002947683603579597, -0.001230122299446722, 0.0009815615552042347, 4.238993985889947e-05, 0.0009815615560204078, 4.238993973423268e-05, 0.0012618577262685188, 0.00011324073247247224, -0.0012301222995351742, 0.0010786081975268217, 4.2389939112303354e-05, 5.05405129722243e-05, 4.2389940359142723e-05, 5.0540512972167274e-05, 0.00011324073247244735, -2.8706703796279914e-05], [0.0016676995732398344, -0.002947683603579587, 0.005669158641511809, -0.0012301222997309327, -0.002947683603579585, 0.0009815615557370694, -0.0012301222992584704, 4.238993966553564e-05, 0.005669158641511774, -0.0012301222993236999, 0.014004954752571101, 0.0010786081976209268, -0.001230122299535764, 4.2389939844089405e-05, 0.0010786081979789757, 5.054051297222096e-05, -0.002947683603579563, 0.0009815615555603986, -0.0012301222992438122, 4.238993944271696e-05, 0.0009815615552999045, 0.0012618577264626723, 4.2389939734237736e-05, 0.0001132407324724589, -0.001230122299373691, 4.2389939823988846e-05, 0.0010786081982218831, 5.054051297221689e-05, 4.238993917441245e-05, 0.00011324073247243905, 5.054051297220364e-05, -2.8706703796283997e-05], [-0.0008798563052081294, -0.00024340388339700992, -0.00024340388339700984, 0.0010786081961429719, -6.672093286573922e-05, 4.238994071296025e-05, 4.2389940628517686e-05, -3.2362481007421495e-05, -0.00024340388339703573, 0.0010786081986115014, 0.0010786081976209268, 0.0035636277409495823, 4.238993894741053e-05, -3.2362479924808356e-05, -3.236248140292356e-05, 0.00027518359065214934, -6.672093286575185e-05, 4.238993964205051e-05, 4.238994071714746e-05, -3.236248235789803e-05, 0.0012618577250162713, -0.00011580066272506044, -0.00011580066136315757, -0.00022206256810258188, 4.238993992970202e-05, -3.236248004674537e-05, -3.236247993058084e-05, 0.0002751835906521637, -0.00011580066475704486, -0.0002220625681025822, -0.00022206256810259012, -5.8132148554249114e-05], [0.001667699573239835, -0.0029476836035795544, -0.0029476836035795856, 0.0009815615549941716, 0.005669158641511781, -0.0012301222990863407, -0.0012301222991121638, 4.23899397315389e-05, 0.005669158641511781, -0.0012301222992330823, -0.001230122299535764, 4.238993894741053e-05, 0.014004954752432389, 0.0010786081984411418, 0.0010786081979894282, 5.0540512972230246e-05, -0.0029476836035795565, 0.0009815615555680167, 0.0009815615558964443, 0.001261857726272049, -0.001230122299895987, 4.238993944269603e-05, 4.238993985887313e-05, 0.0001132407324724795, -0.001230122299325609, 4.2389940025105624e-05, 4.238994006058792e-05, 0.0001132407324724683, 0.0010786081972005521, 5.0540512972218245e-05, 5.054051297214508e-05, -2.870670379628679e-05], [-0.0008798563052081347, -0.00024340388339704375, -6.67209328656804e-05, 4.2389940938479215e-05, -0.0002434038833970322, 0.001078608197133671, 4.2389938817594354e-05, -3.23624818250693e-05, -0.00024340388339705118, 0.0010786081974892793, 4.2389939844089405e-05, -3.2362479924808356e-05, 0.0010786081984411418, 0.0035636277418965045, -3.236248153227706e-05, 0.00027518359065216875, -6.672093286572515e-05, 4.2389939548001754e-05, 0.0012618577257050108, -0.00011580066159743963, 4.238994071713556e-05, -3.2362481125143685e-05, -0.00011580066290594709, -0.00022206256810257174, 4.238993933498922e-05, -3.2362482536455854e-05, -0.00011580066339492472, -0.00022206256810257968, -3.236247962052592e-05, 0.00027518359065212836, -0.00022206256810261113, -5.813214855423658e-05], [-0.0008798563052081315, -6.672093286568582e-05, -0.00024340388339707842, 4.238993965263223e-05, -0.00024340388339704622, 4.2389939548160555e-05, 0.0010786081979298242, -3.236248149384129e-05, -0.00024340388339700808, 4.238993956518441e-05, 0.0010786081979789757, -3.236248140292356e-05, 0.0010786081979894282, -3.236248153227706e-05, 0.003563627743043397, 0.0002751835906521854, -6.672093286572805e-05, 0.0012618577265392072, 4.238993954805986e-05, -0.00011580066221837036, 4.238993964207037e-05, -0.00011580066223271883, -3.236248150866554e-05, -0.0002220625681025771, 4.238993957590362e-05, -0.00011580066230028448, -3.236248153204282e-05, -0.0002220625681026219, -3.2362481388343934e-05, -0.00022206256810261793, 0.0002751835906521746, -5.8132148554242805e-05], [-0.0003363863602843295, -8.162266234273732e-05, -8.162266234271621e-05, 5.054051297222691e-05, -8.162266234270485e-05, 5.054051297221816e-05, 5.0540512972220244e-05, 0.0002751835906521436, -8.162266234271331e-05, 5.054051297222033e-05, 5.054051297222096e-05, 0.00027518359065214934, 5.0540512972230246e-05, 0.00027518359065216875, 0.0002751835906521854, 0.0008108015942322114, 0.0004316743331009172, 0.000113240732472421, 0.00011324073247242066, -0.00022206256810260313, 0.00011324073247245207, -0.0002220625681025995, -0.0002220625681025905, 4.4951110131298196e-05, 0.00011324073247243471, -0.00022206256810259378, -0.00022206256810259044, 4.495111013122819e-05, -0.00022206256810258074, 4.495111013121484e-05, 4.4951110131218785e-05, 0.00012353202339809892], [0.031131321749014906, -0.0035434132912163193, -0.0035434132912163176, -0.002947683603579623, -0.00354341329121637, -0.0029476836035795713, -0.002947683603579578, -6.672093286575872e-05, -0.0035434132912163185, -0.002947683603579597, -0.002947683603579563, -6.672093286575185e-05, -0.0029476836035795565, -6.672093286572515e-05, -6.672093286572805e-05, 0.0004316743331009172, 0.05468666260068167, 0.0056691586415117705, 0.005669158641511768, -0.00024340388339701916, 0.005669158641511789, -0.00024340388339701458, -0.00024340388339699426, -8.162266234275121e-05, 0.005669158641511812, -0.00024340388339705207, -0.00024340388339703735, -8.16226623427245e-05, -0.0002434038833970085, -8.162266234272092e-05, -8.162266234267273e-05, 5.7786184832136737e-05], [0.0016676995732398333, 0.00566915864151179, -0.0029476836035795917, -0.0012301222993830626, -0.0029476836035795713, -0.001230122299459134, 0.0009815615555246334, 4.238993957591445e-05, -0.002947683603579563, -0.001230122299446722, 0.0009815615555603986, 4.238993964205051e-05, 0.0009815615555680167, 4.2389939548001754e-05, 0.0012618577265392072, 0.000113240732472421, 0.0056691586415117705, 0.014004954752626786, -0.0012301222994591506, 0.0010786081979894302, -0.001230122299390757, 0.0010786081979790054, 4.2389939565149035e-05, 5.0540512972204265e-05, -0.0012301222994389105, 0.0010786081979298745, 4.2389939548137096e-05, 5.054051297220355e-05, 4.2389939652675185e-05, 5.0540512972145176e-05, 0.00011324073247254409, -2.8706703796286972e-05], [0.001667699573239832, -0.0029476836035796173, 0.005669158641511796, -0.0012301222984478183, -0.0029476836035795635, 0.0009815615549455508, -0.0012301222999904912, 4.2389939334988844e-05, -0.0029476836035795474, 0.0009815615552042347, -0.0012301222992438122, 4.238994071714746e-05, 0.0009815615558964443, 0.0012618577257050108, 4.238993954805986e-05, 0.00011324073247242066, 0.005669158641511768, -0.0012301222994591506, 0.014004954752020033, 0.001078608198441131, -0.0012301222986087568, 4.238993984403274e-05, 0.0010786081974893354, 5.054051297219623e-05, -0.0012301222996141269, 4.2389938817468756e-05, 0.0010786081971337486, 5.05405129722077e-05, 4.2389940938484616e-05, 0.00011324073247250547, 5.054051297221048e-05, -2.870670379628549e-05], [-0.0008798563052081281, -0.0002434038833970105, -0.00024340388339705259, 0.0010786081972006094, -6.672093286575224e-05, 4.238994006060957e-05, 4.238994002508217e-05, -3.2362481279885e-05, -6.672093286571973e-05, 4.238993985889947e-05, 4.238993944271696e-05, -3.236248235789803e-05, 0.001261857726272049, -0.00011580066159743963, -0.00011580066221837036, -0.00022206256810260313, -0.00024340388339701916, 0.0010786081979894302, 0.001078608198441131, 0.0035636277426760853, 4.23899389473813e-05, -3.236248167698766e-05, -3.236248110483216e-05, 0.00027518359065216804, 4.238993973153853e-05, -3.236248087629018e-05, -3.236248082747761e-05, 0.00027518359065215655, -0.00011580066330299086, -0.00022206256810261473, -0.0002220625681025595, -5.813214855425084e-05], [0.001667699573239835, -0.0029476836035795956, -0.002947683603579586, 0.0009815615542248866, 0.005669158641511804, -0.0012301222986117726, -0.0012301222986733043, 4.238993992965728e-05, -0.0029476836035795683, 0.0009815615560204078, 0.0009815615552999045, 0.0012618577250162713, -0.001230122299895987, 4.238994071713556e-05, 4.238993964207037e-05, 0.00011324073247245207, 0.005669158641511789, -0.001230122299390757, -0.0012301222986087568, 4.23899389473813e-05, 0.014004954751519022, 0.0010786081976209394, 0.0010786081986115007, 5.0540512972180345e-05, -0.0012301222991815473, 4.238994062848484e-05, 4.238994071296061e-05, 0.00011324073247242971, 0.0010786081961429923, 5.054051297226021e-05, 5.0540512972217256e-05, -2.870670379628882e-05], [-0.0008798563052081298, -0.00024340388339707874, -6.672093286568979e-05, 4.238993917438719e-05, -0.00024340388339700559, 0.00107860819822189, 4.238993982401808e-05, -3.236248137070835e-05, -6.67209328657468e-05, 4.238993973423268e-05, 0.0012618577264626723, -0.00011580066272506044, 4.238993944269603e-05, -3.2362481125143685e-05, -0.00011580066223271883, -0.0002220625681025995, -0.00024340388339701458, 0.0010786081979790054, 4.238993984403274e-05, -3.236248167698766e-05, 0.0010786081976209394, 0.003563627742938171, -3.2362481276192665e-05, 0.0002751835906521479, 4.2389939665517946e-05, -3.236248115282793e-05, -0.0001158006618987745, -0.00022206256810262874, -3.236248204584597e-05, 0.000275183590652202, -0.00022206256810257212, -5.813214855423551e-05], [-0.000879856305208129, -6.672093286569376e-05, -0.0002434038833970597, 4.2389940359190354e-05, -0.0002434038833970535, 4.2389939112336185e-05, 0.001078608197526765, -3.2362481675892944e-05, -6.672093286573922e-05, 0.0012618577262685188, 4.2389939734237736e-05, -0.00011580066136315757, 4.238993985887313e-05, -0.00011580066290594709, -3.236248150866554e-05, -0.0002220625681025905, -0.00024340388339699426, 4.2389939565149035e-05, 0.0010786081974893354, -3.236248110483216e-05, 0.0010786081986115007, -3.2362481276192665e-05, 0.0035636277426712307, 0.0002751835906521421, 4.23899394435041e-05, -0.00011580066285437386, -3.2362482131181596e-05, -0.00022206256810259484, -3.236248041706532e-05, -0.00022206256810257968, 0.0002751835906521486, -5.81321485542465e-05], [-0.0003363863602843286, -8.16226623426951e-05, -8.162266234271334e-05, 5.054051297221022e-05, -8.162266234274381e-05, 5.054051297220309e-05, 5.0540512972183144e-05, 0.00027518359065212326, 0.000431674333100964, 0.00011324073247247224, 0.0001132407324724589, -0.00022206256810258188, 0.0001132407324724795, -0.00022206256810257174, -0.0002220625681025771, 4.4951110131298196e-05, -8.162266234275121e-05, 5.0540512972204265e-05, 5.054051297219623e-05, 0.00027518359065216804, 5.0540512972180345e-05, 0.0002751835906521479, 0.0002751835906521421, 0.0008108015942322337, 0.00011324073247244918, -0.00022206256810260026, -0.00022206256810259736, 4.4951110131256684e-05, -0.00022206256810257925, 4.4951110131191015e-05, 4.4951110131230345e-05, 0.00012353202339809605], [0.0016676995732398303, -0.002947683603579582, -0.002947683603579602, 0.0009815615558486826, -0.002947683603579557, 0.0009815615553680904, 0.0009815615553818802, 0.001261857726464567, 0.00566915864151177, -0.0012301222995351742, -0.001230122299373691, 4.238993992970202e-05, -0.001230122299325609, 4.238993933498922e-05, 4.238993957590362e-05, 0.00011324073247243471, 0.005669158641511812, -0.0012301222994389105, -0.0012301222996141269, 4.238993973153853e-05, -0.0012301222991815473, 4.2389939665517946e-05, 4.23899394435041e-05, 0.00011324073247244918, 0.014004954752572525, 0.0010786081977336107, 0.001078608197714706, 5.054051297220193e-05, 0.0010786081983753986, 5.0540512972186844e-05, 5.054051297225072e-05, -2.8706703796290692e-05], [-0.0008798563052081304, -0.0002434038833970518, -6.672093286568942e-05, 4.238994083247551e-05, -6.67209328657266e-05, 4.238993882041807e-05, 0.0012618577258311516, -0.00011580066257016828, -0.00024340388339701602, 0.0010786081975268217, 4.2389939823988846e-05, -3.236248004674537e-05, 4.2389940025105624e-05, -3.2362482536455854e-05, -0.00011580066230028448, -0.00022206256810259378, -0.00024340388339705207, 0.0010786081979298745, 4.2389938817468756e-05, -3.236248087629018e-05, 4.238994062848484e-05, -3.236248115282793e-05, -0.00011580066285437386, -0.00022206256810260026, 0.0010786081977336107, 0.003563627742069913, -3.236248253254718e-05, 0.00027518359065216875, -3.236247976629451e-05, 0.0002751835906521746, -0.0002220625681026216, -5.813214855424109e-05], [-0.00087985630520813, -6.672093286570062e-05, -0.00024340388339705288, 4.238994093353843e-05, -6.672093286574536e-05, 0.0012618577257111677, 4.238993882037331e-05, -0.00011580066259620786, -0.00024340388339701475, 4.2389939112303354e-05, 0.0010786081982218831, -3.236247993058084e-05, 4.238994006058792e-05, -0.00011580066339492472, -3.236248153204282e-05, -0.00022206256810259044, -0.00024340388339703735, 4.2389939548137096e-05, 0.0010786081971337486, -3.236248082747761e-05, 4.238994071296061e-05, -0.0001158006618987745, -3.2362482131181596e-05, -0.00022206256810259736, 0.001078608197714706, -3.236248253254718e-05, 0.003563627741905027, 0.0002751835906521536, -3.236247962733302e-05, -0.00022206256810264322, 0.0002751835906521984, -5.813214855424109e-05], [-0.0003363863602843303, -8.162266234271802e-05, -8.162266234269943e-05, 5.054051297220437e-05, 0.00043167433310092044, 0.00011324073247244085, 0.00011324073247245494, -0.00022206256810256808, -8.162266234272523e-05, 5.05405129722243e-05, 5.054051297221689e-05, 0.0002751835906521637, 0.0001132407324724683, -0.00022206256810257968, -0.0002220625681026219, 4.495111013122819e-05, -8.16226623427245e-05, 5.054051297220355e-05, 5.05405129722077e-05, 0.00027518359065215655, 0.00011324073247242971, -0.00022206256810262874, -0.00022206256810259484, 4.4951110131256684e-05, 5.054051297220193e-05, 0.00027518359065216875, 0.0002751835906521536, 0.0008108015942321789, -0.0002220625681025696, 4.495111013125706e-05, 4.495111013126968e-05, 0.00012353202339810616], [-0.000879856305208135, -6.672093286573057e-05, -6.672093286571287e-05, 0.001261857724359824, -0.00024340388339702464, 4.2389940933526885e-05, 4.2389940832441214e-05, -0.00011580066168779566, -0.00024340388339706112, 4.2389940359142723e-05, 4.238993917441245e-05, -0.00011580066475704486, 0.0010786081972005521, -3.236247962052592e-05, -3.2362481388343934e-05, -0.00022206256810258074, -0.0002434038833970085, 4.2389939652675185e-05, 4.2389940938484616e-05, -0.00011580066330299086, 0.0010786081961429923, -3.236248204584597e-05, -3.236248041706532e-05, -0.00022206256810257925, 0.0010786081983753986, -3.236247976629451e-05, -3.236247962733302e-05, -0.0002220625681025696, 0.0035636277400472, 0.0002751835906521392, 0.00027518359065213416, -5.813214855424397e-05], [-0.00033638636028432764, -8.162266234272092e-05, 0.00043167433310089794, 0.00011324073247243509, -8.16226623426915e-05, 5.054051297222357e-05, 0.00011324073247248958, -0.0002220625681025515, -8.162266234272198e-05, 5.0540512972167274e-05, 0.00011324073247243905, -0.0002220625681025822, 5.0540512972218245e-05, 0.00027518359065212836, -0.00022206256810261793, 4.495111013121484e-05, -8.162266234272092e-05, 5.0540512972145176e-05, 0.00011324073247250547, -0.00022206256810261473, 5.054051297226021e-05, 0.000275183590652202, -0.00022206256810257968, 4.4951110131191015e-05, 5.0540512972186844e-05, 0.0002751835906521746, -0.00022206256810264322, 4.495111013125706e-05, 0.0002751835906521392, 0.0008108015942323074, 4.495111013123431e-05, 0.00012353202339809825], [-0.00033638636028432927, 0.00043167433310093556, -8.162266234271404e-05, 0.0001132407324724333, -8.16226623427561e-05, 0.00011324073247245745, 5.054051297216863e-05, -0.00022206256810259484, -8.162266234274041e-05, 0.00011324073247244735, 5.054051297220364e-05, -0.00022206256810259012, 5.054051297214508e-05, -0.00022206256810261113, 0.0002751835906521746, 4.4951110131218785e-05, -8.162266234267273e-05, 0.00011324073247254409, 5.054051297221048e-05, -0.0002220625681025595, 5.0540512972217256e-05, -0.00022206256810257212, 0.0002751835906521486, 4.4951110131230345e-05, 5.054051297225072e-05, -0.0002220625681026216, 0.0002751835906521984, 4.495111013126968e-05, 0.00027518359065213416, 4.495111013123431e-05, 0.0008108015942322545, 0.00012353202339810763], [-5.7397715587401644e-05, 5.7786184832152905e-05, 5.778618483213554e-05, -2.870670379628167e-05, 5.778618483212315e-05, -2.8706703796330872e-05, -2.8706703796292407e-05, -5.813214855423206e-05, 5.7786184832141175e-05, -2.8706703796279914e-05, -2.8706703796283997e-05, -5.8132148554249114e-05, -2.870670379628679e-05, -5.813214855423658e-05, -5.8132148554242805e-05, 0.00012353202339809892, 5.7786184832136737e-05, -2.8706703796286972e-05, -2.870670379628549e-05, -5.813214855425084e-05, -2.870670379628882e-05, -5.813214855423551e-05, -5.81321485542465e-05, 0.00012353202339809605, -2.8706703796290692e-05, -5.813214855424109e-05, -5.813214855424109e-05, 0.00012353202339810616, -5.813214855424397e-05, 0.00012353202339809825, 0.00012353202339810763, 0.0004159235986215646]], [[0.1463584782394801, 0.023530193803558606, 0.023530193803558634, 0.0017636141637500879, 0.023530193803558627, 0.0017636141637500874, 0.0017636141637500844, -0.0004410533892443888, 0.023530193803558627, 0.0017636141637500942, 0.0017636141637500829, -0.00044105338924438727, 0.0017636141637500915, -0.00044105338924438716, -0.0004410533892443877, -0.00020804983039414976, 0.023530193803558617, 0.0017636141637500866, 0.0017636141637500902, -0.0004410533892443872, 0.0017636141637500866, -0.0004410533892443881, -0.0004410533892443879, -0.00020804983039415047, 0.0017636141637500898, -0.0004410533892443895, -0.0004410533892443886, -0.00020804983039415098, -0.00044105338924438944, -0.00020804983039414987, -0.0002080498303941502, -4.470245022078996e-05, 0.02353019380355862, 0.0017636141637500902, 0.0017636141637500846, -0.00044105338924438673, 0.0017636141637500902, -0.00044105338924438874, -0.0004410533892443863, -0.0002080498303941504, 0.001763614163750092, -0.00044105338924438825, -0.0004410533892443888, -0.00020804983039415028, -0.00044105338924438825, -0.0002080498303941505, -0.0002080498303941503, -4.470245022078983e-05, 0.0017636141637500937, -0.00044105338924438575, -0.0004410533892443884, -0.0002080498303941512, -0.00044105338924438716, -0.00020804983039415058, -0.00020804983039415063, -4.470245022079013e-05, -0.00044105338924438684, -0.00020804983039415036, -0.0002080498303941512, -4.4702450220790906e-05, -0.00020804983039414987, -4.4702450220790594e-05, -4.470245022079103e-05, 4.329305621423949e-06], [0.023530193803558606, 0.041148201475546924, -0.0017802774341145998, 0.004713536942122376, -0.0017802774341146358, 0.004713536942122393, -0.001860743214945488, -3.3142201521061844e-05, -0.0017802774341146117, 0.004713536942122362, -0.0018607432149454802, -3.314220152107597e-05, -0.001860743214945483, -3.3142201521055847e-05, -0.00019435637522094212, -8.686334945753684e-05, -0.0017802774341146175, 0.004713536942122389, -0.0018607432149454733, -3.314220152108256e-05, -0.0018607432149454729, -3.314220152108893e-05, -0.00019435637522094982, -8.686334945753191e-05, -0.001860743214945481, -3.314220152107992e-05, -0.00019435637522096527, -8.686334945753215e-05, -0.00019435637522094193, -8.686334945752596e-05, 0.00018162672360318277, 1.503311579561426e-05, -0.0017802774341145748, 0.004713536942122372, -0.0018607432149454893, -3.314220152106916e-05, -0.001860743214945477, -3.314220152107597e-05, -0.0001943563752209507, -8.686334945753025e-05, -0.0018607432149454824, -3.3142201521058266e-05, -0.00019435637522096708, -8.68633494575389e-05, -0.0001943563752209482, -8.686334945753912e-05, 0.0001816267236031976, 1.5033115795617611e-05, -0.001860743214945509, -3.3142201521088705e-05, -0.0001943563752209466, -8.686334945752243e-05, -0.00019435637522095985, -8.686334945753837e-05, 0.00018162672360320592, 1.5033115795619771e-05, -0.00019435637522094705, -8.686334945753044e-05, 0.0001816267236031989, 1.503311579562036e-05, 0.0001816267236031967, 1.5033115795618264e-05, 9.647816288069764e-05, 2.3377857449283833e-05], [0.023530193803558634, -0.0017802774341145998, 0.04114820147554691, 0.004713536942122379, -0.0017802774341145972, -0.001860743214945505, 0.004713536942122393, -3.314220152107809e-05, -0.0017802774341146154, -0.0018607432149454666, 0.004713536942122373, -3.3142201521076846e-05, -0.001860743214945494, -0.00019435637522095752, -3.314220152106733e-05, -8.686334945753364e-05, -0.001780277434114616, -0.0018607432149454898, 0.004713536942122396, -3.314220152106068e-05, -0.001860743214945491, -0.0001943563752209436, -3.314220152107941e-05, -8.686334945752874e-05, -0.001860743214945479, -0.00019435637522095256, -3.314220152105658e-05, -8.686334945753084e-05, -0.00019435637522095125, 0.00018162672360320258, -8.686334945751593e-05, 1.5033115795621554e-05, -0.0017802774341146306, -0.001860743214945484, 0.004713536942122406, -3.31422015210696e-05, -0.0018607432149454987, -0.00019435637522093518, -3.314220152106558e-05, -8.686334945753157e-05, -0.0018607432149454887, -0.0001943563752209627, -3.314220152106477e-05, -8.686334945752594e-05, -0.00019435637522094616, 0.00018162672360319768, -8.686334945753727e-05, 1.5033115795625784e-05, -0.0018607432149454874, -0.00019435637522095676, -3.314220152107187e-05, -8.686334945753435e-05, -0.00019435637522097145, 0.00018162672360320318, -8.686334945753361e-05, 1.5033115795623852e-05, -0.0001943563752209555, 0.00018162672360319434, -8.686334945752646e-05, 1.5033115795620644e-05, 0.00018162672360319627, 9.647816288069711e-05, 1.5033115795621403e-05, 2.3377857449278836e-05], [0.0017636141637500879, 0.004713536942122376, 0.004713536942122379, 0.01079645380506799, -0.0018607432149454943, -0.0008173934878314312, -0.0008173934881817882, 0.0008845344629207033, -0.0018607432149454714, -0.000817393488491759, -0.0008173934884902049, 0.0008845344619381934, 0.0002951079100592026, -0.00015338173415753355, -0.00015338173460654661, -9.447580510591446e-06, -0.0018607432149454763, -0.000817393488054906, -0.0008173934873019984, 0.0008845344636463954, 0.0002951079096392244, -0.0001533817341486165, -0.00015338173372365593, -9.4475799336692e-06, 0.00029510791002822554, -0.00015338173444894577, -0.00015338173355735558, -9.447579628009373e-06, 0.0006062042903532896, 8.435870510188596e-05, 8.435870531592599e-05, -4.008165022946424e-06, -0.0018607432149454742, -0.0008173934879172302, -0.0008173934883213405, 0.0008845344627785287, 0.0002951079099846833, -0.00015338173355737, -0.00015338173444894699, -9.447579475232584e-06, 0.0002951079105644299, -0.00015338173372364452, -0.00015338173414862166, -9.447580210682411e-06, 0.0006062042912211273, 8.435870525148028e-05, 8.435870529055985e-05, -4.008165022951072e-06, 0.00029510790935931573, -0.00015338173460656434, -0.00015338173415754543, -9.447579987457446e-06, 0.0006062042895129488, 8.435870494077339e-05, 8.43587048011139e-05, -4.008165022949498e-06, 0.0006062042904954562, 8.435870514255617e-05, 8.43587050291135e-05, -4.008165022957366e-06, -2.903465030472653e-05, -1.6294734411552287e-05, -1.6294734411544017e-05, -1.2964402559232798e-05], [0.023530193803558627, -0.0017802774341146358, -0.0017802774341145972, -0.0018607432149454943, 0.0411482014755469, 0.004713536942122412, 0.004713536942122398, -3.314220152107224e-05, -0.001780277434114584, -0.0018607432149454692, -0.001860743214945487, -0.00019435637522095632, 0.004713536942122402, -3.3142201521067996e-05, -3.314220152107567e-05, -8.686334945752762e-05, -0.0017802774341146182, -0.0018607432149454848, -0.0018607432149454937, -0.00019435637522094377, 0.0047135369421224, -3.3142201521056063e-05, -3.314220152107254e-05, -8.686334945752996e-05, -0.0018607432149454954, -0.00019435637522094806, -0.00019435637522095226, 0.00018162672360319873, -3.314220152107261e-05, -8.686334945753203e-05, -8.686334945753909e-05, 1.5033115795616027e-05, -0.0017802774341145937, -0.0018607432149454785, -0.0018607432149455086, -0.00019435637522095123, 0.004713536942122375, -3.3142201521075755e-05, -3.3142201521071215e-05, -8.686334945753421e-05, -0.0018607432149455086, -0.00019435637522095692, -0.00019435637522093982, 0.0001816267236032019, -3.3142201521067556e-05, -8.686334945752836e-05, -8.686334945751694e-05, 1.5033115795621569e-05, -0.0018607432149455021, -0.000194356375220957, -0.0001943563752209529, 0.0001816267236031883, -3.3142201521070185e-05, -8.686334945753486e-05, -8.686334945753296e-05, 1.5033115795616746e-05, -0.00019435637522095546, 0.00018162672360319277, 0.00018162672360319602, 9.64781628807067e-05, -8.686334945753516e-05, 1.5033115795618077e-05, 1.5033115795619895e-05, 2.337785744928634e-05], [0.0017636141637500874, 0.004713536942122393, -0.001860743214945505, -0.0008173934878314312, 0.004713536942122412, 0.010796453803983279, -0.0008173934879727615, 0.000884534462127123, -0.0018607432149454826, -0.0008173934878561092, 0.00029510790963099126, 