{"r1": 0.5988888888888889, "r2": 0.5988888888888889, "theta": 179.0, "sequence": [[[0.2005946336158345, 0.00261304746474253], [0.00261304746474253, 0.20054902617632292]], [[0.040434752396082886, 0.0010478815469674829, 0.0010478815476500816, 6.34896849059888e-06], [0.0010478815469674829, 0.1603222024445265, -1.8243041070077364e-06, 1.4405177760272263e-06], [0.0010478815476500816, -1.8243041070077364e-06, 0.1603222028345952, 1.4405150553759578e-06], [6.34896849059888e-06, 1.4405177760272263e-06, 1.4405150553759578e-06, 0.040416436787714116]], [[0.008182268556035861, 0.00020873541380387266, 0.00020873541380950518, 4.317159113959681e-06, 0.0002087354138029151, 4.317159113877418e-06, 4.317159113803204e-06, 1.3978306100503933e-08], [0.00020873541380387266, 0.032130283108297616, 3.663419550184417e-06, 0.00041893022486445814, 3.6634193143578586e-06, 0.0004189302248389388, -2.8813231732660403e-08, -1.176727324671501e-06], [0.00020873541380950518, 3.663419550184417e-06, 0.03213028310869675, 0.0004189302248567337, 3.6634195136987364e-06, -2.8813226647589693e-08, 0.00041893022481858023, -1.1767273246989933e-06], [4.317159113959681e-06, 0.00041893022486445814, 0.0004189302248567337, 0.032117476929928127, -2.8813212542102687e-08, -1.8301029951374275e-06, -1.830104363670214e-06, -2.8299724786172177e-07], [0.0002087354138029151, 3.6634193143578586e-06, 3.6634195136987364e-06, -2.8813212542102687e-08, 0.032130283108226534, 0.0004189302248202079, 0.0004189302248075819, -1.1767273246875365e-06], [4.317159113877418e-06, 0.0004189302248389388, -2.8813226647589693e-08, -1.8301029951374275e-06, 0.0004189302248202079, 0.03211747692385153, -1.8301073644505824e-06, -2.829972452738978e-07], [4.317159113803204e-06, -2.8813231732660403e-08, 0.00041893022481858023, -1.830104363670214e-06, 0.0004189302248075819, -1.8301073644505824e-06, 0.032117476921156546, -2.8299724353799254e-07], [1.3978306100503933e-08, -1.176727324671501e-06, -1.1767273246989933e-06, -2.8299724786172177e-07, -1.1767273246875365e-06, -2.829972452738978e-07, -2.8299724353799254e-07, 0.00817681203552668]], [[0.0008434190951516863, 4.89402416787746e-05, 4.8940241678777396e-05, 1.0447477114135383e-06, 4.8940241678781e-05, 1.0447477078066954e-06, 1.0447477124851347e-06, 2.7800235454902766e-08, 4.894024167877252e-05, 1.0447477113285659e-06, 1.0447477136997323e-06, 2.7800235409277863e-08, 1.044747716247142e-06, 2.780023542467597e-08, 2.780023536634419e-08, -1.357093705107562e-10], [4.89402416787746e-05, 0.006518317774025659, 1.0443059311523947e-06, 0.00016797454219439622, 1.044305931916792e-06, 0.0001679745428175118, 5.599644951227932e-09, 1.0171870868277913e-06, 1.0443059317401246e-06, 0.00016797454266206536, 5.599833789231626e-09, 1.0171870865830182e-06, 5.599517464551353e-09, 1.0171870844470485e-06, -1.7960091307093824e-10, -2.455811852780294e-09], [4.8940241678777396e-05, 1.0443059311523947e-06, 0.006518317774026769, 0.0001679745427961228, 1.0443059312248975e-06, 5.599531919726658e-09, 0.0001679745425760216, 1.0171870850726435e-06, 1.0443059304880278e-06, 5.599345318932168e-09, 0.00016797454250297634, 1.0171870868970845e-06, 5.5995968290933874e-09, -1.795972933254503e-10, 1.0171870866579694e-06, -2.4558118773452185e-09], [1.0447477114135383e-06, 0.00016797454219439622, 0.0001679745427961228, 0.02573428834236509, 5.599528992868318e-09, -2.925706508481597e-07, -2.9242932213520807e-07, 2.2832846309971864e-07, 5.599521399393132e-09, -2.926033687280601e-07, -2.9240093930429247e-07, 2.283284934031463e-07, 8.776051073294005e-11, -1.8026634340605786e-09, -1.805061732977747e-09, -1.662992518396696e-09], [4.8940241678781e-05, 1.044305931916792e-06, 1.0443059312248975e-06, 5.599528992868318e-09, 0.0065183177740254965, 0.0001679745426917272, 0.00016797454260377893, 1.0171870856340379e-06, 1.0443059314310857e-06, 5.599759209938264e-09, 5.599571797374144e-09, -1.7959998655960103e-10, 0.00016797454252493794, 1.0171870845806524e-06, 1.0171870865113344e-06, -2.4558118727877346e-09], [1.0447477078066954e-06, 0.0001679745428175118, 5.599531919726658e-09, -2.925706508481597e-07, 0.0001679745426917272, 0.025734288396900017, -2.9242633164669e-07, 2.2832806182409033e-07, 5.599841500173123e-09, -2.923019652521428e-07, 8.639441734049213e-11, -1.8047566387859086e-09, -2.925181421803425e-07, 2.2832682784358045e-07, -1.8042553094740566e-09, -1.6629835437430248e-09], [1.0447477124851347e-06, 5.599644951227932e-09, 0.0001679745425760216, -2.9242932213520807e-07, 0.00016797454260377893, -2.9242633164669e-07, 0.02573428827954456, 2.2832789462681792e-07, 5.599541355062658e-09, 9.726372361172836e-12, -2.9246388285450924e-07, -1.8040781572567073e-09, -2.9245099361878023e-07, -1.804188960066859e-09, 2.2832830781362285e-07, -1.6629872075951771e-09], [2.7800235454902766e-08, 1.0171870868277913e-06, 1.0171870850726435e-06, 2.2832846309971864e-07, 1.0171870856340379e-06, 2.2832806182409033e-07, 2.2832789462681792e-07, 0.006514335791318447, -1.796002830115666e-10, -1.8039935053477208e-09, -1.8048110374980444e-09, -1.9175673490865077e-09, -1.8040928208423239e-09, -1.917569594964635e-09, -1.9175624211490785e-09, -5.876279723885373e-07], [4.894024167877252e-05, 1.0443059317401246e-06, 1.0443059304880278e-06, 5.599521399393132e-09, 1.0443059314310857e-06, 5.599841500173123e-09, 5.599541355062658e-09, -1.796002830115666e-10, 0.0065183177740256275, 0.0001679745426505473, 0.00016797454238235196, 1.017187087531357e-06, 0.00016797454247317588, 1.0171870846624362e-06, 1.017187088626023e-06, -2.4558118653929583e-09], [1.0447477113285659e-06, 0.00016797454266206536, 5.599345318932168e-09, -2.926033687280601e-07, 5.599759209938264e-09, -2.923019652521428e-07, 9.726372361172836e-12, -1.8039935053477208e-09, 0.0001679745426505473, 0.025734288340854398, -2.924235235617668e-07, 2.2832866157141072e-07, -2.924884156622866e-07, 2.2832701146425136e-07, -1.8039474767379815e-09, -1.6629881451096676e-09], [1.0447477136997323e-06, 5.599833789231626e-09, 0.00016797454250297634, -2.9240093930429247e-07, 5.599571797374144e-09, 8.639441734049213e-11, -2.9246388285450924e-07, -1.8048110374980444e-09, 0.00016797454238235196, -2.924235235617668e-07, 0.025734288209459062, 2.2832816595799918e-07, -2.925102053123775e-07, -1.8043302902313409e-09, 2.2832920982711258e-07, -1.662987887777996e-09], [2.7800235409277863e-08, 1.0171870865830182e-06, 1.0171870868970845e-06, 2.283284934031463e-07, -1.7959998655960103e-10, -1.8047566387859086e-09, -1.8040781572567073e-09, -1.9175673490865077e-09, 1.017187087531357e-06, 2.2832866157141072e-07, 2.2832816595799918e-07, 0.006514335791312385, -1.8038871038701258e-09, -1.917569826639028e-09, -1.9175705140020963e-09, -5.876279723616901e-07], [1.044747716247142e-06, 5.599517464551353e-09, 5.5995968290933874e-09, 8.776051073294005e-11, 0.00016797454252493794, -2.925181421803425e-07, -2.9245099361878023e-07, -1.8040928208423239e-09, 0.00016797454247317588, -2.924884156622866e-07, -2.925102053123775e-07, -1.8038871038701258e-09, 0.025734288326321703, 2.2832862106185845e-07, 2.2832830467741735e-07, -1.6629883385086365e-09], [2.780023542467597e-08, 1.0171870844470485e-06, -1.795972933254503e-10, -1.8026634340605786e-09, 1.0171870845806524e-06, 2.2832682784358045e-07, -1.804188960066859e-09, -1.917569594964635e-09, 1.0171870846624362e-06, 2.2832701146425136e-07, -1.8043302902313409e-09, -1.917569826639028e-09, 2.2832862106185845e-07, 0.006514335791332639, -1.9175699670050583e-09, -5.876279724163491e-07], [2.780023536634419e-08, -1.7960091307093824e-10, 1.0171870866579694e-06, -1.805061732977747e-09, 1.0171870865113344e-06, -1.8042553094740566e-09, 2.2832830781362285e-07, -1.9175624211490785e-09, 1.017187088626023e-06, -1.8039474767379815e-09, 2.2832920982711258e-07, -1.9175705140020963e-09, 2.2832830467741735e-07, -1.9175699670050583e-09, 0.006514335791309769, -5.876279724031832e-07], [-1.357093705107562e-10, -2.455811852780294e-09, -2.4558118773452185e-09, -1.662992518396696e-09, -2.4558118727877346e-09, -1.6629835437430248e-09, -1.6629872075951771e-09, -5.876279723885373e-07, -2.4558118653929583e-09, -1.6629881451096676e-09, -1.662987887777996e-09, -5.876279723616901e-07, -1.6629883385086365e-09, -5.876279724163491e-07, -5.876279724031832e-07, 0.000841731733139228]], [[0.000169682318576952, 5.973776092634665e-06, 5.9737760926299185e-06, 2.3891033062324964e-07, 5.97377609263215e-06, 2.3891033065716346e-07, 2.3891033052152395e-07, 6.398317105586615e-09, 5.973776092632179e-06, 2.3891033078275145e-07, 2.3891033055752544e-07, 6.398317104976126e-09, 2.389103307264977e-07, 6.3983171040747486e-09, 6.3983171052964025e-09, 2.4105517303457184e-11, 5.973776092636274e-06, 2.389103308414784e-07, 2.389103306468769e-07, 6.39831710414933e-09, 2.3891033071002684e-07, 6.398317103910168e-09, 6.398317105133122e-09, 2.410551730847436e-11, 2.3891033084311753e-07, 6.3983171023157324e-09, 6.398317104741263e-09, 2.410551731239851e-11, 6.398317103550513e-09, 2.4105517306605808e-11, 2.410551730706105e-11, -2.8443088151388654e-12], [5.973776092634665e-06, 0.0013064025798298542, 2.538730496582973e-07, 3.3829136921249286e-05, 2.538674529376003e-07, 3.382913604281791e-05, 4.59443766286185e-09, 6.893278590379572e-07, 2.5386449985974806e-07, 3.382913627684115e-05, 4.594661340729388e-09, 6.893278569909121e-07, 4.593945106231643e-09, 6.893278640796762e-07, -9.238249350575328e-12, 2.2549783029166536e-09, 2.5386570611869634e-07, 3.3829136281018e-05, 4.594617749997152e-09, 6.89327857307091e-07, 4.593895669441565e-09, 6.89327864245192e-07, -9.237938467367336e-12, 2.2549783046060695e-09, 4.593934630235309e-09, 6.89327863288285e-07, -9.23918824561426e-12, 2.2549783191145904e-09, -9.232734026011725e-12, 2.2549782751030058e-09, -9.850662701843001e-13, -1.1775220899584498e-10], [5.9737760926299185e-06, 2.538730496582973e-07, 0.0013064025776392935, 3.3829136530069156e-05, 2.5385817817376646e-07, 4.5949821969831566e-09, 3.38291362377005e-05, 6.89327857685891e-07, 2.5387507029977116e-07, 4.594649191294066e-09, 3.382913591013429e-05, 6.893278604233821e-07, 4.594222101642205e-09, -9.241851141098424e-12, 6.893278635408802e-07, 2.254978306786025e-09, 2.5386659961740214e-07, 4.5944767068420354e-09, 3.382913582726993e-05, 6.893278614954383e-07, 4.5941416312099705e-09, -9.240628390626418e-12, 6.893278644508035e-07, 2.254978306169009e-09, 4.593964948436648e-09, -9.238867117822352e-12, 6.893278666463171e-07, 2.254978299776102e-09, -9.235120522744666e-12, -9.850474724118277e-13, 2.254978278856021e-09, -1.177522377529661e-10], [2.3891033062324964e-07, 3.3829136921249286e-05, 3.3829136530069156e-05, 0.005177858472822492, 4.594165231092492e-09, 5.839934909079295e-07, 5.839579826310802e-07, 6.715587092577444e-05, 4.5939893091140815e-09, 5.839607460467405e-07, 5.840013268170338e-07, 6.715587089413421e-05, -9.08852037204394e-11, -4.590657005573031e-09, -4.590541965154504e-09, -1.8752744185886533e-07, 4.593883250424756e-09, 5.839677841543782e-07, 5.839685689001668e-07, 6.715587075934912e-05, -6.252431666204833e-11, -4.590593089399057e-09, -4.590503516300139e-09, -1.8752744058800976e-07, -7.493939679780404e-11, -4.590408215337565e-09, -4.590636381212612e-09, -1.875274411779096e-07, 7.425230283585836e-13, 8.381030835119835e-12, 8.381423286348588e-12, 2.5047274329244257e-10], [5.97377609263215e-06, 2.538674529376003e-07, 2.5385817817376646e-07, 4.594165231092492e-09, 0.0013064025816115128, 3.3829136274062405e-05, 3.382913671017462e-05, 6.893278603103836e-07, 2.5385755518196353e-07, 4.594083151335537e-09, 4.594531220998261e-09, -9.236933509768278e-12, 3.3829136747562544e-05, 6.893278604761206e-07, 6.893278567954874e-07, 2.2549783025480305e-09, 2.5388573992418606e-07, 4.5937988729091625e-09, 4.59417705290112e-09, -9.234496747385424e-12, 3.382913634515947e-05, 6.893278631445351e-07, 6.893278597077649e-07, 2.2549782873765744e-09, 4.594147683335643e-09, -9.233946233139308e-12, -9.237491562625582e-12, -9.850977058098739e-13, 6.893278596774906e-07, 2.254978296562577e-09, 2.2549782972202234e-09, -1.1775236409587982e-10], [2.3891033065716346e-07, 3.382913604281791e-05, 4.5949821969831566e-09, 5.839934909079295e-07, 3.3829136274062405e-05, 0.005177858446411896, 5.839954376719259e-07, 6.715587066495046e-05, 4.594297656300896e-09, 5.839389849364394e-07, -8.146738176091437e-11, -4.590386620155216e-09, 5.839982909507155e-07, 6.715587103922174e-05, -4.590650350184998e-09, -1.875274418106608e-07, 4.5938953934584955e-09, 5.839694111824048e-07, -6.288936041268873e-11, -4.590602488246319e-09, 5.839401011794411e-07, 6.715587108999694e-05, -4.590422851366661e-09, -1.875274398154463e-07, -4.157852132369563e-11, -4.590502489468619e-09, 4.016723647511485e-13, 8.380258859521248e-12, -4.590677111945576e-09, -1.8752744184871224e-07, 8.382075991372948e-12, 2.504727464384351e-10], [2.3891033052152395e-07, 4.59443766286185e-09, 3.38291362377005e-05, 5.839579826310802e-07, 3.382913671017462e-05, 5.839954376719259e-07, 0.005177858488309318, 6.715587064301155e-05, 4.594286489488958e-09, -5.7798040981184456e-11, 5.839731375664167e-07, -4.590497695181866e-09, 5.839478977014885e-07, -4.590487904099124e-09, 6.71558708651897e-05, -1.8752743919228115e-07, 4.593785766111741e-09, -1.0728867782859259e-10, 5.839869658362272e-07, -4.590247436264264e-09, 5.839776933006809e-07, -4.590444912723918e-09, 6.715587064012719e-05, -1.875274415520903e-07, -6.911963251813734e-11, 5.320136373652847e-13, -4.5906083238911975e-09, 8.379596371102535e-12, -4.590388455068226e-09, 8.380906622886649e-12, -1.8752744091084864e-07, 2.5047274802971856e-10], [6.398317105586615e-09, 6.893278590379572e-07, 6.89327857685891e-07, 6.715587092577444e-05, 6.893278603103836e-07, 6.715587066495046e-05, 6.715587064301155e-05, 0.00517493260169105, -9.236200141230313e-12, -4.5903629709409416e-09, -4.590544731215221e-09, -2.927352145375157e-07, -4.590409231670386e-09, -2.9278899455734796e-07, -2.92781598786788e-07, 3.786397920983375e-08, -9.232071827100496e-12, -4.590361923600846e-09, -4.590653218642132e-09, -2.927705195426901e-07, -4.59026237179779e-09, -2.9276547433440145e-07, -2.927715067974326e-07, 3.7863982870951796e-08, 3.3891212798986814e-13, 6.1574175057925915e-12, 8.17179609078896e-12, 5.453340702679056e-10, 5.531851800351721e-11, 5.454636121173516e-10, 5.454683284529054e-10, -3.897974222527472e-08], [5.973776092632179e-06, 2.5386449985974806e-07, 2.5387507029977116e-07, 4.5939893091140815e-09, 2.5385755518196353e-07, 4.594297656300896e-09, 4.594286489488958e-09, -9.236200141230313e-12, 0.001306402558183117, 3.38291365115129e-05, 3.382913651002923e-05, 6.893278610441613e-07, 3.3829136711822104e-05, 6.893278590145825e-07, 6.893278589256527e-07, 2.2549783142040993e-09, 2.538952291874388e-07, 4.594019009631123e-09, 4.593959956238424e-09, -9.234021292911647e-12, 4.5942130952621185e-09, -9.23624535984894e-12, -9.236053660140396e-12, -9.850785317928208e-13, 3.382913649553898e-05, 6.893278607010461e-07, 6.893278608477736e-07, 2.2549782899449173e-09, 6.89327859077834e-07, 2.2549782938570456e-09, 2.254978314760898e-09, -1.1775224138945452e-10], [2.3891033078275145e-07, 3.382913627684115e-05, 4.594649191294066e-09, 5.839607460467405e-07, 4.594083151335537e-09, 5.839389849364394e-07, -5.7798040981184456e-11, -4.5903629709409416e-09, 3.38291365115129e-05, 0.005177858481411287, 5.839886990996638e-07, 6.715587064830722e-05, 5.839812033025227e-07, 6.715587099168857e-05, -4.59065604818216e-09, -1.8752744235993341e-07, 4.59399190620546e-09, 5.839999139705869e-07, -7.305719301185147e-11, -4.590493798531838e-09, -7.584986636690417e-11, -4.590500709918708e-09, 4.664686675041691e-13, 8.381104050437409e-12, 5.839567751760547e-07, 6.715587076213266e-05, -4.5904643871749e-09, -1.8752744051411897e-07, -4.5904915089274605e-09, -1.8752744183505709e-07, 8.382708798007392e-12, 2.5047274411565194e-10], [2.3891033055752544e-07, 4.594661340729388e-09, 3.382913591013429e-05, 5.840013268170338e-07, 4.594531220998261e-09, -8.146738176091437e-11, 5.839731375664167e-07, -4.590544731215221e-09, 3.382913651002923e-05, 5.839886990996638e-07, 0.005177858413153244, 6.715587091370491e-05, 5.840094574552702e-07, -4.590708516341188e-09, 6.71558708956564e-05, -1.8752743959188753e-07, 4.593836594681995e-09, -5.774037971293945e-11, 5.83961490849014e-07, -4.59066619762875e-09, -8.908743118817453e-11, 6.002500994270759e-13, -4.590419981588829e-09, 8.37919793290945e-12, 5.839783246785244e-07, -4.590737405438953e-09, 6.715587119156301e-05, -1.8752744121040846e-07, -4.59058105210769e-09, 8.380760223285403e-12, -1.8752744023030608e-07, 2.504727466918301e-10], [6.398317104976126e-09, 6.893278569909121e-07, 6.893278604233821e-07, 6.715587089413421e-05, -9.236933509768278e-12, -4.590386620155216e-09, -4.590497695181866e-09, -2.927352145375157e-07, 6.893278610441613e-07, 6.715587064830722e-05, 6.715587091370491e-05, 0.005174932620783352, -4.590666315496729e-09, -2.928034548548614e-07, -2.927865793420956e-07, 3.786386703313873e-08, -9.232831558132616e-12, -4.590757290304068e-09, -4.59054256551367e-09, -2.927862696957624e-07, 6.051683530228701e-13, 2.4277068380222034e-11, 4.258483674916719e-12, 5.454486929625651e-10, -4.590277458117427e-09, -2.9277840100097163e-07, -2.9276213266724093e-07, 3.78640006065075e-08, 6.030986344690241e-11, 5.453282106835601e-10, 5.455790230446222e-10, -3.8979742191384215e-08], [2.389103307264977e-07, 4.593945106231643e-09, 4.594222101642205e-09, -9.08852037204394e-11, 3.3829136747562544e-05, 5.839982909507155e-07, 5.839478977014885e-07, -4.590409231670386e-09, 3.3829136711822104e-05, 5.839812033025227e-07, 5.840094574552702e-07, -4.590666315496729e-09, 0.0051778584526876665, 6.715587075806078e-05, 6.71558708975558e-05, -1.8752743961687749e-07, 4.593874007424037e-09, -7.828239806170318e-11, -7.933919161677139e-11, 6.053322918169614e-13, 5.840030639411297e-07, -4.590714721353509e-09, -4.590436756743971e-09, 8.380139903601974e-12, 5.839552910806622e-07, -4.590310169271887e-09, -4.59055576320181e-09, 8.380150273592145e-12, 6.715587075215086e-05, -1.8752744185243762e-07, -1.875274397922412e-07, 2.5047274928436326e-10], [6.3983171040747486e-09, 6.893278640796762e-07, -9.241851141098424e-12, -4.590657005573031e-09, 6.893278604761206e-07, 6.715587103922174e-05, -4.590487904099124e-09, -2.9278899455734796e-07, 6.893278590145825e-07, 6.715587099168857e-05, -4.590708516341188e-09, -2.928034548548614e-07, 6.715587075806078e-05, 0.0051749326511039825, -2.9276475293869013e-07, 3.78639299854531e-08, -9.233257181109292e-12, -4.5905491981707825e-09, 7.090459639207181e-13, 2.843050916294524e-11, -4.5906177016949536e-09, -2.927807674950095e-07, 5.0670916830351716e-11, 5.455169028737082e-10, -4.590559373307113e-09, -2.9275928653411657e-07, 4.5729437698902424e-11, 5.452821936701143e-10, -2.928209475912227e-07, 3.786391637462834e-08, 5.455792929776036e-10, -3.897974220108716e-08], [6.3983171052964025e-09, -9.238249350575328e-12, 6.893278635408802e-07, -4.590541965154504e-09, 6.893278567954874e-07, -4.590650350184998e-09, 6.71558708651897e-05, -2.92781598786788e-07, 6.893278589256527e-07, -4.59065604818216e-09, 6.71558708956564e-05, -2.927865793420956e-07, 6.71558708975558e-05, -2.9276475293869013e-07, 0.0051749326240197535, 3.786410093694033e-08, -9.232060670123321e-12, 7.43335778987777e-13, -4.590475437149482e-09, 3.559682228441698e-11, -4.5906171336281484e-09, 3.277183799697096e-11, -2.92775302396912e-07, 5.453414977819346e-10, -4.5904903285287265e-09, 3.6291968020048335e-11, -2.92776938379358e-07, 5.453162477249282e-10, -2.927840303242726e-07, 5.454071170357959e-10, 3.7864069650492014e-08, -3.8979742290410275e-08], [2.4105517303457184e-11, 2.2549783029166536e-09, 2.254978306786025e-09, -1.8752744185886533e-07, 2.2549783025480305e-09, -1.875274418106608e-07, -1.8752743919228115e-07, 3.786397920983375e-08, 2.2549783142040993e-09, -1.8752744235993341e-07, -1.8752743959188753e-07, 3.786386703313873e-08, -1.8752743961687749e-07, 3.78639299854531e-08, 3.786410093694033e-08, 0.0013052383312260264, -9.851026211085783e-13, 8.378611292574273e-12, 8.381372184123373e-12, 5.453318689959845e-10, 8.381358251763244e-12, 5.453973109038523e-10, 5.455815575046218e-10, -2.395513369009688e-08, 8.380959595440371e-12, 5.452542146442524e-10, 5.454800217212504e-10, -2.399838401924828e-08, 5.455337677654895e-10, -2.3961941386547407e-08, -2.403472233423761e-08, -3.945400581615101e-06], [5.973776092636274e-06, 2.5386570611869634e-07, 2.5386659961740214e-07, 4.593883250424756e-09, 2.5388573992418606e-07, 4.5938953934584955e-09, 4.593785766111741e-09, -9.232071827100496e-12, 2.538952291874388e-07, 4.59399190620546e-09, 4.593836594681995e-09, -9.232831558132616e-12, 4.593874007424037e-09, -9.233257181109292e-12, -9.232060670123321e-12, -9.851026211085783e-13, 0.0013064025372640667, 3.382913695845736e-05, 3.382913690488991e-05, 6.89327858188268e-07, 3.382913691334711e-05, 6.893278578103689e-07, 6.893278585580141e-07, 2.2549783050302444e-09, 3.382913698543939e-05, 6.893278570649153e-07, 6.89327857804393e-07, 2.2549783138578675e-09, 6.893278574278383e-07, 2.2549783079343788e-09, 2.254978299577027e-09, -1.1775224433340997e-10], [2.389103308414784e-07, 3.3829136281018e-05, 4.5944767068420354e-09, 5.839677841543782e-07, 4.5937988729091625e-09, 5.839694111824048e-07, -1.0728867782859259e-10, -4.590361923600846e-09, 4.594019009631123e-09, 5.839999139705869e-07, -5.774037971293945e-11, -4.590757290304068e-09, -7.828239806170318e-11, -4.5905491981707825e-09, 7.43335778987777e-13, 8.378611292574273e-12, 3.382913695845736e-05, 0.005177858468694744, 5.839869463055684e-07, 6.71558708695055e-05, 5.840011158257602e-07, 6.715587073287311e-05, -4.590533344064765e-09, -1.875274394127617e-07, 5.839504866136784e-07, 6.715587093734825e-05, -4.590616048036498e-09, -1.8752743970541943e-07, -4.590562547410832e-09, -1.8752743970304898e-07, 8.379339028755704e-12, 2.5047274531961007e-10], [2.389103306468769e-07, 4.594617749997152e-09, 3.382913582726993e-05, 5.839685689001668e-07, 4.59417705290112e-09, -6.288936041268873e-11, 5.839869658362272e-07, -4.590653218642132e-09, 4.593959956238424e-09, -7.305719301185147e-11, 5.83961490849014e-07, -4.59054256551367e-09, -7.933919161677139e-11, 7.090459639207181e-13, -4.590475437149482e-09, 8.381372184123373e-12, 3.382913690488991e-05, 5.839869463055684e-07, 0.005177858463840236, 6.715587081152839e-05, 5.839678524777722e-07, -4.590603320794081e-09, 6.71558709181961e-05, -1.875274412436576e-07, 5.839760152573148e-07, -4.590563515329565e-09, 6.715587101923e-05, -1.8752744048904918e-07, -4.590663705734545e-09, 8.382037330935115e-12, -1.8752744278211676e-07, 2.5047274633844357e-10], [6.39831710414933e-09, 6.89327857307091e-07, 6.893278614954383e-07, 6.715587075934912e-05, -9.234496747385424e-12, -4.590602488246319e-09, -4.590247436264264e-09, -2.927705195426901e-07, -9.234021292911647e-12, -4.590493798531838e-09, -4.59066619762875e-09, -2.927862696957624e-07, 6.053322918169614e-13, 2.843050916294524e-11, 3.559682228441698e-11, 5.453318689959845e-10, 6.89327858188268e-07, 6.71558708695055e-05, 6.715587081152839e-05, 0.005174932599483259, -4.590696106032535e-09, -2.9277277338699685e-07, -2.927609244173973e-07, 3.7863985105603084e-08, -4.590389236854318e-09, -2.927445230557233e-07, -2.9277372589475913e-07, 3.786412194153683e-08, 3.810862489676214e-12, 5.454833498987796e-10, 5.453071177555601e-10, -3.8979742241294235e-08], [2.3891033071002684e-07, 4.593895669441565e-09, 4.5941416312099705e-09, -6.252431666204833e-11, 3.382913634515947e-05, 5.839401011794411e-07, 5.839776933006809e-07, -4.59026237179779e-09, 4.5942130952621185e-09, -7.584986636690417e-11, -8.908743118817453e-11, 6.051683530228701e-13, 5.840030639411297e-07, -4.5906177016949536e-09, -4.5906171336281484e-09, 8.381358251763244e-12, 3.382913691334711e-05, 5.840011158257602e-07, 5.839678524777722e-07, -4.590696106032535e-09, 0.005177858473124744, 6.715587081978448e-05, 6.715587072848027e-05, -1.875274403862827e-07, 5.839611719590489e-07, -4.590547365898686e-09, -4.590337342315367e-09, 8.380955270331822e-12, 6.715587087644719e-05, -1.8752744041703687e-07, -1.8752744260376304e-07, 2.504727463087098e-10], [6.398317103910168e-09, 6.89327864245192e-07, -9.240628390626418e-12, -4.590593089399057e-09, 6.893278631445351e-07, 6.715587108999694e-05, -4.590444912723918e-09, -2.9276547433440145e-07, -9.23624535984894e-12, -4.590500709918708e-09, 6.002500994270759e-13, 2.4277068380222034e-11, -4.590714721353509e-09, -2.927807674950095e-07, 3.277183799697096e-11, 5.453973109038523e-10, 6.893278578103689e-07, 6.715587073287311e-05, -4.590603320794081e-09, -2.9277277338699685e-07, 6.715587081978448e-05, 0.005174932611459295, -2.927802173856233e-07, 3.786405139386691e-08, -4.590458115982231e-09, -2.927720124026299e-07, 2.984050488465653e-11, 5.454056991601315e-10, -2.927695337096857e-07, 3.786404583952017e-08, 5.453237592975497e-10, -3.8979742194078495e-08], [6.398317105133122e-09, -9.237938467367336e-12, 6.893278644508035e-07, -4.590503516300139e-09, 6.893278597077649e-07, -4.590422851366661e-09, 6.715587064012719e-05, -2.927715067974326e-07, -9.236053660140396e-12, 4.664686675041691e-13, -4.590419981588829e-09, 4.258483674916719e-12, -4.590436756743971e-09, 5.0670916830351716e-11, -2.92775302396912e-07, 5.455815575046218e-10, 6.893278585580141e-07, -4.590533344064765e-09, 6.71558709181961e-05, -2.927609244173973e-07, 6.715587072848027e-05, -2.927802173856233e-07, 0.005174932605970953, 3.786387005900077e-08, -4.590460282353437e-09, 2.2888610411215277e-11, -2.9275646468571337e-07, 5.45431833253736e-10, -2.9278064031773174e-07, 5.455117605592148e-10, 3.786383540925962e-08, -3.8979742250678533e-08], [2.410551730847436e-11, 2.2549783046060695e-09, 2.254978306169009e-09, -1.8752744058800976e-07, 2.2549782873765744e-09, -1.875274398154463e-07, -1.875274415520903e-07, 3.7863982870951796e-08, -9.850785317928208e-13, 8.381104050437409e-12, 8.37919793290945e-12, 5.454486929625651e-10, 8.380139903601974e-12, 5.455169028737082e-10, 5.453414977819346e-10, -2.395513369009688e-08, 2.2549783050302444e-09, -1.875274394127617e-07, -1.875274412436576e-07, 3.7863985105603084e-08, -1.875274403862827e-07, 3.786405139386691e-08, 3.786387005900077e-08, 0.0013052382906019015, 8.380383893493465e-12, 5.455365228558233e-10, 5.453232363725152e-10, -2.3973837808499974e-08, 5.453997815426657e-10, -2.4006613064593363e-08, -2.397397044323371e-08, -3.945400581628211e-06], [2.3891033084311753e-07, 4.593934630235309e-09, 4.593964948436648e-09, -7.493939679780404e-11, 4.594147683335643e-09, -4.157852132369563e-11, -6.911963251813734e-11, 3.3891212798986814e-13, 3.382913649553898e-05, 5.839567751760547e-07, 5.839783246785244e-07, -4.590277458117427e-09, 5.839552910806622e-07, -4.590559373307113e-09, -4.5904903285287265e-09, 8.380959595440371e-12, 3.382913698543939e-05, 5.839504866136784e-07, 5.839760152573148e-07, -4.590389236854318e-09, 5.839611719590489e-07, -4.590458115982231e-09, -4.590460282353437e-09, 8.380383893493465e-12, 0.00517785850982689, 6.71558707517468e-05, 6.715587051926432e-05, -1.875274398686218e-07, 6.715587090705732e-05, -1.875274410205577e-07, -1.8752744132760084e-07, 2.504727435430388e-10], [6.3983171023157324e-09, 6.89327863288285e-07, -9.238867117822352e-12, -4.590408215337565e-09, -9.233946233139308e-12, -4.590502489468619e-09, 5.320136373652847e-13, 6.1574175057925915e-12, 6.893278607010461e-07, 6.715587076213266e-05, -4.590737405438953e-09, -2.9277840100097163e-07, -4.590310169271887e-09, -2.9275928653411657e-07, 3.6291968020048335e-11, 5.452542146442524e-10, 6.893278570649153e-07, 6.715587093734825e-05, -4.590563515329565e-09, -2.927445230557233e-07, -4.590547365898686e-09, -2.927720124026299e-07, 2.2888610411215277e-11, 5.455365228558233e-10, 6.71558707517468e-05, 0.005174932609941532, -2.927943998375909e-07, 3.7864088283591537e-08, -2.927666772802472e-07, 3.786400120475373e-08, 5.453588491225087e-10, -3.8979742319389806e-08], [6.398317104741263e-09, -9.23918824561426e-12, 6.893278666463171e-07, -4.590636381212612e-09, -9.237491562625582e-12, 4.016723647511485e-13, -4.5906083238911975e-09, 8.17179609078896e-12, 6.893278608477736e-07, -4.5904643871749e-09, 6.715587119156301e-05, -2.9276213266724093e-07, -4.59055576320181e-09, 4.5729437698902424e-11, -2.92776938379358e-07, 5.454800217212504e-10, 6.89327857804393e-07, -4.590616048036498e-09, 6.715587101923e-05, -2.9277372589475913e-07, -4.590337342315367e-09, 2.984050488465653e-11, -2.9275646468571337e-07, 5.453232363725152e-10, 6.715587051926432e-05, -2.927943998375909e-07, 0.005174932624608038, 3.7864093171239e-08, -2.92787548184389e-07, 5.453446477209801e-10, 3.786397744687555e-08, -3.897974215508684e-08], [2.410551731239851e-11, 2.2549783191145904e-09, 2.254978299776102e-09, -1.875274411779096e-07, -9.850977058098739e-13, 8.380258859521248e-12, 8.379596371102535e-12, 5.453340702679056e-10, 2.2549782899449173e-09, -1.8752744051411897e-07, -1.8752744121040846e-07, 3.78640006065075e-08, 8.380150273592145e-12, 5.452821936701143e-10, 5.453162477249282e-10, -2.399838401924828e-08, 2.2549783138578675e-09, -1.8752743970541943e-07, -1.8752744048904918e-07, 3.786412194153683e-08, 8.380955270331822e-12, 5.454056991601315e-10, 5.45431833253736e-10, -2.3973837808499974e-08, -1.875274398686218e-07, 3.7864088283591537e-08, 3.7864093171239e-08, 0.0013052383942216514, 5.453812245837685e-10, -2.4041854247152393e-08, -2.399909870621836e-08, -3.94540058162815e-06], [6.398317103550513e-09, -9.232734026011725e-12, -9.235120522744666e-12, 7.425230283585836e-13, 6.893278596774906e-07, -4.590677111945576e-09, -4.590388455068226e-09, 5.531851800351721e-11, 6.89327859077834e-07, -4.5904915089274605e-09, -4.59058105210769e-09, 6.030986344690241e-11, 6.715587075215086e-05, -2.928209475912227e-07, -2.927840303242726e-07, 5.455337677654895e-10, 6.893278574278383e-07, -4.590562547410832e-09, -4.590663705734545e-09, 3.810862489676214e-12, 6.715587087644719e-05, -2.927695337096857e-07, -2.9278064031773174e-07, 5.453997815426657e-10, 6.715587090705732e-05, -2.927666772802472e-07, -2.92787548184389e-07, 5.453812245837685e-10, 0.005174932647888327, 3.78639542106716e-08, 3.786395582018994e-08, -3.897974220448498e-08], [2.4105517306605808e-11, 2.2549782751030058e-09, -9.850474724118277e-13, 8.381030835119835e-12, 2.254978296562577e-09, -1.8752744184871224e-07, 8.380906622886649e-12, 5.454636121173516e-10, 2.2549782938570456e-09, -1.8752744183505709e-07, 8.380760223285403e-12, 5.453282106835601e-10, -1.8752744185243762e-07, 3.786391637462834e-08, 5.454071170357959e-10, -2.3961941386547407e-08, 2.2549783079343788e-09, -1.8752743970304898e-07, 8.382037330935115e-12, 5.454833498987796e-10, -1.8752744041703687e-07, 3.786404583952017e-08, 5.455117605592148e-10, -2.4006613064593363e-08, -1.875274410205577e-07, 3.786400120475373e-08, 5.453446477209801e-10, -2.4041854247152393e-08, 3.78639542106716e-08, 0.001305238390530887, -2.399907444725169e-08, -3.9454005816331205e-06], [2.410551730706105e-11, -9.850662701843001e-13, 2.254978278856021e-09, 8.381423286348588e-12, 2.2549782972202234e-09, 8.382075991372948e-12, -1.8752744091084864e-07, 5.454683284529054e-10, 2.254978314760898e-09, 8.382708798007392e-12, -1.8752744023030608e-07, 5.455790230446222e-10, -1.875274397922412e-07, 5.455792929776036e-10, 3.7864069650492014e-08, -2.403472233423761e-08, 2.254978299577027e-09, 8.379339028755704e-12, -1.8752744278211676e-07, 5.453071177555601e-10, -1.8752744260376304e-07, 5.453237592975497e-10, 3.786383540925962e-08, -2.397397044323371e-08, -1.8752744132760084e-07, 5.453588491225087e-10, 3.786397744687555e-08, -2.399909870621836e-08, 3.786395582018994e-08, -2.399907444725169e-08, 0.001305238387912895, -3.945400581628815e-06], [-2.8443088151388654e-12, -1.1775220899584498e-10, -1.177522377529661e-10, 2.5047274329244257e-10, -1.1775236409587982e-10, 2.504727464384351e-10, 2.5047274802971856e-10, -3.897974222527472e-08, -1.1775224138945452e-10, 2.5047274411565194e-10, 2.504727466918301e-10, -3.8979742191384215e-08, 2.5047274928436326e-10, -3.897974220108716e-08, -3.8979742290410275e-08, -3.945400581615101e-06, -1.1775224433340997e-10, 2.5047274531961007e-10, 2.5047274633844357e-10, -3.8979742241294235e-08, 2.504727463087098e-10, -3.8979742194078495e-08, -3.8979742250678533e-08, -3.945400581628211e-06, 2.504727435430388e-10, -3.8979742319389806e-08, -3.897974215508684e-08, -3.94540058162815e-06, -3.897974220448498e-08, -3.9454005816331205e-06, -3.945400581628815e-06, 0.00016959400387322993]], [[4.063104896453473e-05, 8.495774625605482e-07, 8.495774625606973e-07, 4.3316708872951516e-08, 8.495774625605713e-07, 4.331670887337599e-08, 4.331670887363322e-08, 1.3350804648756985e-09, 8.495774625601922e-07, 4.331670887322074e-08, 4.3316708873095115e-08, 1.3350804628167387e-09, 4.3316708873043936e-08, 1.3350804588432182e-09, 1.3350804604147586e-09, 4.201977220144665e-11, 8.49577462560307e-07, 4.3316708873107126e-08, 4.3316708872987595e-08, 1.3350804688576687e-09, 4.331670887292709e-08, 1.3350804678360071e-09, 1.335080464990337e-09, 4.201977213839505e-11, 4.331670887318413e-08, 1.3350804600421501e-09, 1.3350804672483621e-09, 4.201977216718852e-11, 1.3350804622582048e-09, 4.2019772155773456e-11, 4.201977206436402e-11, -2.426295590130996e-13, 8.495774625602267e-07, 4.331670887280469e-08, 4.331670887307374e-08, 1.33508046327463e-09, 4.3316708873072675e-08, 1.3350804624201058e-09, 1.3350804622284881e-09, 4.201977215337683e-11, 4.3316708872786385e-08, 1.3350804600981405e-09, 1.33508046106223e-09, 4.201977220301499e-11, 1.335080462297462e-09, 4.201977228187481e-11, 4.2019772319372895e-11, -2.4262923617174343e-13, 4.3316708873180004e-08, 1.335080462652584e-09, 1.3350804660520737e-09, 4.2019772128235676e-11, 1.3350804627064724e-09, 4.2019772153221035e-11, 4.201977219513731e-11, -2.426294874516514e-13, 1.3350804630250418e-09, 4.201977226978819e-11, 4.201977227983965e-11, -2.426294416054292e-13, 4.201977209758389e-11, -2.4262938992113927e-13, -2.426293579876145e-13, 3.946087671271915e-14], [8.495774625605482e-07, 0.00013813482753668988, 5.957894563328603e-08, 7.820280650558299e-06, 5.958858409452298e-08, 7.82028053505003e-06, 9.636852013915907e-10, 1.6825073066030534e-07, 5.959661589874187e-08, 7.8202805580508e-06, 9.63708951051825e-10, 1.6825073082615675e-07, 9.635934681836054e-10, 1.6825073158221015e-07, 2.95516058399032e-11, 4.297536068488201e-09, 5.960751347706418e-08, 7.820280448375541e-06, 9.635989492060726e-10, 1.6825073196195106e-07, 9.63483349170329e-10, 1.682507317494711e-07, 2.9552154066778427e-11, 4.297538535105707e-09, 9.635062049685612e-10, 1.6825073179121972e-07, 2.955248608467924e-11, 4.297541301383247e-09, 2.955183794467999e-11, 4.297532162934187e-09, -7.79128812873896e-13, -1.5738621044923834e-11, 5.961255009247102e-08, 7.82028042873159e-06, 9.635789578302703e-10, 1.682507316599117e-07, 9.63463142707307e-10, 1.6825073182677504e-07, 2.955234214657893e-11, 4.297535821891127e-09, 9.634869435656606e-10, 1.6825073130273986e-07, 2.955228870474059e-11, 4.2975385954554035e-09, 2.95524132617993e-11, 4.297529448426279e-09, -7.818451980514471e-13, -2.177516897244447e-11, 9.633761902508872e-10, 1.68250731749873e-07, 2.955239076942562e-11, 4.297541060548945e-09, 2.955218252450245e-11, 4.297531930528891e-09, -7.79370196002526e-13, -1.5524867624184836e-11, 2.955304485796838e-11, 4.297534694198571e-09, -7.766112827443749e-13, -1.6707292355730215e-11, -7.85736733998811e-13, -2.2645234170327328e-11, 3.058684276627546e-12, -9.23705439386968e-13], [8.495774625606973e-07, 5.957894563328603e-08, 0.00013813486740654868, 7.82028022241609e-06, 5.959906380624496e-08, 9.636828245883951e-10, 7.820280103900057e-06, 1.6825073275255092e-07, 5.9594105478210286e-08, 9.6365804567357e-10, 7.82028007945937e-06, 1.682507334931983e-07, 9.635395453376174e-10, 2.955190092997271e-11, 1.682507332286028e-07, 4.2975426700454595e-09, 5.959510444896447e-08, 9.637900222749387e-10, 7.820280211104894e-06, 1.682507322659093e-07, 9.636720470226729e-10, 2.955186270742333e-11, 1.6825073257662855e-07, 4.297528982769176e-09, 9.636471229896306e-10, 2.9551072013394545e-11, 1.6825073350399816e-07, 4.297544717469822e-09, 2.9552186650786175e-11, -7.989156262877218e-13, 4.297527659445548e-09, -1.8453388639947236e-11, 5.957711992575173e-08, 9.638692771474058e-10, 7.820280290275949e-06, 1.68250731920676e-07, 9.63751075091623e-10, 2.9550682635093645e-11, 1.6825073212517034e-07, 4.297544791436264e-09, 9.63726506963795e-10, 2.955119749071475e-11, 1.6825073312798914e-07, 4.297560512126315e-09, 2.95513638893617e-11, -7.831141313094634e-13, 4.297543465141895e-09, -1.3804924312894679e-11, 9.638584483292128e-10, 2.95511412793568e-11, 1.682507313309978e-07, 4.29754683253717e-09, 2.955033218311361e-11, -7.96805042641951e-13, 4.297529786726818e-09, -1.7664992559555308e-11, 2.955135127154989e-11, -7.81076936355171e-13, 4.297545500652957e-09, -1.9251810556260818e-11, -7.981293583718325e-13, 3.1634926261645344e-12, -2.3320888342512087e-11, -9.236934918284726e-13], [4.3316708872951516e-08, 7.820280650558299e-06, 7.82028022241609e-06, 0.0010509384509907313, 9.635667507378641e-10, 1.6812318095670685e-07, 1.6811941332815384e-07, 2.692933821532219e-05, 9.635662983880118e-10, 1.681244572972748e-07, 1.6811956001636938e-07, 2.6929338249059972e-05, 1.2359512115157467e-11, 8.880583533779754e-10, 8.88062338264166e-10, 1.6317659750099e-07, 9.63587536272825e-10, 1.6812775308020577e-07, 1.6812956829881655e-07, 2.6929338226810755e-05, 1.3717936886424729e-11, 8.880502810936952e-10, 8.880682495950179e-10, 1.6317659744443255e-07, 4.389770775103076e-12, 8.881079689731722e-10, 8.880610213810027e-10, 1.6317659666184796e-07, -4.37576693347739e-13, -2.8222295262277343e-11, -2.822125931807258e-11, -5.445665932225532e-10, 9.636472385987914e-10, 1.6812780698193106e-07, 1.6812379526543845e-07, 2.692933828129359e-05, 3.4022035647271998e-12, 8.880940593780036e-10, 8.880685876456862e-10, 1.631765973491242e-07, 1.4489187809973014e-11, 8.880415613137669e-10, 8.880506262847333e-10, 1.6317659676432216e-07, -4.2009944790996024e-13, -2.822176814983207e-11, -2.822138174720632e-11, -5.445413839487805e-10, 1.4172981200602984e-11, 8.88039618404366e-10, 8.880699322005935e-10, 1.63176597086701e-07, -3.848416746734219e-13, -2.822192144490216e-11, -2.8222012340173208e-11, -5.445734699215477e-10, -3.8629241054687793e-13, -2.822216574116575e-11, -2.8221515532166575e-11, -5.445307930448714e-10, 8.763220625245194e-15, -1.0798771659501392e-13, -8.588899720827941e-14, -2.2360431905138447e-11], [8.495774625605713e-07, 5.958858409452298e-08, 5.959906380624496e-08, 9.635667507378641e-10, 0.00013813482784717565, 7.820280395898787e-06, 7.820280393152276e-06, 1.6825073169676487e-07, 5.959102972556205e-08, 9.637521887415836e-10, 9.637479213233744e-10, 2.9551310810531584e-11, 7.820280577590063e-06, 1.6825073035856182e-07, 1.6825073073519912e-07, 4.297536545933281e-09, 5.9598213848943556e-08, 9.635540128946097e-10, 9.635512542283848e-10, 2.955268870981285e-11, 7.820280378488945e-06, 1.6825073269297607e-07, 1.6825073216471794e-07, 4.297531352945775e-09, 9.63735401249307e-10, 2.955114029272976e-11, 2.9550703837242925e-11, -7.866274803220796e-13, 1.6825073127505502e-07, 4.297556445376943e-09, 4.297540381680854e-09, -1.9302092694916688e-11, 5.960700716664482e-08, 9.63491352230275e-10, 9.634903066743566e-10, 2.955187687747156e-11, 7.820280318265497e-06, 1.6825073199594488e-07, 1.6825073272432087e-07, 4.297524552228495e-09, 9.636725066874802e-10, 2.955160043712178e-11, 2.9551754973145416e-11, -7.934336844360861e-13, 1.68250731530355e-07, 4.297549644990557e-09, 4.297533563315186e-09, -1.9588405223422104e-11, 9.634770090619253e-10, 2.955299816024062e-11, 2.955332343031887e-11, -7.986251476531606e-13, 1.6825073270419145e-07, 4.297544440757089e-09, 4.297528379415881e-09, -2.0898034985952082e-11, 2.955274042889432e-11, -7.735327957306431e-13, -7.896056629040498e-13, 7.83996681460031e-12, 4.297553463800975e-09, -2.0614820518630564e-11, -1.676911947319672e-11, -9.237085356993317e-13], [4.331670887337599e-08, 7.82028053505003e-06, 9.636828245883951e-10, 1.6812318095670685e-07, 7.820280395898787e-06, 0.0010509384702821899, 1.681179348077242e-07, 2.6929338226264835e-05