{"r1": 0.8655555555555555, "r2": 0.8655555555555555, "theta": 0.1, "sequence": [[[0.9331170926271561, 0.0003778261087111582], [0.0003778261087111582, 0.06720365567746799]], [[0.8702173005793166, 0.0003523351160123835, 0.00035233511601235983, 2.8533437984969944e-07], [0.0003523351160123835, 0.06272470474087155, 2.8499766866988864e-07, 2.5404100437439276e-05], [0.00035233511601235983, 2.8499766866988864e-07, 0.06272470474087147, 2.540410043741652e-05], [2.8533437984969944e-07, 2.5404100437439276e-05, 2.540410043741652e-05, 0.004503102532731564]], [[0.8115885284272184, 0.00032860249390257476, 0.0003286024939025827, 2.66092151125465e-07, 0.000328602493902588, 2.660921511247058e-07, 2.660921511268499e-07, 2.152553341773534e-10], [0.00032860249390257476, 0.058486924831035215, 2.660585236203772e-07, 2.3682311178443884e-05, 2.6608273616331794e-07, 2.368234256412693e-05, 2.060890584274839e-10, 1.917479519595432e-08], [0.0003286024939025827, 2.660585236203772e-07, 0.058486924822948476, 2.3682354791372067e-05, 2.660908227965915e-07, 1.6247613201049558e-10, 2.3682342564096353e-05, 1.9174795235828953e-08], [2.66092151125465e-07, 2.3682311178443884e-05, 2.3682354791372067e-05, 0.004211313993391643, 1.938618278415859e-10, 1.92698757342814e-08, 1.9261861582557328e-08, 1.7498652041143015e-06], [0.000328602493902588, 2.6608273616331794e-07, 2.660908227965915e-07, 1.938618278415859e-10, 0.05848692479873594, 2.368235479133885e-05, 2.3682311178470854e-05, 1.9174795197242357e-08], [2.660921511247058e-07, 2.368234256412693e-05, 1.6247613201049558e-10, 1.92698757342814e-08, 2.368235479133885e-05, 0.004211314017562018, 1.9237691311348864e-08, 1.7498652040258853e-06], [2.660921511268499e-07, 2.060890584274839e-10, 2.3682342564096353e-05, 1.9261861582557328e-08, 2.3682311178470854e-05, 1.9237691311348864e-08, 0.004211314025576026, 1.7498652040591735e-06], [2.152553341773534e-10, 1.917479519595432e-08, 1.9174795235828953e-08, 1.7498652041143015e-06, 1.9174795197242357e-08, 1.7498652040258853e-06, 1.7498652040591735e-06, 0.0002009570369579868]], [[0.7569505381131904, 0.0003064781062285537, 0.0003064781062285486, 2.4818679461326087e-07, 0.00030647810622854983, 2.481867946146411e-07, 2.4818679461106817e-07, 2.0093400778619026e-10, 0.0003064781062285486, 2.4818679461126865e-07, 2.4818679461455e-07, 2.0093400779064618e-10, 2.4818679461335087e-07, 2.0093400779311715e-10, 2.0093400779161654e-10, 1.6255087570737776e-13], [0.0003064781062285537, 0.05455396544504275, 2.4818050492414483e-07, 2.20806545741358e-05, 2.48180505082192e-07, 2.2080654574129687e-05, 2.216653075686742e-10, 1.7877610113365183e-08, 2.4818050469059053e-07, 2.208065457405551e-05, 2.2166527138979657e-10, 1.787761011434901e-08, 2.2166531176448876e-10, 1.7877610123846723e-08, 2.764106021268165e-13, 1.4472996535754563e-11], [0.0003064781062285486, 2.4818050492414483e-07, 0.05455396544504243, 2.2080654574049076e-05, 2.481805048802308e-07, 2.2166533398705127e-10, 2.20806545740453e-05, 1.787761009207824e-08, 2.4818050509825187e-07, 2.2166546916155392e-10, 2.208065457416959e-05, 1.78776101322873e-08, 2.2166543047890907e-10, 2.7643197766113706e-13, 1.7877610186501502e-08, 1.4473005050880402e-11], [2.4818679461326087e-07, 2.20806545741358e-05, 2.2080654574049076e-05, 0.003949036869223995, 2.2166535278337044e-10, 1.2708271825680594e-08, 1.270827172995407e-08, 1.63803737064714e-06, 2.216653325674549e-10, 1.2708271620522749e-08, 1.2708271555759844e-08, 1.6380373705635753e-06, -3.954648751151487e-11, 1.0387711193312803e-11, 1.0387713973817977e-11, 1.3288763315181964e-09], [0.00030647810622854983, 2.48180505082192e-07, 2.481805048802308e-07, 2.2166535278337044e-10, 0.05455396544504255, 2.208065457413355e-05, 2.208065457412309e-05, 1.7877610108165546e-08, 2.481805048737397e-07, 2.216652974925633e-10, 2.2166528807250348e-10, 2.7643019841120044e-13, 2.2080654574085123e-05, 1.78776101119858e-08, 1.7877610124486528e-08, 1.4473054969036003e-11], [2.481867946146411e-07, 2.2080654574129687e-05, 2.2166533398705127e-10, 1.2708271825680594e-08, 2.208065457413355e-05, 0.0039490368692242294, 1.2708271523508166e-08, 1.6380373706351081e-06, 2.2166528064401401e-10, 1.2708271597514484e-08, -3.9546564889880996e-11, 1.0387616140852148e-11, 1.2708271542735108e-08, 1.6380373704963368e-06, 1.0387696776371391e-11, 1.328876325201915e-09], [2.4818679461106817e-07, 2.216653075686742e-10, 2.20806545740453e-05, 1.270827172995407e-08, 2.208065457412309e-05, 1.2708271523508166e-08, 0.00394903686922399, 1.6380373704590347e-06, 2.21665411454949e-10, -3.9546367742313554e-11, 1.2708271495010724e-08, 1.0387767498591466e-11, 1.27082716131673e-08, 1.0387736415012712e-11, 1.6380373704741687e-06, 1.328876330178583e-09], [2.0093400778619026e-10, 1.7877610113365183e-08, 1.787761009207824e-08, 1.63803737064714e-06, 1.7877610108165546e-08, 1.6380373706351081e-06, 1.6380373704590347e-06, 0.0001949566174744238, 2.7647537634271064e-13, 1.0387643646608462e-11, 1.0387656490663992e-11, 1.1142638835884887e-09, 1.0387659935913338e-11, 1.114263794847791e-09, 1.1142641109759345e-09, 7.648260850011801e-08], [0.0003064781062285486, 2.4818050469059053e-07, 2.4818050509825187e-07, 2.216653325674549e-10, 2.481805048737397e-07, 2.2166528064401401e-10, 2.21665411454949e-10, 2.7647537634271064e-13, 0.054553965445042776, 2.208065457405592e-05, 2.2080654574152617e-05, 1.787761011218291e-08, 2.2080654574060745e-05, 1.7877610121274926e-08, 1.787761006740486e-08, 1.4473013099105301e-11], [2.4818679461126865e-07, 2.208065457405551e-05, 2.2166546916155392e-10, 1.2708271620522749e-08, 2.216652974925633e-10, 1.2708271597514484e-08, -3.9546367742313554e-11, 1.0387643646608462e-11, 2.208065457405592e-05, 0.0039490368692238435, 1.2708271304786387e-08, 1.638037370546868e-06, 1.2708271438288128e-08, 1.6380373705705344e-06, 1.0387679667147904e-11, 1.328876327701353e-09], [2.4818679461455e-07, 2.2166527138979657e-10, 2.208065457416959e-05, 1.2708271555759844e-08, 2.2166528807250348e-10, -3.9546564889880996e-11, 1.2708271495010724e-08, 1.0387656490663992e-11, 2.2080654574152617e-05, 1.2708271304786387e-08, 0.0039490368692242294, 1.6380373705493617e-06, 1.2708271607839488e-08, 1.0387672793898979e-11, 1.6380373705418597e-06, 1.328876333368504e-09], [2.0093400779064618e-10, 1.787761011434901e-08, 1.78776101322873e-08, 1.6380373705635753e-06, 2.7643019841120044e-13, 1.0387616140852148e-11, 1.0387767498591466e-11, 1.1142638835884887e-09, 1.787761011218291e-08, 1.638037370546868e-06, 1.6380373705493617e-06, 0.0001949566174745475, 1.038765779694143e-11, 1.1142638425061628e-09, 1.1142636024068563e-09, 7.64826085000231e-08], [2.4818679461335087e-07, 2.2166531176448876e-10, 2.2166543047890907e-10, -3.954648751151487e-11, 2.2080654574085123e-05, 1.2708271542735108e-08, 1.27082716131673e-08, 1.0387659935913338e-11, 2.2080654574060745e-05, 1.2708271438288128e-08, 1.2708271607839488e-08, 1.038765779694143e-11, 0.003949036869223734, 1.6380373705135021e-06, 1.6380373705936376e-06, 1.3288763263275065e-09], [2.0093400779311715e-10, 1.7877610123846723e-08, 2.7643197766113706e-13, 1.0387711193312803e-11, 1.78776101119858e-08, 1.6380373704963368e-06, 1.0387736415012712e-11, 1.114263794847791e-09, 1.7877610121274926e-08, 1.6380373705705344e-06, 1.0387672793898979e-11, 1.1142638425061628e-09, 1.6380373705135021e-06, 0.00019495661747452565, 1.1142639427133528e-09, 7.648260850008847e-08], [2.0093400779161654e-10, 2.764106021268165e-13, 1.7877610186501502e-08, 1.0387713973817977e-11, 1.7877610124486528e-08, 1.0387696776371391e-11, 1.6380373704741687e-06, 1.1142641109759345e-09, 1.787761006740486e-08, 1.0387679667147904e-11, 1.6380373705418597e-06, 1.1142636024068563e-09, 1.6380373705936376e-06, 1.1142639427133528e-09, 0.0001949566174742126, 7.648260850015385e-08], [1.6255087570737776e-13, 1.4472996535754563e-11, 1.4473005050880402e-11, 1.3288763315181964e-09, 1.4473054969036003e-11, 1.328876325201915e-09, 1.328876330178583e-09, 7.648260850011801e-08, 1.4473013099105301e-11, 1.328876327701353e-09, 1.328876333368504e-09, 7.64826085000231e-08, 1.3288763263275065e-09, 7.648260850008847e-08, 7.648260850015385e-08, 1.9675402485991544e-05]], [[0.7061031883426034, 0.0002858874301258052, 0.0002858874301257983, 2.3150513876377517e-07, 0.00028588743012579454, 2.3150513876372792e-07, 2.315051387641175e-07, 1.8765183418159495e-10, 0.00028588743012579644, 2.315051387637083e-07, 2.3150513876368197e-07, 1.8765183475212742e-10, 2.3150513876373957e-07, 1.8765183454156606e-10, 1.8765183447763082e-10, 1.5151137684412109e-13, 0.0002858874301257977, 2.315051387651819e-07, 2.31505138764885e-07, 1.8765183449875303e-10, 2.3150513876378505e-07, 1.8765183473624162e-10, 1.8765183442347747e-10, 1.5151138430017357e-13, 2.3150513876353716e-07, 1.876518346990424e-10, 1.8765183461622025e-10, 1.5151138184821308e-13, 1.876518345904913e-10, 1.51511483524533e-13, 1.515113607584278e-13, 1.2004605720532214e-16], [0.0002858874301258052, 0.05089671530634033, 2.3149235624507306e-07, 2.0601688623157637e-05, 2.3149235611875276e-07, 2.0601688623200283e-05, 1.9486684003456672e-10, 1.6680422011945467e-08, 2.3149235624032028e-07, 2.0601688623175306e-05, 1.948668024801398e-10, 1.668042200949068e-08, 1.9486684321583424e-10, 1.6680421994399656e-08, 2.7055551724235504e-13, 1.3503516498020703e-11, 2.3149235610500041e-07, 2.0601688623134546e-05, 1.9486675843492678e-10, 1.6680422015040992e-08, 1.9486678148649614e-10, 1.668042200387288e-08, 2.7053285604569915e-13, 1.3503564520254281e-11, 1.9486680484007637e-10, 1.668042199969567e-08, 2.705489974453415e-13, 1.3503547434801672e-11, 2.705479497117527e-13, 1.3503557870517993e-11, -5.388681721859073e-16, 1.0935999286711548e-14], [0.0002858874301257983, 2.3149235624507306e-07, 0.05089671530634022, 2.060168862318779e-05, 2.3149235618455311e-07, 1.9486678653891353e-10, 2.0601688623140598e-05, 1.66804219887414e-08, 2.314923562551413e-07, 1.9486678149752183e-10, 2.0601688623160855e-05, 1.6680422008906164e-08, 1.9486682500641485e-10, 2.705449022721528e-13, 1.6680422025241373e-08, 1.350355856767005e-11, 2.3149235628236623e-07, 1.948668079331842e-10, 2.0601688623189363e-05, 1.668042201890746e-08, 1.9486682077533804e-10, 2.705496784819115e-13, 1.6680422020847215e-08, 1.3503545570298406e-11, 1.9486677850763307e-10, 2.7054782016041246e-13, 1.6680422006347493e-08, 1.3503557827494379e-11, 2.705534128304351e-13, -5.602934591524146e-16, 1.3503556390441676e-11, 1.0929460078499093e-14], [2.3150513876377517e-07, 2.0601688623157637e-05, 2.060168862318779e-05, 0.003681292507327801, 1.948668285711786e-10, 1.6575978861771736e-08, 1.657599541795189e-08, 1.5260739703155656e-06, 1.948667735697936e-10, 1.657597947432816e-08, 1.657598757105543e-08, 1.5260739288944267e-06, -2.3184617506725706e-11, 1.35289847430336e-11, 1.359501673805147e-11, 1.2380427373483034e-09, 1.948667798548512e-10, 1.6575984722261368e-08, 1.65759598840626e-08, 1.5260738527563658e-06, -2.3162236074081135e-11, 1.3631249902808849e-11, 1.3568864649254667e-11, 1.238042699233973e-09, -2.3154940497799135e-11, 1.3622564681500997e-11, 1.3618971117327369e-11, 1.2380427121013004e-09, -2.259181284978632e-13, 1.1018615698712642e-14, 1.1020046476154093e-14, 1.0162537656682199e-12], [0.00028588743012579454, 2.3149235611875276e-07, 2.3149235618455311e-07, 1.948668285711786e-10, 0.0508967153063404, 2.060168862317664e-05, 2.0601688623167767e-05, 1.6680422021638522e-08, 2.3149235622922068e-07, 1.9486680445937009e-10, 1.9486679718272614e-10, 2.705408420704355e-13, 2.0601688623126307e-05, 1.6680422013132872e-08, 1.6680422011501404e-08, 1.3503566800592534e-11, 2.3149235621431494e-07, 1.9486682906626934e-10, 1.9486680171970708e-10, 2.7054164614071703e-13, 2.060168862317201e-05, 1.6680422001275794e-08, 1.668042199918657e-08, 1.3503519043432607e-11, 1.948667806422982e-10, 2.705514376930786e-13, 2.7055293838076946e-13, -5.474632353809114e-16, 1.668042199817847e-08, 1.3503547100422199e-11, 1.3503544985106002e-11, 1.0929038330246469e-14], [2.3150513876372792e-07, 2.0601688623200283e-05, 1.9486678653891353e-10, 1.6575978861771736e-08, 2.060168862317664e-05, 0.003681292507333995, 1.6575967719398997e-08, 1.526073942106693e-06, 1.948667989991481e-10, 1.6575982268146054e-08, -2.3164863378749992e-11, 1.3577667726251279e-11, 1.6575986484650585e-08, 1.526073922628561e-06, 1.3580780916415646e-11, 1.2380426918994503e-09, 1.9486677528925826e-10, 1.6575975665842883e-08, -2.3154296014432606e-11, 1.3610809874157578e-11, 1.6575982470443402e-08, 1.526073933176567e-06, 1.3537075484754429e-11, 1.2380427441433868e-09, -2.3176362024032655e-11, 1.3548321205570757e-11, -1.7999555824862606e-13, 1.1010861146507176e-14, 1.3618949793247434e-11, 1.238042721813308e-09, 1.1014197758568205e-14, 1.0162586585417388e-12], [2.315051387641175e-07, 1.9486684003456672e-10, 2.0601688623140598e-05, 1.657599541795189e-08, 2.0601688623167767e-05, 1.6575967719398997e-08, 0.0036812925073189096, 1.5260739295529637e-06, 1.9486677232780027e-10, -2.3174610668862325e-11, 1.6575976815607417e-08, 1.3616504199763144e-11, 1.657600022117128e-08, 1.3551325897058503e-11, 1.526073925770738e-06, 1.238042676038516e-09, 1.948668362778939e-10, -2.316104943046856e-11, 1.65759795478497e-08, 1.3588060216668119e-11, 1.657598386593454e-08, 1.3579035143084095e-11, 1.5260739264489717e-06, 1.2380427223769239e-09, -2.317481565378977e-11, -1.960857410682474e-13, 1.3548337590881663e-11, 1.1036257324699585e-14, 1.362254713022999e-11, 1.1023821258955857e-14, 1.2380427234244567e-09, 1.0162558454250025e-12], [1.8765183418159495e-10, 1.6680422011945467e-08, 1.66804219887414e-08, 1.5260739703155656e-06, 1.6680422021638522e-08, 1.526073942106693e-06, 1.5260739295529637e-06, 0.0001838206212766902, 2.705419013281897e-13, 1.3520812993797615e-11, 1.3631864064117473e-11, 1.0150429130383438e-09, 1.3540065279849268e-11, 1.0521357693418174e-09, 1.0339793828820702e-09, 7.133881874411895e-08, 2.7055295984703976e-13, 1.3589980177073712e-11, 1.3491338019143906e-11, 1.0144879958757584e-09, 1.3611432924856539e-11, 1.031116253045095e-09, 1.055551794058732e-09, 7.133881878389686e-08, -1.3593440562643744e-13, -1.0730259035468882e-11, -1.7009427157946215e-11, 9.448686805809913e-13, -7.073117995294517e-11, 9.449124544040314e-13, 9.44908799673471e-13, 5.77687478826268e-11], [0.00028588743012579644, 2.3149235624032028e-07, 2.314923562551413e-07, 1.948667735697936e-10, 2.3149235622922068e-07, 1.948667989991481e-10, 1.9486677232780027e-10, 2.705419013281897e-13, 0.050896715306340164, 2.06016886231358e-05, 2.060168862317067e-05, 1.668042200379899e-08, 2.0601688623133215e-05, 1.66804220166034e-08, 1.66804219766602e-08, 1.3503558445445774e-11, 2.3149235627637779e-07, 1.9486682908244095e-10, 1.9486683104373307e-10, 2.7054162342538714e-13, 1.9486682339540508e-10, 2.705679003528559e-13, 2.7056584500459494e-13, -5.377525595256641e-16, 2.060168862320114e-05, 1.6680422003893814e-08, 1.668042199261619e-08, 1.3503543922935262e-11, 1.6680422017721706e-08, 1.3503545397640364e-11, 1.3503531021706662e-11, 1.0929114572967845e-14], [2.315051387637083e-07, 2.0601688623175306e-05, 1.9486678149752183e-10, 1.657597947432816e-08, 1.9486680445937009e-10, 1.6575982268146054e-08, -2.3174610668862325e-11, 1.3520812993797615e-11, 2.06016886231358e-05, 0.0036812925073303063, 1.6575982041517783e-08, 1.526073940520701e-06, 1.6575985082341976e-08, 1.5260739937246228e-06, 1.356806659856901e-11, 1.2380427145818062e-09, 1.9486683376084168e-10, 1.6575978802211066e-08, -2.3159402076552068e-11, 1.361903545584665e-11, -2.3165235667777624e-11, 1.3534095867801668e-11, -1.1717185350428986e-13, 1.100137237133223e-14, 1.657597324494321e-08, 1.5260739264880055e-06, 1.3537073406613427e-11, 1.2380427420720895e-09, 1.3568870114978634e-11, 1.2380427078858859e-09, 1.1016382989388568e-14, 1.016261322150785e-12], [2.3150513876368197e-07, 1.948668024801398e-10, 2.0601688623160855e-05, 1.657598757105543e-08, 1.9486679718272614e-10, -2.3164863378749992e-11, 1.6575976815607417e-08, 1.3631864064117473e-11, 2.060168862317067e-05, 1.6575982041517783e-08, 0.0036812925073246524, 1.5260738917272309e-06, 1.6575978147674327e-08, 1.3574882119766895e-11, 1.5260739245869074e-06, 1.238042736627271e-09, 1.9486681794591858e-10, -2.317731795762742e-11, 1.6575981703147202e-08, 1.3619171234112678e-11, -2.316259948910547e-11, -2.2833336271178335e-13, 1.3534114525188303e-11, 1.0996161996546385e-14, 1.657598578650066e-08, 1.3579044853280922e-11, 1.5260739331959535e-06, 1.2380427416185455e-09, 1.3631283436536568e-11, 1.0982785402287813e-14, 1.2380427239951991e-09, 1.0162594343125948e-12], [1.8765183475212742e-10, 1.668042200949068e-08, 1.6680422008906164e-08, 1.5260739288944267e-06, 2.705408420704355e-13, 1.3577667726251279e-11, 1.3616504199763144e-11, 1.0150429130383438e-09, 1.668042200379899e-08, 1.526073940520701e-06, 1.5260738917272309e-06, 0.00018382065968625683, 1.3579396285755076e-11, 1.0419355120158103e-09, 1.005770313631823e-09, 7.133881871544186e-08, 2.7055405633388316e-13, 1.3576081471275143e-11, 1.3586008844780065e-11, 1.027874506603364e-09, -2.1675002296396444e-13, -1.855038448478743e-11, -2.2576231864677912e-11, 9.449047812305953e-13, 1.3611483744007878e-11, 9.973413736702582e-10, 1.0375321601256751e-09, 7.133881874011583e-08, -1.8936694534890106e-11, 9.449964271353745e-13, 9.449801398268267e-13, 5.776874722588649e-11], [2.3150513876373957e-07, 1.9486684321583424e-10, 1.9486682500641485e-10, -2.3184617506725706e-11, 2.0601688623126307e-05, 1.6575986484650585e-08, 1.657600022117128e-08, 1.3540065279849268e-11, 2.0601688623133215e-05, 1.6575985082341976e-08, 1.6575978147674327e-08, 1.3579396285755076e-11, 0.003681292507319104, 1.5260739631980069e-06, 1.5260739404939424e-06, 1.2380427254053192e-09, 1.9486682996560393e-10, -2.315951625186032e-11, -2.316624805609395e-11, -2.2142233346653474e-13, 1.6575964978206237e-08, 1.3619157558682402e-11, 1.3619046051022057e-11, 1.1012969462511041e-14, 1.657598828357025e-08, 1.3588076950121308e-11, 1.3610800932605858e-11, 1.1015023119610066e-14, 1.5260738526929446e-06, 1.2380427227240339e-09, 1.2380427003098092e-09, 1.016257216643384e-12], [1.8765183454156606e-10, 1.6680421994399656e-08, 2.705449022721528e-13, 1.35289847430336e-11, 1.6680422013132872e-08, 1.526073922628561e-06, 1.3551325897058503e-11, 1.0521357693418174e-09, 1.66804220166034e-08, 1.5260739937246228e-06, 1.3574882119766895e-11, 1.0419355120158103e-09, 1.5260739631980069e-06, 0.0001838206087641695, 1.0195997306239365e-09, 7.133881868043275e-08, 2.705481508566885e-13, 1.3577802764397684e-11, -9.833951587852022e-14, -3.137328942095477e-11, 1.3585996056474251e-11, 1.0100855529377493e-09, -2.9057870823839778e-11, 9.448829145881237e-13, 1.3491330940013483e-11, 1.0417825751898155e-09, -5.0554977149905095e-11, 9.450038921470972e-13, 1.0618026642947853e-09, 7.133881870249566e-08, 9.450130618439737e-13, 5.776874782321947e-11], [1.8765183447763082e-10, 2.7055551724235504e-13, 1.6680422025241373e-08, 1.359501673805147e-11, 1.6680422011501404e-08, 1.3580780916415646e-11, 1.526073925770738e-06, 1.0339793828820702e-09, 1.66804219766602e-08, 1.356806659856901e-11, 1.5260739245869074e-06, 1.005770313631823e-09, 1.5260739404939424e-06, 1.0195997306239365e-09, 0.00018382066308562245, 7.13388187218395e-08, 2.7054826983428955e-13, -1.8700806716365277e-13, 1.357777948934068e-11, -9.199453666018691e-12, 1.3576112588372647e-11, -2.0861728367448416e-11, 9.978719754129534e-10, 9.449533359909605e-13, 1.3589935007885052e-11, -2.660355150524717e-11, 1.0318223033398494e-09, 9.449920788387901e-13, 1.029655239040868e-09, 9.449409387487773e-13, 7.133881870820065e-08, 5.776874767072605e-11], [1.5151137684412109e-13, 1.3503516498020703e-11, 1.350355856767005e-11, 1.2380427373483034e-09, 1.3503566800592534e-11, 1.2380426918994503e-09, 1.238042676038516e-09, 7.133881874411895e-08, 1.3503558445445774e-11, 1.2380427145818062e-09, 1.238042736627271e-09, 7.133881871544186e-08, 1.2380427254053192e-09, 7.133881868043275e-08, 7.13388187218395e-08, 2.0327062919517236e-05, -5.553672205128888e-16, 1.1006668739330176e-14, 1.1005828201500242e-14, 9.449674038429792e-13, 1.1016887724653054e-14, 9.449677334169794e-13, 9.449075199478937e-13, 5.86667723651078e-11, 1.1042500413187622e-14, 9.449458698575829e-13, 9.449694745780879e-13, 5.868780432559993e-11, 9.449424289201699e-13, 5.869144390532982e-11, 5.868055338890773e-11, 5.140984145090037e-09], [0.0002858874301257977, 2.3149235610500041e-07, 2.3149235628236623e-07, 1.948667798548512e-10, 2.3149235621431494e-07, 1.9486677528925826e-10, 1.948668362778939e-10, 2.7055295984703976e-13, 2.3149235627637779e-07, 1.9486683376084168e-10, 1.9486681794591858e-10, 2.7055405633388316e-13, 1.9486682996560393e-10, 2.705481508566885e-13, 2.7054826983428955e-13, -5.553672205128888e-16, 0.05089671530634025, 2.0601688623131643e-05, 2.0601688623153235e-05, 1.6680421999961357e-08, 2.0601688623154496e-05, 1.668042199437477e-08, 1.6680421998366662e-08, 1.3503553339423909e-11, 2.0601688623180015e-05, 1.6680422014286223e-08, 1.668042201632594e-08, 1.3503543437036151e-11, 1.6680421999770246e-08, 1.3503554885909336e-11, 1.350355154737087e-11, 1.093124982369604e-14], [2.315051387651819e-07, 2.0601688623134546e-05, 1.948668079331842e-10, 1.6575984722261368e-08, 1.9486682906626934e-10, 1.6575975665842883e-08, -2.316104943046856e-11, 1.3589980177073712e-11, 1.9486682908244095e-10, 1.6575978802211066e-08, -2.317731795762742e-11, 1.3576081471275143e-11, -2.315951625186032e-11, 1.3577802764397684e-11, -1.8700806716365277e-13, 1.1006668739330176e-14, 2.0601688623131643e-05, 0.0036812925073315852, 1.657598119771695e-08, 1.5260739405256583e-06, 1.6575972379387986e-08, 1.5260739245848017e-06, 1.3568092247275568e-11, 1.2380427184660185e-09, 1.6575985505160488e-08, 1.5260739257562203e-06, 1.3580762687741937e-11, 1.2380427077218497e-09, 1.359493982863869e-11, 1.2380427219559193e-09, 1.1018090528041181e-14, 1.0162564506319564e-12], [2.31505138764885e-07, 1.9486675843492678e-10, 2.0601688623189363e-05, 1.65759598840626e-08, 1.9486680171970708e-10, -2.3154296014432606e-11, 1.65759795478497e-08, 1.3491338019143906e-11, 1.9486683104373307e-10, -2.3159402076552068e-11, 1.6575981703147202e-08, 1.3586008844780065e-11, -2.316624805609395e-11, -9.833951587852022e-14, 1.357777948934068e-11, 1.1005828201500242e-14, 2.0601688623153235e-05, 1.657598119771695e-08, 0.0036812925073496355, 1.5260739631984827e-06, 1.6575968454318647e-08, 1.3574896403527748e-11, 1.5260739937208923e-06, 1.2380427306260164e-09, 1.6575971501656507e-08, 1.3551292062403905e-11, 1.5260739226500831e-06, 1.2380426969900654e-09, 1.3528963983409079e-11, 1.1025204596227628e-14, 1.2380427126069685e-09, 1.0162554932265607e-12], [1.8765183449875303e-10, 1.6680422015040992e-08, 1.668042201890746e-08, 1.5260738527563658e-06, 2.7054164614071703e-13, 1.3610809874157578e-11, 1.3588060216668119e-11, 1.0144879958757584e-09, 2.7054162342538714e-13, 1.361903545584665e-11, 1.3619171234112678e-11, 1.027874506603364e-09, -2.2142233346653474e-13, -3.137328942095477e-11, -9.199453666018691e-12, 9.449674038429792e-13, 1.6680421999961357e-08, 1.5260739405256583e-06, 1.5260739631984827e-06, 0.00018382066553438022, 1.3579365438041384e-11, 1.0380765040248736e-09, 1.0043352850479662e-09, 7.133881870046864e-08, 1.3540033630269885e-11, 1.0087296898118226e-09, 1.0202969010804814e-09, 7.133881870251223e-08, -1.364268091753469e-11, 9.449366660579545e-13, 9.449669009179514e-13, 5.776874776775825e-11], [2.3150513876378505e-07, 1.9486678148649614e-10, 1.9486682077533804e-10, -2.3162236074081135e-11, 2.060168862317201e-05, 1.6575982470443402e-08, 1.657598386593454e-08, 1.3611432924856539e-11, 1.9486682339540508e-10, -2.3165235667777624e-11, -2.316259948910547e-11, -2.1675002296396444e-13, 1.6575964978206237e-08, 1.3585996056474251e-11, 1.3576112588372647e-11, 1.1016887724653054e-14, 2.0601688623154496e-05, 1.6575972379387986e-08, 1.6575968454318647e-08, 1.3579365438041384e-11, 0.00368129250733945, 1.5260738917669466e-06, 1.5260739405344043e-06, 1.2380427131080063e-09, 1.657599040108429e-08, 1.3616510344830754e-11, 1.35776442364492e-11, 1.0991401251714748e-14, 1.5260739289132345e-06, 1.2380427165008677e-09, 1.2380427293197423e-09, 1.016256307555385e-12], [1.8765183473624162e-10, 1.668042200387288e-08, 2.705496784819115e-13, 1.3631249902808849e-11, 1.6680422001275794e-08, 1.526073933176567e-06, 1.3579035143084095e-11, 1.031116253045095e-09, 2.705679003528559e-13, 1.3534095867801668e-11, -2.2833336271178335e-13, -1.855038448478743e-11, 1.3619157558682402e-11, 1.0100855529377493e-09, -2.0861728367448416e-11, 9.449677334169794e-13, 1.668042199437477e-08, 1.5260739245848017e-06, 1.3574896403527748e-11, 1.0380765040248736e-09, 1.5260738917669466e-06, 0.00018382063665529216, 1.0165856118603739e-09, 7.133881873268017e-08, 1.3631904612093453e-11, 1.025946467705199e-09, -4.36818563283802e-11, 9.449206419580571e-13, 1.049748127304035e-09, 7.133881867536581e-08, 9.449231642199217e-13, 5.776874796191618e-11], [1.8765183442347747e-10, 2.7053285604569915e-13, 1.6680422020847215e-08, 1.3568864649254667e-11, 1.668042199918657e-08, 1.3537075484754429e-11, 1.5260739264489717e-06, 1.055551794058732e-09, 2.7056584500459494e-13, -1.1717185350428986e-13, 1.3534114525188303e-11, -2.2576231864677912e-11, 1.3619046051022057e-11, -2.9057870823839778e-11, 9.978719754129534e-10, 9.449075199478937e-13, 1.6680421998366662e-08, 1.3568092247275568e-11, 1.5260739937208923e-06, 1.0043352850479662e-09, 1.5260739405344043e-06, 1.0165856118603739e-09, 0.00018382064596097827, 7.133881875054667e-08, 1.3520809098641588e-11, -2.2154371894373888e-11, 1.0421859650647118e-09, 9.449432889861143e-13, 1.0364167780921482e-09, 9.449173359432928e-13, 7.133881873442803e-08, 5.776874751451655e-11], [1.5151138430017357e-13, 1.3503564520254281e-11, 1.3503545570298406e-11, 1.238042699233973e-09, 1.3503519043432607e-11, 1.2380427441433868e-09, 1.2380427223769239e-09, 7.133881878389686e-08, -5.377525595256641e-16, 1.100137237133223e-14, 1.0996161996546385e-14, 9.449047812305953e-13, 1.1012969462511041e-14, 9.448829145881237e-13, 9.449533359909605e-13, 5.86667723651078e-11, 1.3503553339423909e-11, 1.2380427184660185e-09, 1.2380427306260164e-09, 7.133881870046864e-08, 1.2380427131080063e-09, 7.133881873268017e-08, 7.133881875054667e-08, 2.032706274019214e-05, 1.1015798775639605e-14, 9.448530940704228e-13, 9.448540184191472e-13, 5.88183707372641e-11, 9.448938294360424e-13, 5.876540343138942e-11, 5.873868073751657e-11, 5.140984209337239e-09], [2.3150513876353716e-07, 1.9486680484007637e-10, 1.9486677850763307e-10, -2.3154940497799135e-11, 1.948667806422982e-10, -2.3176362024032655e-11, -2.317481565378977e-11, -1.3593440562643744e-13, 2.060168862320114e-05, 1.657597324494321e-08, 1.657598578650066e-08, 1.3611483744007878e-11, 1.657598828357025e-08, 1.3491330940013483e-11, 1.3589935007885052e-11, 1.1042500413187622e-14, 2.0601688623180015e-05, 1.6575985505160488e-08, 1.6575971501656507e-08, 1.3540033630269885e-11, 1.657599040108429e-08, 1.3631904612093453e-11, 1.3520809098641588e-11, 1.1015798775639605e-14, 0.003681292507323433, 1.5260739295663583e-06, 1.5260739420938585e-06, 1.2380426997076097e-09, 1.5260739702921399e-06, 1.2380427134056286e-09, 1.2380426952379494e-09, 1.0162538998220997e-12], [1.876518346990424e-10, 1.668042199969567e-08, 2.7054782016041246e-13, 1.3622564681500997e-11, 2.705514376930786e-13, 1.3548321205570757e-11, -1.960857410682474e-13, -1.0730259035468882e-11, 1.6680422003893814e-08, 1.5260739264880055e-06, 1.3579044853280922e-11, 9.973413736702582e-10, 1.3588076950121308e-11, 1.0417825751898155e-09, -2.660355150524717e-11, 9.449458698575829e-13, 1.6680422014286223e-08, 1.5260739257562203e-06, 1.3551292062403905e-11, 1.0087296898118226e-09, 1.3616510344830754e-11, 1.025946467705199e-09, -2.2154371894373888e-11, 9.448530940704228e-13, 1.5260739295663583e-06, 0.00018382066026070135, 1.056102408958435e-09, 7.133881878467298e-08, 9.944448140956345e-10, 7.133881874183489e-08, 9.450126120871843e-13, 5.776874825408407e-11], [1.8765183461622025e-10, 2.705489974453415e-13, 1.6680422006347493e-08, 1.3618971117327369e-11, 2.7055293838076946e-13, -1.7999555824862606e-13, 1.3548337590881663e-11, -1.7009427157946215e-11, 1.668042199261619e-08, 1.3537073406613427e-11, 1.5260739331959535e-06, 1.0375321601256751e-09, 1.3610800932605858e-11, -5.0554977149905095e-11, 1.0318223033398494e-09, 9.449694745780879e-13, 1.668042201632594e-08, 1.3580762687741937e-11, 1.5260739226500831e-06, 1.0202969010804814e-09, 1.35776442364492e-11, -4.36818563283802e-11, 1.0421859650647118e-09, 9.448540184191472e-13, 1.5260739420938585e-06, 1.056102408958435e-09, 0.00018382060850248854, 7.133881878927608e-08, 1.0399237920720088e-09, 9.450048973412724e-13, 7.133881875403691e-08, 5.776874807505354e-11], [1.5151138184821308e-13, 1.3503547434801672e-11, 1.3503557827494379e-11, 1.2380427121013004e-09, -5.474632353809114e-16, 1.1010861146507176e-14, 1.1036257324699585e-14, 9.448686805809913e-13, 1.3503543922935262e-11, 1.2380427420720895e-09, 1.2380427416185455e-09, 7.133881874011583e-08, 1.1015023119610066e-14, 9.450038921470972e-13, 9.449920788387901e-13, 5.868780432559993e-11, 1.3503543437036151e-11, 1.2380427077218497e-09, 1.2380426969900654e-09, 7.133881870251223e-08, 1.0991401251714748e-14, 9.449206419580571e-13, 9.449432889861143e-13, 5.88183707372641e-11, 1.2380426997076097e-09, 7.133881878467298e-08, 7.133881878927608e-08, 2.0327062814232155e-05, 9.450396424852943e-13, 5.862989286516633e-11, 5.862832051365316e-11, 5.140984087333154e-09], [1.876518345904913e-10, 2.705479497117527e-13, 2.705534128304351e-13, -2.259181284978632e-13, 1.668042199817847e-08, 1.3618949793247434e-11, 1.362254713022999e-11, -7.073117995294517e-11, 1.6680422017721706e-08, 1.3568870114978634e-11, 1.3631283436536568e-11, -1.8936694534890106e-11, 1.5260738526929446e-06, 1.0618026642947853e-09, 1.029655239040868e-09, 9.449424289201699e-13, 1.6680421999770246e-08, 1.359493982863869e-11, 1.3528963983409079e-11, -1.364268091753469e-11, 1.5260739289132345e-06, 1.049748127304035e-09, 1.0364167780921482e-09, 9.448938294360424e-13, 1.5260739702921399e-06, 9.944448140956345e-10, 1.0399237920720088e-09, 9.450396424852943e-13, 0.0001838206164389852, 7.133881874010789e-08, 7.133881870189565e-08, 5.7768747709844544e-11], [1.51511483524533e-13, 1.3503557870517993e-11, -5.602934591524146e-16, 1.1018615698712642e-14, 1.3503547100422199e-11, 1.238042721813308e-09, 1.1023821258955857e-14, 9.449124544040314e-13, 1.3503545397640364e-11, 1.2380427078858859e-09, 1.0982785402287813e-14, 9.449964271353745e-13, 1.2380427227240339e-09, 7.133881870249566e-08, 9.449409387487773e-13, 5.869144390532982e-11, 1.3503554885909336e-11, 1.2380427219559193e-09, 1.1025204596227628e-14, 9.449366660579545e-13, 1.2380427165008677e-09, 7.133881867536581e-08, 9.449173359432928e-13, 5.876540343138942e-11, 1.2380427134056286e-09, 7.133881874183489e-08, 9.450048973412724e-13, 5.862989286516633e-11, 7.133881874010789e-08, 2.0327062889615506e-05, 5.866322028696362e-11, 5.140984142332441e-09], [1.515113607584278e-13, -5.388681721859073e-16, 1.3503556390441676e-11, 1.1020046476154093e-14, 1.3503544985106002e-11, 1.1014197758568205e-14, 1.2380427234244567e-09, 9.44908799673471e-13, 1.3503531021706662e-11, 1.1016382989388568e-14, 1.2380427239951991e-09, 9.449801398268267e-13, 1.2380427003098092e-09, 9.450130618439737e-13, 7.133881870820065e-08, 5.868055338890773e-11, 1.350355154737087e-11, 1.1018090528041181e-14, 1.2380427126069685e-09, 9.449669009179514e-13, 1.2380427293197423e-09, 9.449231642199217e-13, 7.133881873442803e-08, 5.873868073751657e-11, 1.2380426952379494e-09, 9.450126120871843e-13, 7.133881875403691e-08, 5.862832051365316e-11, 7.133881870189565e-08, 5.866322028696362e-11, 2.0327062893162206e-05, 5.140984110557004e-09], [1.2004605720532214e-16, 1.0935999286711548e-14, 1.0929460078499093e-14, 1.0162537656682199e-12, 1.0929038330246469e-14, 1.0162586585417388e-12, 1.0162558454250025e-12, 5.77687478826268e-11, 1.0929114572967845e-14, 1.016261322150785e-12, 1.0162594343125948e-12, 5.776874722588649e-11, 1.016257216643384e-12, 5.776874782321947e-11, 5.776874767072605e-11, 5.140984145090037e-09, 1.093124982369604e-14, 1.0162564506319564e-12, 1.0162554932265607e-12, 5.776874776775825e-11, 1.016256307555385e-12, 5.776874796191618e-11, 5.776874751451655e-11, 5.140984209337239e-09, 1.0162538998220997e-12, 5.776874825408407e-11, 5.776874807505354e-11, 5.140984087333154e-09, 5.7768747709844544e-11, 5.140984142332441e-09, 5.140984110557004e-09, 8.544724802461659e-06]], [[0.6586170803753821, 0.00026666034084971076, 0.00026666034084971916, 2.1593399102131633e-07, 0.0002666603408497125, 2.159339910220814e-07, 2.159339910210085e-07, 1.7483946718348592e-10, 0.00026666034084972106, 2.1593399102193913e-07, 2.1593399102076623e-07, 1.7483946718304524e-10, 2.159339910213378e-07, 1.7483946719084018e-10, 1.748394671834958e-10, 1.4166553197014931e-13, 0.000266660340849715, 2.159339910202917e-07, 2.1593399102205518e-07, 1.7483946718339116e-10, 2.1593399102081628e-07, 1.7483946718348536e-10, 1.7483946717077697e-10, 1.416655316728592e-13, 2.1593399102054714e-07, 1.748394671612483e-10, 1.7483946718153828e-10, 1.4166553228762541e-13, 1.7483946717334503e-10, 1.4166553223771104e-13, 1.4166553188953992e-13, 1.1528577095126276e-16, 0.0002666603408497192, 2.15933991021286e-07, 2.1593399102301015e-07, 1.7483946717851374e-10, 2.1593399102158783e-07, 1.7483946719408968e-10, 1.7483946718508654e-10, 1.416655314831796e-13, 2.1593399102001732e-07, 1.7483946715305222e-10, 1.748394671824557e-10, 1.4166553226706583e-13, 1.748394671668147e-10, 1.4166553227167134e-13, 1.416655320224864e-13, 1.1524636622247163e-16, 2.159339910207811e-07, 1.748394671867267e-10, 1.748394671844487e-10, 1.4166553193705144e-13, 1.7483946719968628e-10, 1.416655318965858e-13, 1.4166553153725466e-13, 1.152913059510541e-16, 1.74839467181701e-10, 1.4166553265513367e-13, 1.4166553230340286e-13, 1.1526318262057926e-16, 1.4166553225409544e-13, 1.1525409068453339e-16, 1.1528102056702625e-16, 8.956942579902358e-20], [0.00026666034084971076, 0.04747566994639646, 2.1593738731020108e-07, 1.9217808350417967e-05, 2.1593738732077472e-07, 1.9217808350460034e-05, 1.682318589850779e-10, 1.5559913618065394e-08, 2.159373873235235e-07, 1.9217808350449673e-05, 1.6823185295534378e-10, 1.555991363626161e-08, 1.682318522154005e-10, 1.555991361625114e-08, 1.2202285567091612e-13, 1.2597723519690842e-11, 2.1593738728137258e-07, 1.921780835044959e-05, 1.6823183186858648e-10, 1.555991362397274e-08, 1.6823183815136104e-10, 1.5559913621275126e-08, 1.2201266282508905e-13, 1.2597733768673287e-11, 1.682318514388803e-10, 1.5559913628068932e-08, 1.220253847444064e-13, 1.2597714241248942e-11, 1.2201533766677318e-13, 1.2597745796235717e-11, 7.649256864120716e-17, 1.0194959861028527e-14, 2.1593738731029812e-07, 1.921780835043496e-05, 1.6823182290645561e-10, 1.5559913627711904e-08, 1.6823185149119335e-10, 1.5559913626260116e-08, 1.2202175756773582e-13, 1.2597710955730986e-11, 1.6823185314274521e-10, 1.555991362111293e-08, 1.2202462025283042e-13, 1.2597699897403479e-11, 1.2200470363302337e-13, 1.2597721836485696e-11, 6.872191396592187e-17, 1.0195167365667386e-14, 1.6823184635540393e-10, 1.5559913618589197e-08, 1.220016214812827e-13, 1.2597690915956377e-11, 1.2201581912340255e-13, 1.2597718989707683e-11, 7.374572552929301e-17, 1.0197197066790603e-14, 1.2201144348655525e-13, 1.2597700387139535e-11, 6.424027236685119e-17, 1.0200697880072178e-14, 6.903042028662589e-17, 1.02033307646482e-14, 6.357162999921206e-19, 4.764294984148704e-18], [0.00026666034084971916, 2.1593738731020108e-07, 0.047475669946396494, 1.921780835041873e-05, 2.1593738733603442e-07, 1.6823183180870422e-10, 1.921780835046316e-05, 1.5559913640907765e-08, 2.1593738734034722e-07, 1.6823184574161617e-10, 1.92178083504092e-05, 1.5559913623265785e-08, 1.6823186891042005e-10, 1.2203156676186653e-13, 1.555991362497905e-08, 1.2597715461863573e-11, 2.1593738723491843e-07, 1.6823186234228623e-10, 1.9217808350441592e-05, 1.5559913631947556e-08, 1.682318728998038e-10, 1.220246838455638e-13, 1.5559913627507955e-08, 1.2597717948598224e-11, 1.6823184279278147e-10, 1.2202574572135795e-13, 1.5559913620338923e-08, 1.2597730502781182e-11, 1.2201980667132292e-13, 6.371234868611491e-17, 1.2597722503794768e-11, 1.0194675799565509e-14, 2.159373872928874e-07, 1.682318406754551e-10, 1.9217808350449517e-05, 1.5559913617609607e-08, 1.6823187055435838e-10, 1.220315781049706e-13, 1.55599136211565e-08, 1.259770837116723e-11, 1.6823185643324638e-10, 1.2200867632839425e-13, 1.5559913607241143e-08, 1.2597727488751286e-11, 1.220112547862641e-13, 4.739194204045692e-17, 1.2597735603350684e-11, 1.0192084899409677e-14, 1.6823188229076757e-10, 1.2201814540780188e-13, 1.5559913629770843e-08, 1.2597714019477687e-11, 1.2202563414969528e-13, 3.090934779796779e-17, 1.2597727799912672e-11, 1.0206385592677248e-14, 1.2201401421163035e-13, 6.081147630078639e-17, 1.2597745811146502e-11, 1.0195871150814471e-14, 4.2779684119735455e-17, -7.555373107258511e-18, 1.020216937678972e-14, 1.5363529355045037e-17], [2.1593399102131633e-07, 1.9217808350417967e-05, 1.921780835041873e-05, 0.0034318924917622557, 1.6823185194749105e-10, 1.5553331406876584e-08, 1.5553325618693178e-08, 1.4223338989298106e-06, 1.682318602450079e-10, 1.5553315051700127e-08, 1.5553308548475108e-08, 1.422333888242764e-06, 3.782568808931066e-12, 1.2755916315236133e-11, 1.270824416998746e-11, 1.153879807061927e-09, 1.682318822402205e-10, 1.555331026104113e-08, 1.5553311333517063e-08, 1.4223339476027903e-06, 3.807847613874638e-12, 1.2777532550650848e-11, 1.2751733576317714e-11, 1.1538798632436911e-09, 3.812478787341778e-12, 1.2748618939618236e-11, 1.2767681493596844e-11, 1.1538797014115052e-09, -2.405503538844116e-14, 1.0397826036167523e-14, 1.0307582796583977e-14, 9.471444272282582e-13, 1.6823184936362834e-10, 1.5553305448425405e-08, 1.5553316631818153e-08, 1.4223338712396731e-06, 3.79550700995063e-12, 1.276765997595365e-11, 1.2748605313667087e-11, 1.1538798043468702e-09, 3.824351920518359e-12, 1.2751718525580253e-11, 1.2777471565625926e-11, 1.153879877760278e-09, 5.2278380574744934e-14, 1.0515550217125822e-14, 1.0540795041441972e-14, 9.471515113148908e-13, 3.8009390309349635e-12, 1.2708259469356898e-11, 1.2755882786245684e-11, 1.1538798163003662e-09, -7.097756276719702e-15, 1.0663969561140152e-14, 1.0342270649611224e-14, 9.471688252779264e-13, 3.647088924098894e-15, 1.033130103650412e-14, 1.0620929994957582e-14, 9.47150914153963e-13, 1.9319452859576215e-16, 2.087164521285764e-17, 9.680697994854164e-18, 7.809111828622565e-16], [0.0002666603408497125, 2.1593738732077472e-07, 2.1593738733603442e-07, 1.6823185194749105e-10, 0.04747566994639652, 1.9217808350428558e-05, 1.9217808350433437e-05, 1.5559913619564433e-08, 2.159373872103443e-07, 1.6823185463994352e-10, 1.6823187285761255e-10, 1.2201318111329659e-13, 1.9217808350417743e-05, 1.5559913623228615e-08, 1.555991361959595e-08, 1.2597715483620423e-11, 2.1593738730240125e-07, 1.6823182010845267e-10, 1.6823186327599992e-10, 1.2202883384750418e-13, 1.921780835039846e-05, 1.555991360268072e-08, 1.5559913614676226e-08, 1.2597716050456696e-11, 1.6823182777775709e-10, 1.220044967507788e-13, 1.2201321733287464e-13, 6.514126603266375e-17, 1.555991363734267e-08, 1.2597719191654604e-11, 1.2597708110687925e-11, 1.0197369019273362e-14, 2.1593738733945776e-07, 1.682318617288626e-10, 1.6823187771715054e-10, 1.2201773507825526e-13, 1.921780835044685e-05, 1.555991362248162e-08, 1.5559913620737217e-08, 1.2597715695093077e-11, 1.6823187300340854e-10, 1.2202702946532303e-13, 1.2202095944719435e-13, 6.708715732038451e-17, 1.5559913629576978e-08, 1.2597725250862169e-11, 1.2597698981850733e-11, 1.0199208371269202e-14, 1.6823185354416345e-10, 1.220158495629518e-13, 1.2202637834782008e-13, 7.667068060518216e-17, 1.555991363287111e-08, 1.25977353403427e-11, 1.2597699474258314e-11, 1.0199107201725226e-14, 1.220162409151663e-13, 7.487961395412289e-17, 4.5901512399507616e-17, 3.6581519520071176e-18, 1.2597697266547875e-11, 1.0204694907100113e-14, 1.0196013151197262e-14, 1.3922058718802378e-17], [2.159339910220814e-07, 1.9217808350460034e-05, 