{"r1": 0.5988888888888889, "r2": 0.5988888888888889, "theta": 107.44, "sequence": [[[0.36342918702458105, 0.1428369984846612], [0.1428369984846612, 0.15373426182698507]], [[0.15395149896045138, 0.08037166453752553, 0.08037166453752558, 0.015253023963492951], [0.08037166453752553, 0.14700679653526796, -0.013329638641549485, -0.0025523773633804227], [0.08037166453752558, -0.013329638641549485, 0.14700679653526816, -0.0025523773633803278], [0.015253023963492951, -0.0025523773633804227, -0.0025523773633803278, 0.039707221842838855]], [[0.06437056048675943, 0.036386703247419855, 0.036386703247419855, 0.014433928348611569, 0.036386703247419855, 0.014433928348611581, 0.014433928348611581, 0.00120982657027695], [0.036386703247419855, 0.06528397398554302, 0.007046770530759226, 0.0155956587096518, 0.007046770530758967, 0.015595658709651765, -0.007305373464463532, -0.002991325360928592], [0.036386703247419855, 0.007046770530759226, 0.06528397398554278, 0.015595658709651869, 0.00704677053075923, -0.007305373464463664, 0.015595658709651714, -0.0029913253609285045], [0.014433928348611569, 0.0155956587096518, 0.015595658709651869, 0.020488828693028174, -0.00730537346446363, -0.00412802169056888, -0.004128021690568768, 0.002038643297096097], [0.036386703247419855, 0.007046770530758967, 0.00704677053075923, -0.00730537346446363, 0.06528397398554323, 0.015595658709651844, 0.01559565870965173, -0.002991325360928532], [0.014433928348611581, 0.015595658709651765, -0.007305373464463664, -0.00412802169056888, 0.015595658709651844, 0.020488828693028115, -0.004128021690568457, 0.002038643297096339], [0.014433928348611581, -0.007305373464463532, 0.015595658709651714, -0.004128021690568768, 0.01559565870965173, -0.004128021690568457, 0.020488828693027948, 0.0020386432970962635], [0.00120982657027695, -0.002991325360928592, -0.0029913253609285045, 0.002038643297096097, -0.002991325360928532, 0.002038643297096339, 0.0020386432970962635, 0.006963466514646316]], [[0.026471670831660476, 0.015485154946323363, 0.015485154946323377, 0.007343616960285979, 0.015485154946323371, 0.007343616960285987, 0.0073436169602859825, 0.002030527320374705, 0.015485154946323366, 0.007343616960285979, 0.0073436169602859825, 0.0020305273203747136, 0.007343616960285982, 0.002030527320374707, 0.0020305273203747067, 0.0003198369701231946], [0.015485154946323363, 0.029546414691194227, 0.004836584215386337, 0.011253701186587193, 0.004836584215386308, 0.011253701186587266, -0.0016310641441238279, 0.0005407680141271334, 0.004836584215386406, 0.011253701186587209, -0.0016310641441238602, 0.0005407680141270438, -0.0016310641441238667, 0.0005407680141270912, -0.0019063174005825717, -0.00028939698467899316], [0.015485154946323377, 0.004836584215386337, 0.02954641469119399, 0.011253701186587157, 0.004836584215386342, -0.0016310641441238116, 0.011253701186587216, 0.0005407680141270467, 0.004836584215386414, -0.0016310641441238255, 0.011253701186587235, 0.0005407680141271009, -0.0016310641441238266, -0.001906317400582597, 0.0005407680141270882, -0.00028939698467895044], [0.007343616960285979, 0.011253701186587193, 0.011253701186587157, 0.021589695065720633, -0.0016310641441238476, -0.0019908568264693067, -0.001990856826469365, -0.00024035410578003487, -0.0016310641441238372, -0.0019908568264692707, -0.0019908568264693704, -0.000240354105780112, 0.0001418047046632692, 0.00016158952939145227, 0.00016158952939139125, 0.00014719696037536817], [0.015485154946323371, 0.004836584215386308, 0.004836584215386342, -0.0016310641441238476, 0.029546414691194053, 0.011253701186587226, 0.01125370118658728, 0.0005407680141270872, 0.004836584215386506, -0.001631064144123853, -0.0016310641441238335, -0.0019063174005825704, 0.011253701186587186, 0.0005407680141271163, 0.0005407680141270409, -0.0002893969846789931], [0.007343616960285987, 0.011253701186587266, -0.0016310641441238116, -0.0019908568264693067, 0.011253701186587226, 0.02158969506572059, -0.0019908568264691883, -0.00024035410577997522, -0.0016310641441239016, -0.0019908568264692134, 0.00014180470466293598, 0.00016158952939139217, -0.0019908568264693366, -0.00024035410578002384, 0.00016158952939127326, 0.00014719696037529268], [0.0073436169602859825, -0.0016310641441238279, 0.011253701186587216, -0.001990856826469365, 0.01125370118658728, -0.0019908568264691883, 0.021589695065720494, -0.00024035410578014134, -0.0016310641441238572, 0.00014180470466312918, -0.001990856826469234, 0.00016158952939148804, -0.0019908568264693, 0.00016158952939139857, -0.0002403541057800936, 0.0001471969603752914], [0.002030527320374705, 0.0005407680141271334, 0.0005407680141270467, -0.00024035410578003487, 0.0005407680141270872, -0.00024035410577997522, -0.00024035410578014134, 0.006381018959445143, -0.0019063174005825776, 0.00016158952939142427, 0.00016158952939131273, -3.136995213839721e-06, 0.00016158952939141974, -3.1369952135328956e-06, -3.1369952138422477e-06, -3.3044675508082566e-05], [0.015485154946323366, 0.004836584215386406, 0.004836584215386414, -0.0016310641441238372, 0.004836584215386506, -0.0016310641441239016, -0.0016310641441238572, -0.0019063174005825776, 0.029546414691193887, 0.01125370118658723, 0.011253701186587268, 0.0005407680141271143, 0.01125370118658729, 0.0005407680141270491, 0.0005407680141270849, -0.0002893969846789752], [0.007343616960285979, 0.011253701186587209, -0.0016310641441238255, -0.0019908568264692707, -0.001631064144123853, -0.0019908568264692134, 0.00014180470466312918, 0.00016158952939142427, 0.01125370118658723, 0.021589695065720452, -0.0019908568264691904, -0.00024035410578011473, -0.001990856826469408, -0.00024035410578005596, 0.00016158952939143392, 0.00014719696037530748], [0.0073436169602859825, -0.0016310641441238602, 0.011253701186587235, -0.0019908568264693704, -0.0016310641441238335, 0.00014180470466293598, -0.001990856826469234, 0.00016158952939131273, 0.011253701186587268, -0.0019908568264691904, 0.021589695065720626, -0.00024035410578007887, -0.001990856826469271, 0.00016158952939139353, -0.00024035410577995044, 0.00014719696037529992], [0.0020305273203747136, 0.0005407680141270438, 0.0005407680141271009, -0.000240354105780112, -0.0019063174005825704, 0.00016158952939139217, 0.00016158952939148804, -3.136995213839721e-06, 0.0005407680141271143, -0.00024035410578011473, -0.00024035410578007887, 0.006381018959445222, 0.00016158952939144628, -3.136995213735992e-06, -3.136995213656362e-06, -3.3044675508060517e-05], [0.007343616960285982, -0.0016310641441238667, -0.0016310641441238266, 0.0001418047046632692, 0.011253701186587186, -0.0019908568264693366, -0.0019908568264693, 0.00016158952939141974, 0.01125370118658729, -0.001990856826469408, -0.001990856826469271, 0.00016158952939144628, 0.021589695065720588, -0.00024035410578012757, -0.0002403541057800679, 0.00014719696037530046], [0.002030527320374707, 0.0005407680141270912, -0.001906317400582597, 0.00016158952939145227, 0.0005407680141271163, -0.00024035410578002384, 0.00016158952939139857, -3.1369952135328956e-06, 0.0005407680141270491, -0.00024035410578005596, 0.00016158952939139353, -3.136995213735992e-06, -0.00024035410578012757, 0.006381018959445054, -3.136995213822284e-06, -3.304467550807153e-05], [0.0020305273203747067, -0.0019063174005825717, 0.0005407680141270882, 0.00016158952939139125, 0.0005407680141270409, 0.00016158952939127326, -0.0002403541057800936, -3.1369952138422477e-06, 0.0005407680141270849, 0.00016158952939143392, -0.00024035410577995044, -3.136995213656362e-06, -0.0002403541057800679, -3.136995213822284e-06, 0.006381018959445335, -3.3044675508080717e-05], [0.0003198369701231946, -0.00028939698467899316, -0.00028939698467895044, 0.00014719696037536817, -0.0002893969846789931, 0.00014719696037529268, 0.0001471969603752914, -3.3044675508082566e-05, -0.0002893969846789752, 0.00014719696037530748, 0.00014719696037529992, -3.3044675508060517e-05, 0.00014719696037530046, -3.304467550807153e-05, -3.3044675508080717e-05, 0.0016125173341578149]], [[0.010269788623193178, 0.006565461440047324, 0.006565461440047341, 0.0032226943396087967, 0.006565461440047331, 0.0032226943396087867, 0.003222694339608792, 0.0009538103123207096, 0.006565461440047338, 0.0032226943396087933, 0.003222694339608793, 0.0009538103123207115, 0.0032226943396087915, 0.0009538103123207075, 0.0009538103123207083, -0.00015342112095031535, 0.006565461440047338, 0.0032226943396087937, 0.0032226943396087937, 0.0009538103123207058, 0.0032226943396087937, 0.0009538103123207071, 0.0009538103123207073, -0.0001534211209503128, 0.0032226943396087915, 0.00095381031232071, 0.0009538103123207052, -0.00015342112095031516, 0.000953810312320703, -0.00015342112095031047, -0.00015342112095032004, -0.0003887452506071504], [0.006565461440047324, 0.012915227885604428, 0.0026098800871275428, 0.005831916523394707, 0.002609880087127527, 0.005831916523394693, 3.096857825517743e-05, 0.0014473661542268631, 0.002609880087127501, 0.005831916523394726, 3.096857825515876e-05, 0.0014473661542268696, 3.0968578255179524e-05, 0.0014473661542268464, -0.0008482376973021105, -0.0001437029137329561, 0.002609880087127506, 0.0058319165233946925, 3.09685782552133e-05, 0.0014473661542268596, 3.096857825519463e-05, 0.0014473661542268557, -0.0008482376973021136, -0.00014370291373296535, 3.096857825521076e-05, 0.0014473661542268523, -0.0008482376973021018, -0.00014370291373296784, -0.0008482376973021183, -0.0001437029137329538, -0.0003036417467168777, -4.0325827734548706e-05], [0.006565461440047341, 0.0026098800871275428, 0.012915227885604515, 0.0058319165233946865, 0.002609880087127568, 3.0968578255167374e-05, 0.005831916523394677, 0.0014473661542268854, 0.0026098800871274517, 3.0968578255219165e-05, 0.005831916523394733, 0.0014473661542268575, 3.0968578255214124e-05, -0.0008482376973021037, 0.001447366154226877, -0.00014370291373298568, 0.00260988008712744, 3.0968578255198186e-05, 0.005831916523394708, 0.0014473661542268729, 3.096857825522712e-05, -0.0008482376973021127, 0.0014473661542268512, -0.00014370291373299156, 3.096857825520322e-05, -0.0008482376973020923, 0.0014473661542268666, -0.00014370291373297898, -0.0008482376973021104, -0.0003036417467168902, -0.0001437029137329718, -4.032582773453906e-05], [0.0032226943396087967, 0.005831916523394707, 0.0058319165233946865, 0.011030706884449223, 3.096857825519588e-05, 0.0005111671652130731, 0.0005111671652131061, 0.0018054218665042197, 3.096857825522503e-05, 0.0005111671652130771, 0.0005111671652130911, 0.0018054218665042301, -0.0006417749637466075, -0.0006859600386973449, -0.0006859600386973648, -0.0003313262567025576, 3.0968578255229845e-05, 0.0005111671652130881, 0.0005111671652130551, 0.0018054218665042015, -0.0006417749637466187, -0.0006859600386973773, -0.0006859600386973786, -0.0003313262567025826, -0.0006417749637465821, -0.0006859600386973462, -0.0006859600386973578, -0.00033132625670257164, 0.0004940566780770483, 0.0001858408622850211, 0.00018584086228503366, 0.00010861612824864677], [0.006565461440047331, 0.002609880087127527, 0.002609880087127568, 3.096857825519588e-05, 0.01291522788560434, 0.005831916523394748, 0.005831916523394787, 0.0014473661542268386, 0.0026098800871275332, 3.096857825514954e-05, 3.096857825523112e-05, -0.0008482376973021247, 0.005831916523394724, 0.0014473661542268661, 0.001447366154226838, -0.00014370291373296283, 0.002609880087127561, 3.096857825523028e-05, 3.096857825519776e-05, -0.0008482376973021209, 0.005831916523394758, 0.0014473661542268345, 0.0014473661542268254, -0.00014370291373296744, 3.0968578255188543e-05, -0.0008482376973021179, -0.00084823769730211, -0.00030364174671686, 0.0014473661542268451, -0.00014370291373296825, -0.00014370291373296446, -4.0325827734495764e-05], [0.0032226943396087867, 0.005831916523394693, 3.0968578255167374e-05, 0.0005111671652130731, 0.005831916523394748, 0.01103070688444936, 0.0005111671652130164, 0.0018054218665042282, 3.096857825519274e-05, 0.00051116716521309, -0.0006417749637466608, -0.0006859600386973528, 0.0005111671652131102, 0.0018054218665041926, -0.0006859600386973696, -0.0003313262567025769, 3.096857825519756e-05, 0.0005111671652130636, -0.000641774963746538, -0.00068596003869738, 0.0005111671652130316, 0.0018054218665042334, -0.0006859600386973911, -0.00033132625670257484, -0.0006417749637465589, -0.0006859600386973606, 0.000494056678077059, 0.00018584086228505602, -0.000685960038697385, -0.0003313262567025735, 0.00018584086228500552, 0.00010861612824869113], [0.003222694339608792, 3.096857825517743e-05, 0.005831916523394677, 0.0005111671652131061, 0.005831916523394787, 0.0005111671652130164, 0.01103070688444929, 0.0018054218665041744, 3.096857825517974e-05, -0.0006417749637465952, 0.0005111671652131, -0.0006859600386973425, 0.0005111671652130406, -0.0006859600386973363, 0.0018054218665042167, -0.0003313262567025645, 3.0968578255207625e-05, -0.0006417749637465725, 0.0005111671652130117, -0.0006859600386973463, 0.00051116716521305, -0.0006859600386973786, 0.0018054218665042338, -0.0003313262567025985, -0.0006417749637465296, 0.0004940566780770512, -0.000685960038697345, 0.00018584086228503932, -0.00068596003869736, 0.00018584086228504748, -0.0003313262567025549, 0.00010861612824863727], [0.0009538103123207096, 0.0014473661542268631, 0.0014473661542268854, 0.0018054218665042197, 0.0014473661542268386, 0.0018054218665042282, 0.0018054218665041744, 0.002953976383321535, -0.0008482376973020988, -0.0006859600386973374, -0.0006859600386973571, -0.0003464919793817707, -0.000685960038697343, -0.0003464919793816718, -0.0003464919793817188, 0.0003254928435963585, -0.0008482376973021266, -0.0006859600386973432, -0.0006859600386973337, -0.0003464919793816714, -0.0006859600386973703, -0.0003464919793817125, -0.00034649197938177494, 0.0003254928435963162, 0.0004940566780770313, 0.0003297615528847709, 0.00032976155288475564, -2.5989179638582206e-05, 0.00032976155288473016, -2.5989179638609253e-05, -2.598917963864615e-05, -0.00015860145809407276], [0.006565461440047338, 0.002609880087127501, 0.0026098800871274517, 3.096857825522503e-05, 0.0026098800871275332, 3.096857825519274e-05, 3.096857825517974e-05, -0.0008482376973020988, 0.012915227885604532, 0.005831916523394705, 0.005831916523394689, 0.001447366154226868, 0.005831916523394716, 0.001447366154226843, 0.0014473661542268744, -0.00014370291373296155, 0.002609880087127485, 3.09685782551877e-05, 3.0968578255240965e-05, -0.0008482376973021109, 3.096857825515499e-05, -0.0008482376973020917, -0.0008482376973020988, -0.0003036417467168766, 0.005831916523394722, 0.0014473661542268523, 0.0014473661542268364, -0.00014370291373297183, 0.0014473661542268661, -0.0001437029137329718, -0.00014370291373297185, -4.0325827734537593e-05], [0.0032226943396087933, 0.005831916523394726, 3.0968578255219165e-05, 0.0005111671652130771, 3.096857825514954e-05, 0.00051116716521309, -0.0006417749637465952, -0.0006859600386973374, 0.005831916523394705, 0.011030706884449307, 0.0005111671652130714, 0.0018054218665042106, 0.0005111671652130919, 0.0018054218665041985, -0.0006859600386973754, -0.00033132625670256806, 3.0968578255218115e-05, 0.0005111671652130499, -0.000641774963746646, -0.0006859600386973281, -0.0006417749637465567, -0.000685960038697341, 0.000494056678077079, 0.00018584086228504, 0.0005111671652130427, 0.0018054218665042112, -0.0006859600386973643, -0.0003313262567025586, -0.0006859600386973799, -0.0003313262567025855, 0.00018584086228504596, 0.00010861612824864889], [0.003222694339608793, 3.096857825515876e-05, 0.005831916523394733, 0.0005111671652130911, 3.096857825523112e-05, -0.0006417749637466608, 0.0005111671652131, -0.0006859600386973571, 0.005831916523394689, 0.0005111671652130714, 0.011030706884449282, 0.0018054218665042021, 0.0005111671652130754, -0.0006859600386973308, 0.0018054218665042266, -0.0003313262567025605, 3.0968578255215804e-05, -0.000641774963746572, 0.0005111671652130289, -0.0006859600386973373, -0.0006417749637465364, 0.0004940566780770502, -0.0006859600386973734, 0.00018584086228502918, 0.0005111671652130368, -0.000685960038697363, 0.0018054218665041985, -0.0003313262567025674, -0.0006859600386973587, 0.00018584086228504263, -0.0003313262567025775, 0.00010861612824864355], [0.0009538103123207115, 0.0014473661542268696, 0.0014473661542268575, 0.0018054218665042301, -0.0008482376973021247, -0.0006859600386973528, -0.0006859600386973425, -0.0003464919793817707, 0.001447366154226868, 0.0018054218665042106, 0.0018054218665042021, 0.002953976383321584, -0.0006859600386973504, -0.0003464919793817054, -0.00034649197938169574, 0.00032549284359635475, -0.000848237697302114, -0.0006859600386973717, -0.0006859600386973182, -0.0003464919793817078, 0.000494056678077017, 0.0003297615528846984, 0.0003297615528847837, -2.598917963860527e-05, -0.0006859600386973585, -0.0003464919793816743, -0.00034649197938174057, 0.0003254928435963363, 0.0003297615528847408, -2.598917963862372e-05, -2.5989179638613028e-05, -0.00015860145809408195], [0.0032226943396087915, 3.0968578255179524e-05, 3.0968578255214124e-05, -0.0006417749637466075, 0.005831916523394724, 0.0005111671652131102, 0.0005111671652130406, -0.000685960038697343, 0.005831916523394716, 0.0005111671652130919, 0.0005111671652130754, -0.0006859600386973504, 0.011030706884449236, 0.0018054218665041774, 0.0018054218665042362, -0.00033132625670256313, 3.09685782551745e-05, -0.0006417749637465609, -0.0006417749637464987, 0.0004940566780770369, 0.0005111671652130241, -0.0006859600386973543, -0.0006859600386973655, 0.00018584086228503585, 0.000511167165213034, -0.0006859600386973614, -0.0006859600386973548, 0.0001858408622850367, 0.0018054218665042175, -0.00033132625670257706, -0.00033132625670255695, 0.00010861612824864486], [0.0009538103123207075, 0.0014473661542268464, -0.0008482376973021037, -0.0006859600386973449, 0.0014473661542268661, 0.0018054218665041926, -0.0006859600386973363, -0.0003464919793816718, 0.001447366154226843, 0.0018054218665041985, -0.0006859600386973308, -0.0003464919793817054, 0.0018054218665041774, 0.0029539763833215395, -0.00034649197938174436, 0.00032549284359633594, -0.0008482376973021074, -0.0006859600386973317, 0.0004940566780770007, 0.0003297615528847292, -0.000685960038697345, -0.0003464919793816729, 0.0003297615528847133, -2.598917963861408e-05, -0.0006859600386973419, -0.0003464919793817023, 0.0003297615528847537, -2.5989179638600444e-05, -0.00034649197938172, 0.0003254928435963397, -2.5989179638619736e-05, -0.00015860145809407403], [0.0009538103123207083, -0.0008482376973021105, 0.001447366154226877, -0.0006859600386973648, 0.001447366154226838, -0.0006859600386973696, 0.0018054218665042167, -0.0003464919793817188, 0.0014473661542268744, -0.0006859600386973754, 0.0018054218665042266, -0.00034649197938169574, 0.0018054218665042362, -0.00034649197938174436, 0.0029539763833216146, 0.00032549284359634516, -0.0008482376973021174, 0.0004940566780770161, -0.0006859600386973435, 0.00032976155288474984, -0.0006859600386973747, 0.00032976155288469037, -0.0003464919793817296, -2.598917963863547e-05, -0.0006859600386973327, 0.0003297615528847706, -0.0003464919793817053, -2.5989179638606946e-05, -0.00034649197938169785, -2.5989179638593102e-05, 0.0003254928435963578, -0.0001586014580940894], [-0.00015342112095031535, -0.0001437029137329561, -0.00014370291373298568, -0.0003313262567025576, -0.00014370291373296283, -0.0003313262567025769, -0.0003313262567025645, 0.0003254928435963585, -0.00014370291373296155, -0.00033132625670256806, -0.0003313262567025605, 0.00032549284359635475, -0.00033132625670256313, 0.00032549284359633594, 0.00032549284359634516, 0.0010569858170116342, -0.00030364174671687995, 0.0001858408622850349, 0.00018584086228503918, -2.5989179638605265e-05, 0.0001858408622850212, -2.5989179638658113e-05, -2.5989179638606942e-05, -0.00012017280534381612, 0.0001858408622850406, -2.598917963861575e-05, -2.598917963859835e-05, -0.00012017280534375531, -2.598917963860779e-05, -0.00012017280534376097, -0.00012017280534380876, -4.848014158465297e-05], [0.006565461440047338, 0.002609880087127506, 0.00260988008712744, 3.0968578255229845e-05, 0.002609880087127561, 3.096857825519756e-05, 3.0968578255207625e-05, -0.0008482376973021266, 0.002609880087127485, 3.0968578255218115e-05, 3.0968578255215804e-05, -0.000848237697302114, 3.09685782551745e-05, -0.0008482376973021074, -0.0008482376973021174, -0.00030364174671687995, 0.012915227885604492, 0.005831916523394699, 0.005831916523394692, 0.0014473661542268573, 0.005831916523394702, 0.00144736615422686, 0.0014473661542268724, -0.00014370291373296112, 0.005831916523394695, 0.0014473661542268664, 0.0014473661542268748, -0.0001437029137329716, 0.0014473661542268679, -0.00014370291373296638, -0.00014370291373296492, -4.032582773453382e-05], [0.0032226943396087937, 0.0058319165233946925, 3.0968578255198186e-05, 0.0005111671652130881, 3.096857825523028e-05, 0.0005111671652130636, -0.0006417749637465725, -0.0006859600386973432, 3.09685782551877e-05, 0.0005111671652130499, -0.000641774963746572, -0.0006859600386973717, -0.0006417749637465609, -0.0006859600386973317, 0.0004940566780770161, 0.0001858408622850349, 0.005831916523394699, 0.01103070688444932, 0.0005111671652129826, 0.0018054218665041828, 0.0005111671652131156, 0.0018054218665041915, -0.0006859600386973549, -0.0003313262567025478, 0.0005111671652130389, 0.0018054218665042232, -0.0006859600386973334, -0.00033132625670258633, -0.000685960038697341, -0.00033132625670256644, 0.00018584086228504002, 0.00010861612824864892], [0.0032226943396087937, 3.09685782552133e-05, 0.005831916523394708, 0.0005111671652130551, 3.096857825519776e-05, -0.000641774963746538, 0.0005111671652130117, -0.0006859600386973337, 3.0968578255240965e-05, -0.000641774963746646, 0.0005111671652130289, -0.0006859600386973182, -0.0006417749637464987, 0.0004940566780770007, -0.0006859600386973435, 0.00018584086228503918, 0.005831916523394692, 0.0005111671652129826, 0.011030706884449383, 0.0018054218665041744, 0.0005111671652130429, -0.0006859600386973464, 0.0018054218665042227, -0.00033132625670257646, 0.0005111671652130545, -0.0006859600386973194, 0.0018054218665041904, -0.000331326256702559, -0.0006859600386973426, 0.00018584086228504723, -0.0003313262567025754, 0.00010861612824863637], [0.0009538103123207058, 0.0014473661542268596, 0.0014473661542268729, 0.0018054218665042015, -0.0008482376973021209, -0.00068596003869738, -0.0006859600386973463, -0.0003464919793816714, -0.0008482376973021109, -0.0006859600386973281, -0.0006859600386973373, -0.0003464919793817078, 0.0004940566780770369, 0.0003297615528847292, 0.00032976155288474984, -2.5989179638605265e-05, 0.0014473661542268573, 0.0018054218665041828, 0.0018054218665041744, 0.0029539763833214463, -0.0006859600386973465, -0.0003464919793816886, -0.0003464919793817078, 0.00032549284359633556, -0.0006859600386973172, -0.0003464919793817074, -0.00034649197938167015, 0.0003254928435963246, 0.00032976155288476865, -2.5989179638608203e-05, -2.598917963860338e-05, -0.00015860145809409038], [0.0032226943396087937, 3.096857825519463e-05, 3.096857825522712e-05, -0.0006417749637466187, 0.005831916523394758, 0.0005111671652130316, 0.00051116716521305, -0.0006859600386973703, 3.096857825515499e-05, -0.0006417749637465567, -0.0006417749637465364, 0.000494056678077017, 0.0005111671652130241, -0.000685960038697345, -0.0006859600386973747, 0.0001858408622850212, 0.005831916523394702, 0.0005111671652131156, 0.0005111671652130429, -0.0006859600386973465, 0.011030706884449291, 0.0018054218665042071, 0.001805421866504243, -0.00033132625670255305, 0.0005111671652130375, -0.0006859600386973532, -0.0006859600386973476, 0.00018584086228502696, 0.0018054218665042334, -0.00033132625670256454, -0.0003313262567025611, 0.00010861612824864658], [0.0009538103123207071, 0.0014473661542268557, -0.0008482376973021127, -0.0006859600386973773, 0.0014473661542268345, 0.0018054218665042334, -0.0006859600386973786, -0.0003464919793817125, -0.0008482376973020917, -0.000685960038697341, 0.0004940566780770502, 0.0003297615528846984, -0.0006859600386973543, -0.0003464919793816729, 0.00032976155288469037, -2.5989179638658113e-05, 0.00144736615422686, 0.0018054218665041915, -0.0006859600386973464, -0.0003464919793816886, 0.0018054218665042071, 0.002953976383321645, -0.0003464919793817577, 0.0003254928435963976, -0.0006859600386973213, -0.00034649197938171374, 0.0003297615528847434, -2.5989179638627075e-05, -0.0003464919793816999, 0.00032549284359634554, -2.5989179638638188e-05, -0.00015860145809406837], [0.0009538103123207073, -0.0008482376973021136, 0.0014473661542268512, -0.0006859600386973786, 0.0014473661542268254, -0.0006859600386973911, 0.0018054218665042338, -0.00034649197938177494, -0.0008482376973020988, 0.000494056678077079, -0.0006859600386973734, 0.0003297615528847837, -0.0006859600386973655, 0.0003297615528847133, -0.0003464919793817296, -2.5989179638606942e-05, 0.0014473661542268724, -0.0006859600386973549, 0.0018054218665042227, -0.0003464919793817078, 0.001805421866504243, -0.0003464919793817577, 0.00295397638332167, 0.0003254928435963157, -0.0006859600386973614, 0.00032976155288474095, -0.0003464919793817473, -2.598917963860275e-05, -0.00034649197938167264, -2.598917963859185e-05, 0.0003254928435963485, -0.00015860145809409206], [-0.0001534211209503128, -0.00014370291373296535, -0.00014370291373299156, -0.0003313262567025826, -0.00014370291373296744, -0.00033132625670257484, -0.0003313262567025985, 0.0003254928435963162, -0.0003036417467168766, 0.00018584086228504, 0.00018584086228502918, -2.598917963860527e-05, 0.00018584086228503585, -2.598917963861408e-05, -2.598917963863547e-05, -0.00012017280534381612, -0.00014370291373296112, -0.0003313262567025478, -0.00033132625670257646, 0.00032549284359633556, -0.00033132625670255305, 0.0003254928435963976, 0.0003254928435963157, 0.0010569858170116938, 0.00018584086228504534, -2.598917963860003e-05, -2.5989179638607996e-05, -0.0001201728053438176, -2.598917963860569e-05, -0.0001201728053437477, -0.00012017280534380457, -4.848014158464039e-05], [0.0032226943396087915, 3.096857825521076e-05, 3.096857825520322e-05, -0.0006417749637465821, 3.0968578255188543e-05, -0.0006417749637465589, -0.0006417749637465296, 0.0004940566780770313, 0.005831916523394722, 0.0005111671652130427, 0.0005111671652130368, -0.0006859600386973585, 0.000511167165213034, -0.0006859600386973419, -0.0006859600386973327, 0.0001858408622850406, 0.005831916523394695, 0.0005111671652130389, 0.0005111671652130545, -0.0006859600386973172, 0.0005111671652130375, -0.0006859600386973213, -0.0006859600386973614, 0.00018584086228504534, 0.011030706884449367, 0.0018054218665041729, 0.001805421866504197, -0.0003313262567025838, 0.0018054218665042106, -0.000331326256702563, -0.00033132625670256633, 0.0001086161282486411], [0.00095381031232071, 0.0014473661542268523, -0.0008482376973020923, -0.0006859600386973462, -0.0008482376973021179, -0.0006859600386973606, 0.0004940566780770512, 0.0003297615528847709, 0.0014473661542268523, 0.0018054218665042112, -0.000685960038697363, -0.0003464919793816743, -0.0006859600386973614, -0.0003464919793817023, 0.0003297615528847706, -2.598917963861575e-05, 0.0014473661542268664, 0.0018054218665042232, -0.0006859600386973194, -0.0003464919793817074, -0.0006859600386973532, -0.00034649197938171374, 0.00032976155288474095, -2.598917963860003e-05, 0.0018054218665041729, 0.0029539763833215777, -0.000346491979381803, 0.00032549284359632255, -0.00034649197938170615, 0.0003254928435963426, -2.5989179638588704e-05, -0.00015860145809409187], [0.0009538103123207052, -0.0008482376973021018, 0.0014473661542268666, -0.0006859600386973578, -0.00084823769730211, 0.000494056678077059, -0.000685960038697345, 0.00032976155288475564, 0.0014473661542268364, -0.0006859600386973643, 0.0018054218665041985, -0.00034649197938174057, -0.0006859600386973548, 0.0003297615528847537, -0.0003464919793817053, -2.598917963859835e-05, 0.0014473661542268748, -0.0006859600386973334, 0.0018054218665041904, -0.00034649197938167015, -0.0006859600386973476, 0.0003297615528847434, -0.0003464919793817473, -2.5989179638607996e-05, 0.001805421866504197, -0.000346491979381803, 0.0029539763833216185, 0.00032549284359634516, -0.0003464919793816978, -2.5989179638600657e-05, 0.0003254928435962986, -0.00015860145809408021], [-0.00015342112095031516, -0.00014370291373296784, -0.00014370291373297898, -0.00033132625670257164, -0.00030364174671686, 0.00018584086228505602, 0.00018584086228503932, -2.5989179638582206e-05, -0.00014370291373297183, -0.0003313262567025586, -0.0003313262567025674, 0.0003254928435963363, 0.0001858408622850367, -2.5989179638600444e-05, -2.5989179638606946e-05, -0.00012017280534375531, -0.0001437029137329716, -0.00033132625670258633, -0.000331326256702559, 0.0003254928435963246, 0.00018584086228502696, -2.5989179638627075e-05, -2.598917963860275e-05, -0.0001201728053438176, -0.0003313262567025838, 0.00032549284359632255, 0.00032549284359634516, 0.0010569858170116659, -2.5989179638617222e-05, -0.00012017280534379976, -0.00012017280534375761, -4.848014158462906e-05], [0.000953810312320703, -0.0008482376973021183, -0.0008482376973021104, 0.0004940566780770483, 0.0014473661542268451, -0.000685960038697385, -0.00068596003869736, 0.00032976155288473016, 0.0014473661542268661, -0.0006859600386973799, -0.0006859600386973587, 0.0003297615528847408, 0.0018054218665042175, -0.00034649197938172, -0.00034649197938169785, -2.598917963860779e-05, 0.0014473661542268679, -0.000685960038697341, -0.0006859600386973426, 0.00032976155288476865, 0.0018054218665042334, -0.0003464919793816999, -0.00034649197938167264, -2.598917963860569e-05, 0.0018054218665042106, -0.00034649197938170615, -0.0003464919793816978, -2.5989179638617222e-05, 0.002953976383321476, 0.00032549284359631404, 0.00032549284359635903, -0.000158601458094085], [-0.00015342112095031047, -0.0001437029137329538, -0.0003036417467168902, 0.0001858408622850211, -0.00014370291373296825, -0.0003313262567025735, 0.00018584086228504748, -2.5989179638609253e-05, -0.0001437029137329718, -0.0003313262567025855, 0.00018584086228504263, -2.598917963862372e-05, -0.00033132625670257706, 0.0003254928435963397, -2.5989179638593102e-05, -0.00012017280534376097, -0.00014370291373296638, -0.00033132625670256644, 0.00018584086228504723, -2.5989179638608203e-05, -0.00033132625670256454, 0.00032549284359634554, -2.598917963859185e-05, -0.0001201728053437477, -0.000331326256702563, 0.0003254928435963426, -2.5989179638600657e-05, -0.00012017280534379976, 0.00032549284359631404, 0.0010569858170116832, -0.00012017280534386224, -4.848014158464709e-05], [-0.00015342112095032004, -0.0003036417467168777, -0.0001437029137329718, 0.00018584086228503366, -0.00014370291373296446, 0.00018584086228500552, -0.0003313262567025549, -2.598917963864615e-05, -0.00014370291373297185, 0.00018584086228504596, -0.0003313262567025775, -2.5989179638613028e-05, -0.00033132625670255695, -2.5989179638619736e-05, 0.0003254928435963578, -0.00012017280534380876, -0.00014370291373296492, 0.00018584086228504002, -0.0003313262567025754, -2.598917963860338e-05, -0.0003313262567025611, -2.5989179638638188e-05, 0.0003254928435963485, -0.00012017280534380457, -0.00033132625670256633, -2.5989179638588704e-05, 0.0003254928435962986, -0.00012017280534375761, 0.00032549284359635903, -0.00012017280534386224, 0.001056985817011747, -4.848014158464122e-05], [-0.0003887452506071504, -4.0325827734548706e-05, -4.032582773453906e-05, 0.00010861612824864677, -4.0325827734495764e-05, 0.00010861612824869113, 0.00010861612824863727, -0.00015860145809407276, -4.0325827734537593e-05, 0.00010861612824864889, 0.00010861612824864355, -0.00015860145809408195, 0.00010861612824864486, -0.00015860145809407403, -0.0001586014580940894, -4.848014158465297e-05, -4.032582773453382e-05, 0.00010861612824864892, 0.00010861612824863637, -0.00015860145809409038, 0.00010861612824864658, -0.00015860145809406837, -0.00015860145809409206, -4.848014158464039e-05, 0.0001086161282486411, -0.00015860145809409187, -0.00015860145809408021, -4.848014158462906e-05, -0.000158601458094085, -4.848014158464709e-05, -4.848014158464122e-05, 0.0003695825828286871]], [[0.004092780694827097, 0.0026903527164890482, 0.002690352716489034, 0.0014086451888406005, 0.002690352716489026, 0.001408645188840597, 0.001408645188840596, 0.0004995554978422963, 0.0026903527164890417, 0.0014086451888405981, 0.0014086451888405992, 0.0004995554978422971, 0.0014086451888405997, 0.0004995554978422971, 0.0004995554978422952, 2.1139412235136782e-05, 0.0026903527164890344, 0.0014086451888406005, 0.0014086451888405977, 0.0004995554978422975, 0.0014086451888405981, 0.0004995554978422978, 0.0004995554978422948, 2.1139412235134116e-05, 0.0014086451888405994, 0.0004995554978422986, 0.0004995554978422941, 2.113941223513515e-05, 0.0004995554978422947, 2.113941223513627e-05, 2.113941223513399e-05, -0.0001070042392289715, 0.0026903527164890318, 0.0014086451888405964, 0.0014086451888405966, 0.0004995554978422957, 0.0014086451888406, 0.0004995554978422965, 0.0004995554978422978, 2.1139412235137253e-05, 0.0014086451888405975, 0.0004995554978422977, 0.0004995554978422991, 2.113941223513773e-05, 0.0004995554978422954, 2.1139412235135796e-05, 2.113941223513446e-05, -0.00010700423922896997, 0.0014086451888405964, 0.0004995554978422977, 0.0004995554978422979, 2.1139412235134638e-05, 0.0004995554978422937, 2.113941223513472e-05, 2.113941223513601e-05, -0.00010700423922897072, 0.0004995554978422951, 2.113941223513485e-05, 2.1139412235135495e-05, -0.00010700423922896973, 2.1139412235133774e-05, -0.00010700423922897045, -0.00010700423922897339, -8.074570184567849e-05], [0.0026903527164890482, 0.0054749693729453635, 0.0012420762566673026, 0.0027339765190970305, 0.0012420762566673427, 0.0027339765190970092, 0.00021626970940154526, 0.0009368256058806584, 0.0012420762566673039, 0.002733976519097031, 0.00021626970940156532, 0.0009368256058806494, 0.00021626970940155115, 0.0009368256058806584, -0.00023597267165997307, 9.938449439687908e-05, 0.0012420762566673395, 0.002733976519097032, 0.00021626970940154998, 0.0009368256058806441, 0.00021626970940154868, 0.0009368256058806454, -0.00023597267165997805, 9.93844943968689e-05, 0.00021626970940154743, 0.0009368256058806441, -0.00023597267165998022, 9.938449439687307e-05, -0.0002359726716599828, 9.93844943968689e-05, -0.00023483398667183028, -6.201345777460811e-05, 0.0012420762566673154, 0.0027339765190970075, 0.0002162697094015465, 0.0009368256058806551, 0.0002162697094015589, 0.0009368256058806497, -0.00023597267165997813, 9.938449439687737e-05, 0.00021626970940155974, 0.0009368256058806543, -0.00023597267165998174, 9.938449439686491e-05, -0.00023597267165997307, 9.938449439687393e-05, -0.0002348339866718441, -6.201345777461172e-05, 0.00021626970940156543, 0.0009368256058806547, -0.00023597267165998022, 9.938449439687543e-05, -0.0002359726716599763, 9.938449439686868e-05, -0.00023483398667183358, -6.201345777460992e-05, -0.0002359726716599781, 9.938449439687604e-05, -0.00023483398667183773, -6.20134577746064e-05, -0.00023483398667183177, -6.201345777460776e-05, -3.059307101528808e-05, -2.931160889677905e-05], [0.002690352716489034, 0.0012420762566673026, 0.005474969372945385, 0.0027339765190970227, 0.001242076256667335, 0.00021626970940155857, 0.0027339765190970144, 0.0009368256058806487, 0.0012420762566673097, 0.0002162697094015499, 0.0027339765190970058, 0.000936825605880648, 0.00021626970940156941, -0.000235972671659982, 0.0009368256058806386, 9.93844943968824e-05, 0.00124207625666734, 0.00021626970940155253, 0.0027339765190970322, 0.000936825605880648, 0.00021626970940154928, -0.00023597267165998293, 0.0009368256058806523, 9.93844943968651e-05, 0.00021626970940155632, -0.00023597267165997846, 0.0009368256058806407, 9.938449439687069e-05, -0.0002359726716599863, -0.00023483398667183592, 9.93844943968699e-05, -6.201345777459436e-05, 0.0012420762566673319, 0.00021626970940155445, 0.00273397651909701, 0.0009368256058806542, 0.00021626970940155264, -0.00023597267165998776, 0.0009368256058806511, 9.938449439686807e-05, 0.00021626970940156164, -0.00023597267165997973, 0.0009368256058806525, 9.938449439687452e-05, -0.00023597267165998065, -0.00023483398667184142, 9.93844943968767e-05, -6.201345777460372e-05, 0.00021626970940155437, -0.00023597267165998683, 0.0009368256058806474, 9.938449439686908e-05, -0.00023597267165997981, -0.0002348339866718352, 9.93844943968753e-05, -6.201345777459298e-05, -0.00023597267165999288, -0.00023483398667184166, 9.938449439687088e-05, -6.201345777459754e-05, -0.00023483398667184852, -3.0593071015290575e-05, -6.201345777459772e-05, -2.9311608896778014e-05], [0.0014086451888406005, 0.0027339765190970305, 0.0027339765190970227, 0.005343310730822205, 0.00021626970940153957, 0.000589896309743562, 0.0005898963046569293, 0.0015771922056894941, 0.00021626970940155166, 0.0005898963148082302, 0.0005898963161674284, 0.0015771922057864084, -0.00018819342490435575, -0.00024020079862524334, -0.00024020079838031163, -4.295205498682814e-06, 0.00021626970940155142, 0.0005898963105998993, 0.0005898963064282636, 0.0015771922062280718, -0.00018819341217111147, -0.00024020080090492505, -0.00024020080023986665, -4.295207210652917e-06, -0.0001881934284504685, -0.00024020079956293654, -0.00024020079784513058, -4.295207799278102e-06, 7.335515833235244e-06, -9.320117741637126e-05, -9.320117538670348e-05, -1.1171248390280692e-05, 0.00021626970940155426, 0.0005898963091470875, 0.0005898963170460869, 0.0015771922049899296, -0.00018819342474538957, -0.0002402007978451298, -0.00024020079956293855, -4.295209332329763e-06, -0.00018819342504118385, -0.00024020080023986763, -0.000240200800904933, -4.29520745762265e-06, 7.335517071371379e-06, -9.320117542033454e-05, -9.320117560272137e-05, -1.1171248390288601e-05, -0.0001881934238269559, -0.00024020079838031827, -0.00024020079862522597, -4.295207053831239e-06, 7.335516629701004e-06, -9.32011745521104e-05, -9.32011751627618e-05, -1.1171248390287829e-05, 7.335516532800883e-06, -9.32011748821563e-05, -9.320117611879812e-05, -1.117124839027106e-05, 0.00021088854481713886, 1.2075569029698237e-05, 1.2075569029711134e-05, 2.0172553104580487e-05], [0.002690352716489026, 0.0012420762566673427, 0.001242076256667335, 0.00021626970940153957, 0.005474969372945375, 0.002733976519097027, 0.002733976519097019, 0.0009368256058806374, 0.0012420762566673035, 0.0002162697094015409, 0.00021626970940157419, -0.00023597267165998084, 0.0027339765190970114, 0.000936825605880648, 0.0009368256058806434, 9.938449439687131e-05, 0.0012420762566673108, 0.00021626970940155638, 0.00021626970940153968, -0.0002359726716599721, 0.0027339765190970335, 0.0009368256058806456, 0.0009368256058806465, 9.938449439687887e-05, 0.00021626970940155917, -0.00023597267165997385, -0.00023597267165997832, -0.0002348339866718395, 0.0009368256058806532, 9.938449439687223e-05, 9.938449439686917e-05, -6.201345777461362e-05, 0.001242076256667358, 0.00021626970940157936, 0.00021626970940155304, -0.00023597267165997605, 0.0027339765190970136, 0.0009368256058806421, 0.0009368256058806444, 9.93844943968687e-05, 0.00021626970940154326, -0.0002359726716599842, -0.0002359726716599785, -0.0002348339866718455, 0.0009368256058806462, 9.938449439687246e-05, 9.938449439687779e-05, -6.201345777460553e-05, 0.00021626970940153483, -0.00023597267165997662, -0.00023597267165998277, -0.00023483398667184402, 0.0009368256058806505, 9.938449439687047e-05, 9.938449439687226e-05, -6.20134577746033e-05, -0.00023597267165998372, -0.00023483398667183635, -0.0002348339866718399, -3.059307101528695e-05, 9.938449439687585e-05, -6.201345777460123e-05, -6.201345777460718e-05, -2.9311608896772173e-05], [0.001408645188840597, 0.0027339765190970092, 0.00021626970940155857, 0.000589896309743562, 0.002733976519097027, 0.005343310743518953, 0.000589896310012487, 0.0015771922051049194, 0.00021626970940156646, 0.0005898963027301271, -0.00018819342392698224, -0.00024020079800808202, 0.0005898963174613796, 0.0015771922044430608, -0.0002402