{"r1": 0.99, "r2": 0.99, "theta": 143.22, "sequence": [[[0.008096875642972906, 0.004942508840924738], [0.004942508840924738, 0.004810483992985347]], [[0.0007008896281109261, 0.0010917331578161572, 0.0010917331578161771, -0.0005212631333721738], [0.0010917331578161572, 0.00494768527686745, -5.947222146234682e-05, -0.00036843243586066974], [0.0010917331578161771, -5.947222146234682e-05, 0.004947685276866837, -0.00036843243586132904], [-0.0005212631333721738, -0.00036843243586066974, -0.00036843243586132904, 0.00021995077751813243]], [[6.745177667088103e-05, 0.00013352818273778711, 0.00013352818273778711, 0.0001233149558221138, 0.00013352818273779422, 0.00012331495582212232, 0.0001233149558221195, -0.0001622258332504667], [0.00013352818273778711, 0.00044502726379638124, 0.0002961372736471391, 0.00032512615772883413, 0.000296137506163413, 0.00032512621586816727, 3.406154868425002e-05, -0.00010574566286824834], [0.00013352818273778711, 0.0002961372736471391, 0.00044502715518158624, 0.0003251261726924461, 0.0002961376147779413, 3.4061533720599046e-05, 0.000325126215868298, -0.00010574566286805221], [0.0001233149558221138, 0.00032512615772883413, 0.0003251261726924461, -4.282741594640772e-05, 3.406159185998895e-05, 1.8190084807848331e-06, 1.8187291027137076e-06, -3.609950585532238e-05], [0.00013352818273779422, 0.000296137506163413, 0.0002961376147779413, 3.406159185998895e-05, 0.0004450269226656726, 0.0003251261726925712, 0.000325126157728783, -0.00010574566286813322], [0.00012331495582212232, 0.00032512621586816727, 3.4061533720599046e-05, 1.8190084807848331e-06, 0.0003251261726925712, -4.282727218958799e-05, 1.8185853468093868e-06, -3.609950585479587e-05], [0.0001233149558221195, 3.406154868425002e-05, 0.000325126215868298, 1.8187291027137076e-06, 0.000325126157728783, 1.8185853468093868e-06, -4.282699281145838e-05, -3.609950585489677e-05], [-0.0001622258332504667, -0.00010574566286824834, -0.00010574566286805221, -3.609950585532238e-05, -0.00010574566286813322, -3.609950585479587e-05, -3.609950585489677e-05, 5.81551326018615e-05]], [[1.2530374243078559e-05, 1.7011494193198578e-05, 1.701149419321014e-05, 2.7492092615976425e-05, 1.7011494193185798e-05, 2.7492092615982734e-05, 2.7492092615981677e-05, 2.963772541300987e-05, 1.701149419318825e-05, 2.7492092615985882e-05, 2.749209261598343e-05, 2.9637725413017938e-05, 2.7492092615986583e-05, 2.963772541300637e-05, 2.9637725413017938e-05, -6.021446116050331e-05], [1.7011494193198578e-05, 4.410991867414048e-05, 2.445201838638857e-05, 5.306016053813925e-05, 2.4452018386304163e-05, 5.30601605377904e-05, 2.0389475370735242e-05, 7.036054654031982e-05, 2.4452018386503805e-05, 5.306016053810492e-05, 2.038947537064663e-05, 7.036054654031842e-05, 2.0389475370754856e-05, 7.03605465402792e-05, -1.6216330807582243e-05, -2.3552998094733575e-05], [1.701149419321014e-05, 2.445201838638857e-05, 4.410991867398197e-05, 5.306016053809932e-05, 2.4452018386678226e-05, 2.0389475370859573e-05, 5.306016053796904e-05, 7.036054654025677e-05, 2.4452018386963317e-05, 2.038947537071668e-05, 5.3060160537937494e-05, 7.03605465402946e-05, 2.0389475370769215e-05, -1.621633080752901e-05, 7.036054654036885e-05, -2.355299809470696e-05], [2.7492092615976425e-05, 5.306016053813925e-05, 5.306016053809932e-05, 1.4092018745276154e-05, 2.038947537090441e-05, -3.455240712423606e-06, -3.4552407132697903e-06, -5.1999766318914435e-06, 2.0389475370920515e-05, -3.4552407124936545e-06, -3.4552407124306102e-06, -5.199976632084777e-06, -2.2800043004841235e-06, -2.9573611255914418e-06, -2.957361125657988e-06, 2.84703383066356e-06], [1.7011494193185798e-05, 2.4452018386304163e-05, 2.4452018386678226e-05, 2.038947537090441e-05, 4.410991867379177e-05, 5.3060160537980245e-05, 5.306016053796412e-05, 7.03605465402988e-05, 2.445201838691779e-05, 2.03894753706799e-05, 2.038947537076186e-05, -1.6216330807460362e-05, 5.3060160537945205e-05, 7.036054654039126e-05, 7.036054654032683e-05, -2.3552998094771407e-05], [2.7492092615982734e-05, 5.30601605377904e-05, 2.0389475370859573e-05, -3.455240712423606e-06, 5.3060160537980245e-05, 1.4092018744848201e-05, -3.455240712691191e-06, -5.1999766319082554e-06, 2.0389475370803892e-05, -3.4552407123311427e-06, -2.2800043004788698e-06, -2.9573611257112254e-06, -3.4552407124151997e-06, -5.199976631826999e-06, -2.957361125816997e-06, 2.8470338305731975e-06], [2.7492092615981677e-05, 2.0389475370735242e-05, 5.306016053796904e-05, -3.4552407132697903e-06, 5.306016053796412e-05, -3.455240712691191e-06, 1.4092018745624854e-05, -5.199976632048351e-06, 2.0389475370773416e-05, -2.2800043003436765e-06, -3.4552407124278087e-06, -2.957361125519993e-06, -3.455240712490853e-06, -2.9573611256215627e-06, -5.1999766320203315e-06, 2.847033830560588e-06], [2.963772541300987e-05, 7.036054654031982e-05, 7.036054654025677e-05, -5.1999766318914435e-06, 7.03605465402988e-05, -5.1999766319082554e-06, -5.199976632048351e-06, -4.539992166172471e-06, -1.6216330807553875e-05, -2.9573611256895104e-06, -2.957361125711225e-06, -3.96561722524731e-06, -2.957361125690911e-06, -3.965617225105812e-06, -3.965617225622068e-06, 3.4720833402979374e-06], [1.701149419318825e-05, 2.4452018386503805e-05, 2.4452018386963317e-05, 2.0389475370920515e-05, 2.445201838691779e-05, 2.0389475370803892e-05, 2.0389475370773416e-05, -1.6216330807553875e-05, 4.410991867331626e-05, 5.306016053791229e-05, 5.306016053805169e-05, 7.0360546540289e-05, 5.306016053802508e-05, 7.036054654033802e-05, 7.036054654037445e-05, -2.3552998094777008e-05], [2.7492092615985882e-05, 5.306016053810492e-05, 2.038947537071668e-05, -3.4552407124936545e-06, 2.03894753706799e-05, -3.4552407123311427e-06, -2.2800043003436765e-06, -2.9573611256895104e-06, 5.306016053791229e-05, 1.4092018745482205e-05, -3.4552407126897896e-06, -5.199976631880234e-06, -3.4552407131282935e-06, -5.199976632011927e-06, -2.957361125581635e-06, 2.847033830564091e-06], [2.749209261598343e-05, 2.038947537064663e-05, 5.3060160537937494e-05, -3.4552407124306102e-06, 2.038947537076186e-05, -2.2800043004788698e-06, -3.4552407124278087e-06, -2.957361125711225e-06, 5.306016053805169e-05, -3.4552407126897896e-06, 1.4092018745070103e-05, -5.199976632051153e-06, -3.455240712551093e-06, -2.9573611257210315e-06, -5.199976631768157e-06, 2.847033830584405e-06], [2.9637725413017938e-05, 7.036054654031842e-05, 7.03605465402946e-05, -5.199976632084777e-06, -1.6216330807460362e-05, -2.9573611257112254e-06, -2.957361125519993e-06, -3.96561722524731e-06, 7.0360546540289e-05, -5.199976631880234e-06, -5.199976632051153e-06, -4.539992165423552e-06, -2.957361125548011e-06, -3.965617225555522e-06, -3.965617225864436e-06, 3.4720833404114152e-06], [2.7492092615986583e-05, 2.0389475370754856e-05, 2.0389475370769215e-05, -2.2800043004841235e-06, 5.3060160537945205e-05, -3.4552407124151997e-06, -3.455240712490853e-06, -2.957361125690911e-06, 5.306016053802508e-05, -3.4552407131282935e-06, -3.455240712551093e-06, -2.957361125548011e-06, 1.4092018745640707e-05, -5.199976631967096e-06, -5.1999766319698966e-06, 2.847033830557786e-06], [2.963772541300637e-05, 7.03605465402792e-05, -1.621633080752901e-05, -2.9573611255914418e-06, 7.036054654039126e-05, -5.199976631826999e-06, -2.9573611256215627e-06, -3.965617225105812e-06, 7.036054654033802e-05, -5.199976632011927e-06, -2.9573611257210315e-06, -3.965617225555522e-06, -5.199976631967096e-06, -4.539992165768293e-06, -3.965617225568831e-06, 3.472083340446439e-06], [2.9637725413017938e-05, -1.6216330807582243e-05, 7.036054654036885e-05, -2.957361125657988e-06, 7.036054654032683e-05, -2.957361125816997e-06, -5.1999766320203315e-06, -3.965617225622068e-06, 7.036054654037445e-05, -2.957361125581635e-06, -5.199976631768157e-06, -3.965617225864436e-06, -5.1999766319698966e-06, -3.965617225568831e-06, -4.539992164932197e-06, 3.4720833404548447e-06], [-6.021446116050331e-05, -2.3552998094733575e-05, -2.355299809470696e-05, 2.84703383066356e-06, -2.3552998094771407e-05, 2.8470338305731975e-06, 2.847033830560588e-06, 3.4720833402979374e-06, -2.3552998094777008e-05, 2.847033830564091e-06, 2.847033830584405e-06, 3.4720833404114152e-06, 2.847033830557786e-06, 3.472083340446439e-06, 3.4720833404548447e-06, 7.404361622586161e-07]], [[7.929761844286595e-07, 2.367570344642561e-06, 2.367570344660315e-06, 4.556915366785717e-06, 2.3675703446334006e-06, 4.556915366787644e-06, 4.556915366786425e-06, 7.938893051261557e-06, 2.3675703446326087e-06, 4.5569153667860165e-06, 4.5569153667879655e-06, 7.938893051262072e-06, 4.556915366786038e-06, 7.938893051257662e-06, 7.93889305125792e-06, 7.590377120257136e-06, 2.367570344633443e-06, 4.556915366788072e-06, 4.556915366786295e-06, 7.93889305125796e-06, 4.556915366784412e-06, 7.93889305126006e-06, 7.938893051259077e-06, 7.59037712026107e-06, 4.556915366786724e-06, 7.938893051259973e-06, 7.938893051258606e-06, 7.590377120250028e-06, 7.93889305125852e-06, 7.5903771202598725e-06, 7.5903771202609e-06, -2.3216950353999702e-05], [2.367570344642561e-06, 9.031280590422798e-06, 3.308089566728251e-06, 7.971932988279228e-06, 3.308089566684395e-06, 7.971932988361333e-06, 4.477848531052598e-06, 1.4418811969361164e-05, 3.3080895667096084e-06, 7.97193298833265e-06, 4.477848531049559e-06, 1.4418811969244731e-05, 4.47784853106437e-06, 1.441881196931373e-05, 5.117407475326609e-06, 1.814400576034219e-05, 3.3080895668591305e-06, 7.971932988307653e-06, 4.47784853115345e-06, 1.441881196924422e-05, 4.47784853109549e-06, 1.4418811969278463e-05, 5.117407475341291e-06, 1.814400576038516e-05, 4.477848531092537e-06, 1.4418811969328972e-05, 5.117407475311326e-06, 1.8144005760353997e-05, 5.117407475290223e-06, 1.8144005760321295e-05, -6.525513579659601e-06, -1.2317014669805644e-05], [2.367570344660315e-06, 3.308089566728251e-06, 9.031280590221333e-06, 7.97193298826613e-06, 3.3080895668280096e-06, 4.477848531031237e-06, 7.971932988525363e-06, 1.4418811969228294e-05, 3.308089566956386e-06, 4.477848531026486e-06, 7.971932988344894e-06, 1.4418811969282226e-05, 4.477848531071133e-06, 5.117407475350793e-06, 1.4418811969311166e-05, 1.8144005760304002e-05, 3.3080895667021825e-06, 4.4778485310517e-06, 7.971932988372548e-06, 1.4418811969312536e-05, 4.477848531075585e-06, 5.117407475290435e-06, 1.4418811969312362e-05, 1.8144005760370948e-05, 4.477848531088298e-06, 5.1174074752412515e-06, 1.4418811969364588e-05, 1.8144005760280373e-05, 5.117407475309785e-06, -6.525513579710967e-06, 1.814400576029767e-05, -1.2317014670028747e-05], [4.556915366785717e-06, 7.971932988279228e-06, 7.97193298826613e-06, 1.1164832614216678e-05, 4.4778485309569696e-06, 3.5742238675731443e-07, 3.57422386656977e-07, 1.4136696935599351e-06, 4.477848530991685e-06, 3.5742238640510606e-07, 3.574223868999443e-07, 1.4136696936349314e-06, -2.4716325152244197e-07, -5.478854375796094e-07, -5.478854375755e-07, -7.964324181015646e-07, 4.47784853102623e-06, 3.5742238673282935e-07, 3.574223867958399e-07, 1.4136696935202112e-06, -2.47163251622437e-07, -5.478854375378305e-07, -5.478854374438285e-07, -7.964324181207417e-07, -2.4716325172529995e-07, -5.478854374294458e-07, -5.478854376164225e-07, -7.964324180358143e-07, -6.431747903695555e-08, -6.734595466073563e-08, -6.734595465936584e-08, 4.0518160005477896e-07], [2.3675703446334006e-06, 3.308089566684395e-06, 3.3080895668280096e-06, 4.4778485309569696e-06, 9.031280590794738e-06, 7.971932988383764e-06, 7.97193298827589e-06, 1.441881196929627e-05, 3.308089566502341e-06, 4.4778485311187766e-06, 4.477848531087956e-06, 5.117407475362992e-06, 7.971932988451652e-06, 1.441881196927829e-05, 1.4418811969289763e-05, 1.8144005760372154e-05, 3.308089566750531e-06, 4.47784853112738e-06, 4.477848531009792e-06, 5.117407475345656e-06, 7.971932988392236e-06, 1.4418811969326917e-05, 1.4418811969307915e-05, 1.8144005760311537e-05, 4.477848531073102e-06, 5.117407475358199e-06, 5.1174074753470265e-06, -6.5255135795673095e-06, 1.4418811969372467e-05, 1.814400576037506e-05, 1.814400576032934e-05, -1.2317014669834065e-05], [4.556915366787644e-06, 7.971932988361333e-06, 4.477848531031237e-06, 3.5742238675731443e-07, 7.971932988383764e-06, 1.1164832614627359e-05, 3.5742238666999004e-07, 1.4136696935239784e-06, 4.4778485310795666e-06, 3.5742238660355503e-07, -2.471632518832544e-07, -5.478854375296119e-07, 3.574223871112351e-07, 1.413669693551374e-06, -5.478854375431387e-07, -7.964324180748533e-07, 4.477848531100626e-06, 3.574223867766628e-07, -2.4716325180581827e-07, -5.478854375691646e-07, 3.5742238691980627e-07, 1.4136696935174717e-06, -5.478854375659113e-07, -7.964324179830774e-07, -2.471632520095751e-07, -5.478854375835476e-07, -6.431747910690068e-08, -6.734595461073816e-08, -5.478854375412551e-07, -7.964324180830723e-07, -6.734595464994853e-08, 4.051816000821749e-07], [4.556915366786425e-06, 4.477848531052598e-06, 7.971932988525363e-06, 3.57422386656977e-07, 7.97193298827589e-06, 3.5742238666999004e-07, 1.116483261457312e-05, 1.4136696935517164e-06, 4.477848531071175e-06, -2.4716325154358814e-07, 3.574223865513317e-07, -5.478854374921138e-07, 3.5742238659978806e-07, -5.478854375088937e-07, 1.4136696935667847e-06, -7.96432418020062e-07, 4.4778485310766545e-06, -2.47163251767892e-07, 3.5742238661245867e-07, -5.478854375287557e-07, 3.574223866758117e-07, -5.478854375842325e-07, 1.41366969339556e-06, -7.964324181967651e-07, -2.47163251655997e-07, -6.431747901221364e-08, -5.47885437447938e-07, -6.73459546090259e-08, -5.478854375657402e-07, -6.734595453762536e-08, -7.964324181077287e-07, 4.051816000910784e-07], [7.938893051261557e-06, 1.4418811969361164e-05, 1.4418811969228294e-05, 1.4136696935599351e-06, 1.441881196929627e-05, 1.4136696935239784e-06, 1.4136696935517164e-06, 6.3434215329138e-06, 5.117407475417613e-06, -5.478854375748151e-07, -5.478854375446796e-07, -1.170158924876473e-06, -5.478854375155716e-07, -1.1701589245860768e-06, -1.1701589244169072e-06, -1.1989471578205675e-06, 5.117407475280935e-06, -5.478854374130081e-07, -5.478854375612884e-07, -1.170158924543613e-06, -5.478854374950245e-07, -1.1701589247168922e-06, -1.1701589244559463e-06, -1.1989471578123488e-06, -6.431747907830622e-08, -1.0667204165110195e-07, -1.0667204175982936e-07, -1.9435874373612033e-07, -1.0667204141977794e-07, -1.943587437248196e-07, -1.9435874388577038e-07, 4.7023356774854876e-07], [2.3675703446326087e-06, 3.3080895667096084e-06, 3.308089566956386e-06, 4.477848530991685e-06, 3.308089566502341e-06, 4.4778485310795666e-06, 4.477848531071175e-06, 5.117407475417613e-06, 9.031280590593272e-06, 7.97193298842537e-06, 7.9719329883752e-06, 1.4418811969366128e-05, 7.971932988342327e-06, 1.4418811969212195e-05, 1.4418811969243364e-05, 1.814400576031205e-05, 3.3080895667673756e-06, 4.477848531106748e-06, 4.477848531071946e-06, 5.117407475349637e-06, 4.477848531056792e-06, 5.117407475362094e-06, 5.1174074752975e-06, -6.525513579664651e-06, 7.971932988349688e-06, 1.4418811969365615e-05, 1.441881196920261e-05, 1.814400576035041e-05, 1.4418811969263566e-05, 1.8144005760321813e-05, 1.8144005760420947e-05, -1.2317014669901698e-05], [4.5569153667860165e-06, 7.97193298833265e-06, 4.477848531026486e-06, 3.5742238640510606e-07, 4.4778485311187766e-06, 3.5742238660355503e-07, -2.4716325154358814e-07, -5.478854375748151e-07, 7.97193298842537e-06, 1.1164832614689346e-05, 3.574223866169105e-07, 1.413669693558223e-06, 3.574223868038874e-07, 1.4136696935441826e-06, -5.47885437520537e-07, -7.9643241806458e-07, 4.4778485310744285e-06, 3.5742238673265815e-07, -2.47163251777181e-07, -5.478854375126607e-07, -2.4716325181831756e-07, -5.478854375683088e-07, -6.431747908798038e-08, -6.734595458573937e-08, 3.574223868449813e-07, 1.4136696935373338e-06, -5.478854374741351e-07, -7.964324181330696e-07, -5.478854374684848e-07, -7.964324180974551e-07, -6.734595466570113e-08, 4.0518160007738055e-07], [4.5569153667879655e-06, 4.477848531049559e-06, 7.971932988344894e-06, 3.574223868999443e-07, 4.477848531087956e-06, -2.471632518832544e-07, 3.574223865513317e-07, -5.478854375446796e-07, 7.9719329883752e-06, 3.574223866169105e-07, 1.1164832614425892e-05, 1.4136696934441879e-06, 3.5742238677169737e-07, -5.478854373477716e-07, 1.4136696935397306e-06, -7.964324181556714e-07, 4.477848531098358e-06, -2.4716325189917824e-07, 3.574223868326531e-07, -5.478854375078664e-07, -2.471632516172147e-07, -6.43174790837854e-08, -5.478854374623207e-07, -6.734595467443359e-08, 3.574223867139947e-07, -5.4788543759091e-07, 1.4136696935407583e-06, -7.9643241799746e-07, -5.47885437518311e-07, -6.734595462563467e-08, -7.964324180652649e-07, 4.051816001064886e-07], [7.938893051262072e-06, 1.4418811969244731e-05, 1.4418811969282226e-05, 1.4136696936349314e-06, 5.117407475362992e-06, -5.478854375296119e-07, -5.478854374921138e-07, -1.170158924876473e-06, 1.4418811969366128e-05, 1.413669693558223e-06, 1.4136696934441879e-06, 6.3434215328208155e-06, -5.478854376028959e-07, -1.1701589247340145e-06, -1.170158924316912e-06, -1.1989471578616611e-06, 5.117407475291849e-06, -5.478854375058116e-07, -5.478854375034144e-07, -1.170158924590186e-06, -6.431747906460827e-08, -1.0667204160401526e-07, -1.0667204154408678e-07, -1.9435874379330927e-07, -5.478854374974217e-07, -1.1701589246449778e-06, -1.1701589245600507e-06, -1.1989471577520777e-06, -1.0667204146806317e-07, -1.9435874376933792e-07, -1.9435874385289534e-07, 4.702335677588223e-07], [4.556915366786038e-06, 4.47784853106437e-06, 4.477848531071133e-06, -2.4716325152244197e-07, 7.971932988451652e-06, 3.574223871112351e-07, 3.5742238659978806e-07, -5.478854375155716e-07, 7.971932988342327e-06, 3.574223868038874e-07, 3.5742238677169737e-07, -5.478854376028959e-07, 1.1164832614177933e-05, 1.4136696934839114e-06, 1.4136696935561684e-06, -7.964324179954056e-07, 4.477848531049858e-06, -2.471632519236633e-07, -2.4716325185872654e-07, -6.43174790119568e-08, 3.5742238667957856e-07, -5.478854374554717e-07, -5.478854375075239e-07, -6.734595466604361e-08, 3.5742238674344527e-07, -5.478854375224205e-07, -5.478854375157427e-07, -6.734595468950134e-08, 1.4136696934993219e-06, -7.964324181138927e-07, -7.964324180228013e-07, 4.0518160009792745e-07], [7.938893051257662e-06, 1.441881196931373e-05, 5.117407475350793e-06, -5.478854375796094e-07, 1.441881196927829e-05, 1.413669693551374e-06, -5.478854375088937e-07, -1.1701589245860768e-06, 1.4418811969212195e-05, 1.4136696935441826e-06, -5.478854373477716e-07, -1.1701589247340145e-06, 1.4136696934839114e-06, 6.3434215328208155e-06, -1.1701589245668996e-06, -1.1989471578616613e-06, 5.117407475366246e-06, -5.478854375802943e-07, -6.431747906520757e-08, -1.0667204160504263e-07, -5.478854374621495e-07, -1.1701589245038888e-06, -1.0667204162148015e-07, -1.9435874371557348e-07, -5.478854375883419e-07, -1.1701589245381341e-06, -1.0667204145179687e-07, -1.9435874375392774e-07, -1.1701589246662095e-06, -1.1989471579411092e-06, -1.9435874369708127e-07, 4.7023356776087685e-07], [7.93889305125792e-06, 5.117407475326609e-06, 1.4418811969311166e-05, -5.478854375755e-07, 1.4418811969289763e-05, -5.478854375431387e-07, 1.4136696935667847e-06, -1.1701589244169072e-06, 1.4418811969243364e-05, -5.47885437520537e-07, 1.4136696935397306e-06, -1.170158924316912e-06, 1.4136696935561684e-06, -1.1701589245668996e-06, 6.3434215326735884e-06, -1.1989471579000158e-06, 5.117407475373395e-06, -6.431747905570462e-08, -5.47885437512832e-07, -1.0667204174613142e-07, -5.478854375246463e-07, -1.0667204161737076e-07, -1.1701589246038838e-06, -1.9435874377139258e-07, -5.478854375619732e-07, -1.0667204171942044e-07, -1.1701589245785429e-06, -1.9435874377961134e-07, -1.1701589246004596e-06, -1.9435874372687425e-07, -1.1989471577849528e-06, 4.7023356773896035e-07], [7.590377120257136e-06, 1.814400576034219e-05, 1.8144005760304002e-05, -7.964324181015646e-07, 1.8144005760372154e-05, -7.964324180748533e-07, -7.96432418020062e-07, -1.1989471578205675e-06, 1.814400576031205e-05, -7.9643241806458e-07, -7.964324181556714e-07, -1.1989471578616611e-06, -7.964324179954056e-07, -1.1989471578616613e-06, -1.1989471579000158e-06, 4.065545076958129e-06, -6.525513579606949e-06, -6.734595465868098e-08, -6.734595460046468e-08, -1.9435874368886248e-07, -6.734595471929438e-08, -1.9435874375906447e-07, -1.943587437751595e-07, -6.875909747204035e-07, -6.734595460697118e-08, -1.9435874371523102e-07, -1.9435874369776618e-07, -6.875909747762225e-07, -1.943587438046101e-07, -6.875909746995142e-07, -6.875909744680188e-07, -3.9296433666588786e-07], [2.367570344633443e-06, 3.3080895668591305e-06, 3.3080895667021825e-06, 4.47784853102623e-06, 3.308089566750531e-06, 4.477848531100626e-06, 4.4778485310766545e-06, 5.117407475280935e-06, 3.3080895667673756e-06, 4.4778485310744285e-06, 4.477848531098358e-06, 5.117407475291849e-06, 4.477848531049858e-06, 5.117407475366246e-06, 5.117407475373395e-06, -6.525513579606949e-06, 9.031280590515783e-06, 7.97193298834909e-06, 7.971932988359705e-06, 1.4418811969302775e-05, 7.97193298834455e-06, 1.4418811969267333e-05, 1.4418811969294557e-05, 1.814400576033808e-05, 7.971932988363557e-06, 1.4418811969276061e-05, 1.4418811969308255e-05, 1.814400576030914e-05, 1.4418811969285999e-05, 1.8144005760362217e-05, 1.8144005760294244e-05, -1.231701466991694e-05], [4.556915366788072e-06, 7.971932988307653e-06, 4.4778485310517e-06, 3.5742238673282935e-07, 4.47784853112738e-06, 3.574223867766628e-07, -2.47163251767892e-07, -5.478854374130081e-07, 4.477848531106748e-06, 3.5742238673265815e-07, -2.4716325189917824e-07, -5.478854375058116e-07, -2.471632519236633e-07, -5.478854375802943e-07, -6.431747905570462e-08, -6.734595465868098e-08, 7.97193298834909e-06, 1.1164832614286416e-05, 3.574223865965348e-07, 1.413669693507883e-06, 3.574223869143272e-07, 1.4136696935537708e-06, -5.478854375386869e-07, -7.964324180029393e-07, 3.57422387136405e-07, 1.413669693552059e-06, -5.478854374693409e-07, -7.964324180769081e-07, -5.478854376301206e-07, -7.964324180652648e-07, -6.734595471141803e-08, 4.051816001054613e-07], [4.556915366786295e-06, 4.47784853115345e-06, 7.971932988372548e-06, 3.574223867958399e-07, 4.477848531009792e-06, -2.4716325180581827e-07, 3.5742238661245867e-07, -5.478854375612884e-07, 4.477848531071946e-06, -2.47163251777181e-07, 3.574223868326531e-07, -5.478854375034144e-07, -2.4716325185872654e-07, -6.431747906520757e-08, -5.47885437512832e-07, -6.734595460046468e-08, 7.971932988359705e-06, 3.574223865965348e-07, 1.116483261455762e-05, 1.4136696936770529e-06, 3.574223868129623e-07, -5.478854375148864e-07, 1.4136696934893908e-06, -7.964324180632104e-07, 3.574223866807771e-07, -5.478854375383445e-07, 1.4136696934657618e-06, -7.964324181221113e-07, -5.478854375111197e-07, -6.734595461176549e-08, -7.964324180741685e-07, 4.051816001099131e-07], [7.93889305125796e-06, 1.441881196924422e-05, 1.4418811969312536e-05, 1.4136696935202112e-06, 5.117407475345656e-06, -5.478854375691646e-07, -5.478854375287557e-07, -1.170158924543613e-06, 5.117407475349637e-06, -5.478854375126607e-07, -5.478854375078664e-07, -1.170158924590186e-06, -6.43174790119568e-08, -1.0667204160504263e-07, -1.0667204174613142e-07, -1.9435874368886248e-07, 1.4418811969302775e-05, 1.413669693507883e-06, 1.4136696936770529e-06, 6.343421532681339e-06, -5.478854375790957e-07, -1.1701589244819724e-06, -1.1701589246716888e-06, -1.1989471578150885e-06, -5.478854375640279e-07, -1.170158924757301e-06, -1.1701589243299254e-06, -1.1989471577794733e-06, -1.0667204135676737e-07, -1.9435874382002027e-07, -1.9435874392823407e-07, 4.7023356775402806e-07], [4.556915366784412e-06, 4.47784853109549e-06, 4.477848531075585e-06, -2.47163251622437e-07, 7.971932988392236e-06, 3.5742238691980627e-07, 3.574223866758117e-07, -5.478854374950245e-07, 4.477848531056792e-06, -2.4716325181831756e-07, -2.471632516172147e-07, -6.431747906460827e-08, 3.5742238667957856e-07, -5.478854374621495e-07, -5.478854375246463e-07, -6.734595471929438e-08, 7.97193298834455e-06, 3.574223869143272e-07, 3.574223868129623e-07, -5.478854375790957e-07, 1.1164832614146938e-05, 1.413669693542813e-06, 1.413669693512335e-06, -7.964324180248559e-07, 3.5742238638661385e-07, -5.478854375653978e-07, -5.478854375191671e-07, -6.73459546542291e-08, 1.413669693570209e-06, -7.964324180173222e-07, -7.964324180419784e-07, 4.0518160010957077e-07], [7.93889305126006e-06, 1.4418811969278463e-05, 5.117407475290435e-06, -5.478854375378305e-07, 1.4418811969326917e-05, 1.4136696935174717e-06, -5.478854375842325e-07, -1.1701589247168922e-06, 5.117407475362094e-06, -5.478854375683088e-07, -6.43174790837854e-08, -1.0667204160401526e-07, -5.478854374554717e-07, -1.1701589245038888e-06, -1.0667204161737076e-07, -1.9435874375906447e-07, 1.4418811969267333e-05, 1.4136696935537708e-06, -5.478854375148864e-07, -1.1701589244819724e-06, 1.413669693542813e-06, 6.343421533037779e-06, -1.170158924624431e-06, -1.1989471578205675e-06, -5.478854375284132e-07, -1.1701589247525067e-06, -1.0667204172198883e-07, -1.9435874384159454e-07, -1.170158924526491e-06, -1.198947157867141e-06, -1.943587437491334e-07, 4.702335677588223e-07], [7.938893051259077e-06, 5.117407475341291e-06, 1.4418811969312362e-05, -5.478854374438285e-07, 1.4418811969307915e-05, -5.478854375659113e-07, 1.41366969339556e-06, -1.1701589244559463e-06, 5.1174074752975e-06, -6.431747908798038e-08, -5.478854374623207e-07, -1.0667204154408678e-07, -5.478854375075239e-07, -1.0667204162148015e-07, -1.1701589246038838e-06, -1.943587437751595e-07, 1.4418811969294557e-05, -5.478854375386869e-07, 1.4136696934893908e-06, -1.1701589246716888e-06, 1.413669693512335e-06, -1.170158924624431e-06, 6.3434215329138e-06, -1.1989471579000152e-06, -5.478854374318427e-07, -1.0667204138382082e-07, -1.1701589246148425e-06, -1.9435874382995136e-07, -1.17015892489565e-06, -1.9435874361968784e-07, -1.1989471578507026e-06, 4.7023356778210863e-07], [7.59037712026107e-06, 1.814400576038516e-05, 1.8144005760370948e-05, -7.964324181207417e-07, 1.8144005760311537e-05, -7.964324179830774e-07, -7.964324181967651e-07, -1.1989471578123488e-06, -6.525513579664651e-06, -6.734595458573937e-08, -6.734595467443359e-08, -1.9435874379330927e-07, -6.734595466604361e-08, -1.9435874371557348e-07, -1.9435874377139258e-07, -6.875909747204035e-07, 1.814400576033808e-05, -7.964324180029393e-07, -7.964324180632104e-07, -1.1989471578150885e-06, -7.964324180248559e-07, -1.1989471578205675e-06, -1.1989471579000152e-06, 4.065545077043365e-06, -6.734595465029096e-08, -1.943587436939992e-07, -1.9435874382241745e-07, -6.875909748816968e-07, -1.9435874379330927e-07, -6.875909745228106e-07, -6.875909747063631e-07, -3.929643366679426e-07], [4.556915366786724e-06, 4.477848531092537e-06, 4.477848531088298e-06, -2.4716325172529995e-07, 4.477848531073102e-06, -2.471632520095751e-07, -2.47163251655997e-07, -6.431747907830622e-08, 7.971932988349688e-06, 3.574223868449813e-07, 3.574223867139947e-07, -5.478854374974217e-07, 3.5742238674344527e-07, -5.478854375883419e-07, -5.478854375619732e-07, -6.734595460697118e-08, 7.971932988363557e-06, 3.57422387136405e-07, 3.574223866807771e-07, -5.478854375640279e-07, 3.5742238638661385e-07, -5.478854375284132e-07, -5.478854374318427e-07, -6.734595465029096e-08, 1.1164832614387148e-05, 1.4136696935952073e-06, 1.4136696935188415e-06, -7.964324181049891e-07, 1.4136696935952073e-06, -7.964324180830721e-07, -7.964324180481425e-07, 4.051816000989548e-07], [7.938893051259973e-06, 1.4418811969328972e-05, 5.1174074752412515e-06, -5.478854374294458e-07, 5.117407475358199e-06, -5.478854375835476e-07, -6.431747901221364e-08, -1.0667204165110195e-07, 1.4418811969365615e-05, 1.4136696935373338e-06, -5.4788543759091e-07, -1.1701589246449778e-06, -5.478854375224205e-07, -1.1701589245381341e-06, -1.0667204171942044e-07, -1.9435874371523102e-07, 1.4418811969276061e-05, 1.413669693552059e-06, -5.478854375383445e-07, -1.170158924757301e-06, -5.478854375653978e-07, -1.1701589247525067e-06, -1.0667204138382082e-07, -1.943587436939992e-07, 1.4136696935952073e-06, 6.343421533355479e-06, -1.1701589246504568e-06, -1.1989471578671404e-06, -1.170158924664155e-06, -1.1989471579548072e-06, -1.9435874374194201e-07, 4.70233567767041e-07], [7.938893051258606e-06, 5.117407475311326e-06, 1.4418811969364588e-05, -5.478854376164225e-07, 5.1174074753470265e-06, -6.431747910690068e-08, -5.47885437447938e-07, -1.0667204175982936e-07, 1.441881196920261e-05, -5.478854374741351e-07, 1.4136696935407583e-06, -1.1701589245600507e-06, -5.478854375157427e-07, -1.0667204145179687e-07, -1.1701589245785429e-06, -1.9435874369776618e-07, 1.4418811969308255e-05, -5.478854374693409e-07, 1.4136696934657618e-06, -1.1701589243299254e-06, -5.478854375191671e-07, -1.0667204172198883e-07, -1.1701589246148425e-06, -1.9435874382241745e-07, 1.4136696935188415e-06, -1.1701589246504568e-06, 6.343421532875055e-06, -1.1989471578726198e-06, -1.1701589246593608e-06, -1.9435874374365424e-07, -1.198947157883578e-06, 4.702335677749173e-07], [7.590377120250028e-06, 1.8144005760353997e-05, 1.8144005760280373e-05, -7.964324180358143e-07, -6.5255135795673095e-06, -6.734595461073816e-08, -6.73459546090259e-08, -1.9435874373612033e-07, 1.814400576035041e-05, -7.964324181330696e-07, -7.9643241799746e-07, -1.1989471577520777e-06, -6.734595468950134e-08, -1.9435874375392774e-07, -1.9435874377961134e-07, -6.875909747762225e-07, 1.814400576030914e-05, -7.964324180769081e-07, -7.964324181221113e-07, -1.1989471577794733e-06, -6.73459546542291e-08, -1.9435874384159454e-07, -1.9435874382995136e-07, -6.875909748816968e-07, -7.964324181049891e-07, -1.1989471578671404e-06, -1.1989471578726198e-06, 4.065545077264204e-06, -1.9435874382995128e-07, -6.875909746998566e-07, -6.87590974590273e-07, -3.9296433667684624e-07], [7.93889305125852e-06, 5.117407475290223e-06, 5.117407475309785e-06, -6.431747903695555e-08, 1.4418811969372467e-05, -5.478854375412551e-07, -5.478854375657402e-07, -1.0667204141977794e-07, 1.4418811969263566e-05, -5.478854374684848e-07, -5.47885437518311e-07, -1.0667204146806317e-07, 1.4136696934993219e-06, -1.1701589246662095e-06, -1.1701589246004596e-06, -1.943587438046101e-07, 1.4418811969285999e-05, -5.478854376301206e-07, -5.478854375111197e-07, -1.0667204135676737e-07, 1.413669693570209e-06, -1.170158924526491e-06, -1.17015892489565e-06, -1.9435874379330927e-07, 1.4136696935952073e-06, -1.170158924664155e-06, -1.1701589246593608e-06, -1.9435874382995128e-07, 6.343421532712332e-06, -1.1989471578260464e-06, -1.1989471576698901e-06, 4.702335677718353e-07], [7.5903771202598725e-06, 1.8144005760321295e-05, -6.525513579710967e-06, -6.734595466073563e-08, 1.814400576037506e-05, -7.964324180830723e-07, -6.734595453762536e-08, -1.943587437248196e-07, 1.8144005760321813e-05, -7.964324180974551e-07, -6.734595462563467e-08, -1.9435874376933792e-07, -7.964324181138927e-07, -1.1989471579411092e-06, -1.9435874372687425e-07, -6.875909746995142e-07, 1.8144005760362217e-05, -7.964324180652648e-07, -6.734595461176549e-08, -1.9435874382002027e-07, -7.964324180173222e-07, -1.198947157867141e-06, -1.9435874361968784e-07, -6.875909745228106e-07, -7.964324180830721e-07, -1.1989471579548072e-06, -1.9435874374365424e-07, -6.875909746998566e-07, -1.1989471578260464e-06, 4.0655450768690184e-06, -6.875909748282747e-07, -3.9296433669876295e-07], [7.5903771202609e-06, -6.525513579659601e-06, 1.814400576029767e-05, -6.734595465936584e-08, 1.814400576032934e-05, -6.734595464994853e-08, -7.964324181077287e-07, -1.9435874388577038e-07, 1.8144005760420947e-05, -6.734595466570113e-08, -7.964324180652649e-07, -1.9435874385289534e-07, -7.964324180228013e-07, -1.9435874369708127e-07, -1.1989471577849528e-06, -6.875909744680188e-07, 1.8144005760294244e-05, -6.734595471141803e-08, -7.964324180741685e-07, -1.9435874392823407e-07, -7.964324180419784e-07, -1.943587437491334e-07, -1.1989471578507026e-06, -6.875909747063631e-07, -7.964324180481425e-07, -1.9435874374194201e-07, -1.198947157883578e-06, -6.87590974590273e-07, -1.1989471576698901e-06, -6.875909748282747e-07, 4.065545076876768e-06, -3.9296433672752867e-07], [-2.3216950353999702e-05, -1.2317014669805644e-05, -1.2317014670028747e-05, 4.0518160005477896e-07, -1.2317014669834065e-05, 4.051816000821749e-07, 4.051816000910784e-07, 4.7023356774854876e-07, -1.2317014669901698e-05, 4.0518160007738055e-07, 4.051816001064886e-07, 4.702335677588223e-07, 4.0518160009792745e-07, 4.7023356776087685e-07, 4.7023356773896035e-07, -3.9296433666588786e-07, -1.231701466991694e-05, 4.051816001054613e-07, 4.051816001099131e-07, 4.7023356775402806e-07, 4.0518160010957077e-07, 4.702335677588223e-07, 4.7023356778210863e-07, -3.929643366679426e-07, 4.051816000989548e-07, 4.70233567767041e-07, 4.702335677749173e-07, -3.9296433667684624e-07, 4.702335677718353e-07, -3.9296433669876295e-07, -3.9296433672752867e-07, 3.6583227894214976e-07]], [[-1.0079301490900375e-05, 3.136709280532108e-07, 3.1367092798260523e-07, 6.678281051750935e-07, 3.136709280366948e-07, 6.678281051753557e-07, 6.678281051753373e-07, 1.3733311646722344e-06, 3.1367092803656896e-07, 6.678281051748941e-07, 6.678281051750044e-07, 1.3733311646768755e-06, 6.67828105174991e-07, 1.3733311646727218e-06, 1.3733311646749982e-06, 2.329198085106937e-06, 3.1367092803681545e-07, 6.678281051746423e-07, 6.678281051735671e-07, 1.373331164675255e-06, 6.678281051747553e-07, 1.3733311646758582e-06, 1.3733311646730941e-06, 2.329198085117006e-06, 6.678281051751984e-07, 1.3733311646738128e-06, 1.3733311646710123e-06, 2.329198085110199e-06, 1.3733311646720817e-06, 2.3291980851089723e-06, 2.3291980851095906e-06, 1.891845405470999e-06, 3.1367092803655324e-07, 6.678281051744326e-07, 6.678281051748468e-07, 1.3733311646750245e-06, 6.678281051748809e-07, 1.3733311646737444e-06, 1.373331164674437e-06, 2.3291980851082684e-06, 6.678281051745217e-07, 1.3733311646737446e-06, 1.373331164675968e-06, 2.329198085108552e-06, 1.3733311646719565e-06, 2.329198085109003e-06, 2.3291980851097583e-06, 1.8918454054625237e-06, 6.67828105174653e-07, 1.3733311646759209e-06, 1.3733311646735663e-06, 2.329198085109622e-06, 1.3733311646743793e-06, 2.329198085109496e-06, 2.329198085111835e-06, 1.891845405470957e-06, 1.3733311646755175e-06, 2.3291980851068424e-06, 2.3291980851114787e-06, 1.8918454054549095e-06, 2.3291980851094542e-06, 1.8918454054595665e-06, 1.8918454054484274e-06, -8.819327219170831e-06], [3.136709280532108e-07, 3.876258549534287e-05, 5.830109868703512e-07, 1.138835619787888e-06, 5.830109870312552e-07, 1.1388356197415377e-06, 7.454313845328441e-07, 2.3462758371788665e-06, 5.830109870234935e-07, 1.1388356197665224e-06, 7.454313845250981e-07, 2.346275837178258e-06, 7.454313845217576e-07, 2.346275837189334e-06, 1.287492575618446e-06, 4.185378978766005e-06, 5.830109870141191e-07, 1.1388356197508627e-06, 7.454313845178765e-07, 2.3462758371945785e-06, 7.454313845020963e-07, 2.3462758371773765e-06, 1.2874925756434306e-06, 4.185378978803177e-06, 7.454313845137754e-07, 2.346275837179475e-06, 1.287492575652944e-06, 4.185378978803974e-06, 1.2874925756535626e-06, 4.185378978797011e-06, 1.3418892594529866e-06, 4.875971197511068e-06, 5.830109868841335e-07, 1.138835619756516e-06, 7.454313845132664e-07, 2.346275837200935e-06, 7.454313845056939e-07, 2.3462758371800413e-06, 1.2874925756665794e-06, 4.18537897881526e-06, 7.454313845091601e-07, 2.3462758371820547e-06, 1.287492575636456e-06, 4.18537897879424e-06, 1.2874925756570346e-06, 4.185378978785095e-06, 1.3418892594306874e-06, 4.875971197491432e-06, 7.45431384486342e-07, 2.3462758371673498e-06, 1.287492575653269e-06, 4.185378978811275e-06, 1.2874925756537098e-06, 4.185378978807331e-06, 1.3418892594248558e-06, 4.87597119748065e-06, 1.287492575633204e-06, 4.185378978812534e-06, 1.341889259440893e-06, 4.875971197522102e-06, 1.3418892594562383e-06, 4.875971197502382e-06, -2.7004407755180295e-06, -5.886825243654071e-06], [3.1367092798260523e-07, 5.830109868703512e-07, 3.876258549578336e-05, 1.1388356196668364e-06, 5.830109869565511e-07, 7.454313845316587e-07, 1.1388356197616238e-06, 2.346275837190509e-06, 5.83010986977993e-07, 7.454313845106601e-07, 1.1388356197596837e-06, 2.346275837196131e-06, 7.454313845423839e-07, 1.2874925756524723e-06, 2.3462758371668255e-06, 4.185378978819246e-06, 5.830109868709412e-07, 7.454313845227067e-07, 1.1388356197886854e-06, 2.3462758372072704e-06, 7.45431384512973e-07, 1.2874925756612829e-06, 2.346275837187341e-06, 4.185378978817065e-06, 7.45431384504157e-07, 1.2874925756449936e-06, 2.3462758371820547e-06, 4.1853789788036805e-06, 1.2874925756672826e-06, 1.3418892594396869e-06, 4.185378978825624e-06, 4.87597119748258e-06, 5.830109869094222e-07, 7.45431384516109e-07, 1.1388356197684733e-06, 2.3462758371881597e-06, 7.454313845218571e-07, 1.2874925756511716e-06, 2.3462758371926066e-06, 4.185378978804101e-06, 7.454313845246786e-07, 1.2874925756719078e-06, 2.3462758371834815e-06, 4.185378978821009e-06, 1.2874925756647858e-06, 1.3418892594369704e-06, 4.185378978811527e-06, 4.875971197493153e-06, 7.45431384504026e-07, 1.2874925756491892e-06, 2.346275837187048e-06, 4.185378978805023e-06, 1.2874925756736807e-06, 1.3418892594324812e-06, 4.1853789788060725e-06, 4.875971197464706e-06, 1.2874925756555978e-06, 1.3418892594431587e-06, 4.185378978812072e-06, 4.875971197469657e-06, 1.3418892594622485e-06, -2.7004407755762837e-06, 4.875971197462735e-06, -5.886825243662462e-06], [6.678281051750935e-07, 1.138835619787888e-06, 1.1388356196668364e-06, 9.82451852099469e-06, 7.454313845044877e-07, 2.1664971945393537e-07, 2.1664968144367803e-07, 6.971377925713844e-07, 7.454313845699325e-07, 2.1664967662735197e-07, 2.1664968951844447e-07, 6.971378120136143e-07, 5.8322675727295944e-08, 2.0554771257588147e-07, 2.0554781923711426e-07, 7.608098463230018e-07, 7.454313844370549e-07, 2.166496545139725e-07, 2.1664967956451937e-07, 6.971377581701882e-07, 5.832265792979926e-08, 2.055477353172484e-07, 2.055477787845108e-07, 7.608098700739191e-07, 5.8322696699018176e-08, 2.0554774455073741e-07, 2.0554773603262888e-07, 7.608098751093987e-07, -3.28735938537291e-08, -3.158661663681935e-08, -3.158666362574992e-08, 1.30439639407672e-07, 7.454313844535955e-07, 2.1664968435466534e-07, 2.1664968444652654e-07, 6.971377851286751e-07, 5.832266185125989e-08, 2.0554773604819433e-07, 2.0554774465877247e-07, 7.60809872379449e-07, 5.832265781235578e-08, 2.0554777882736815e-07, 2.0554773535907789e-07, 7.608098546272219e-07, -3.2873620912887785e-08, -3.158661916458649e-08, -3.1586642851521906e-08, 1.304396393819115e-07, 5.832270781664803e-08, 2.0554781929553706e-07, 2.0554771253654833e-07, 7.608098666272878e-07, -3.287356706016869e-08, -3.158665808621872e-08, -3.158663966891577e-08, 1.3043963939047023e-07, -3.287358646147112e-08, -3.15866686911858e-08, -3.158661640585519e-08, 1.3043963940935025e-07, -9.926025447535963e-08, -2.890196783338632e-07, -2.890196783219478e-07, -7.752974788199297e-07], [3.136709280366948e-07, 5.830109870312552e-07, 5.830109869565511e-07, 7.454313845044877e-07, 3.876258549557071e-05, 1.138835619757418e-06, 1.1388356197254902e-06, 2.3462758371770623e-06, 5.830109869705931e-07, 7.454313845362322e-07, 7.454313845281242e-07, 1.2874925756153313e-06, 1.1388356197132288e-06, 2.3462758371960053e-06, 2.3462758371513858e-06, 4.185378978812492e-06, 5.830109868280866e-07, 7.454313844956508e-07, 7.454313844698639e-07, 1.2874925756207644e-06, 1.1388356197295492e-06, 2.346275837150022e-06, 2.3462758372153257e-06, 4.185378978813162e-06, 7.454313846111431e-07, 1.2874925756573389e-06, 1.2874925756889838e-06, 1.3418892594410188e-06, 2.346275837161077e-06, 4.185378978812281e-06, 4.18537897879831e-06, 4.87597119751606e-06, 5.830109870095486e-07, 7.454313845223814e-07, 7.454313845320573e-07, 1.287492575650091e-06, 1.1388356197586975e-06, 2.3462758372102914e-06, 2.346275837170874e-06, 4.185378978807206e-06, 7.454313845094749e-07, 1.2874925756426545e-06, 1.2874925756713941e-06, 1.341889259433215e-06, 2.346275837151554e-06, 4.185378978812408e-06, 4.1853789788101e-06, 4.8759711975096834e-06, 7.454313845266453e-07, 1.2874925756579369e-06, 1.2874925756688242e-06, 1.34188925944899e-06, 2.3462758371833134e-06, 4.185378978798352e-06, 4.18537897883477e-06, 4.8759711975215555e-06, 1.2874925756570555e-06, 1.3418892594443335e-06, 1.3418892594716569e-06, -