{"r1": 0.18999999999999995, "r2": 0.18999999999999995, "theta": 143.22, "sequence": [[[0.4193048901043757, 0.028441005383387646], [0.028441005383387646, 0.40039378936232206]], [[0.17944033432492248, 0.02297443400352858, 0.02297443400352553, -0.0027020375471603747], [0.02297443400352858, 0.23796403469278926, -0.003025627329758869, 0.00034299416251129067], [0.02297443400352553, -0.003025627329758869, 0.23796403469276667, 0.0003429941625158119], [-0.0027020375471603747, 0.00034299416251129067, 0.0003429941625158119, 0.16393602152065684]], [[0.07633200329652846, 0.009802682209250999, 0.009802682209250981, 0.0002274292406930145, 0.009802682209250981, 0.000227429240693011, 0.00022742924069301776, -0.000276507943673512], [0.009802682209250999, 0.10113788729490193, 0.000181342716574451, 0.0065584056213502705, 0.00018134279108776075, 0.0065584056092885925, -0.00029491194976081987, -0.0009780239947769099], [0.009802682209250981, 0.000181342716574451, 0.10113788724513077, 0.006558405629407016, 0.00018134284085880432, -0.0002949119578174798, 0.006558405609288554, -0.000978023994776849], [0.0002274292406930145, 0.0065584056213502705, 0.006558405629407016, 0.09538161893064234, -0.0002949119698792405, -0.0010179916604111544, -0.0010179916617151373, 0.0003802972987857984], [0.009802682209250981, 0.00018134279108776075, 0.00018134284085880432, -0.0002949119698792405, 0.10113788717061754, 0.006558405629406934, 0.006558405621350345, -0.0009780239947768856], [0.000227429240693011, 0.0065584056092885925, -0.0002949119578174798, -0.0010179916604111544, 0.006558405629406934, 0.09538161893259509, -0.0010179916636678767, 0.00038029729878582245], [0.00022742924069301776, -0.00029491194976081987, 0.006558405609288554, -0.0010179916617151373, 0.006558405621350345, -0.0010179916636678767, 0.09538161893389914, 0.00038029729878578125], [-0.000276507943673512, -0.0009780239947769099, -0.000978023994776849, 0.0003802972987857984, -0.0009780239947768856, 0.00038029729878582245, 0.00038029729878578125, 0.06659568694828714]], [[0.03239111845493046, 0.00429881537290877, 0.004298815372908765, 0.0004878007249100116, 0.004298815372908763, 0.0004878007249099943, 0.0004878007249100527, -0.00016367058005210464, 0.004298815372908765, 0.0004878007249100539, 0.00048780072490999134, -0.00016367058005210448, 0.0004878007249100075, -0.00016367058005210448, -0.00016367058005210328, 2.345126309998947e-05], [0.00429881537290877, 0.043736697715552164, 0.00048219168493933055, 0.005346373131008651, 0.0004821916849392601, 0.005346373131007489, -0.00018817686001861911, -0.0006169454659811154, 0.0004821916849393029, 0.005346373131009715, -0.00018817686002089645, -0.000616945465981097, -0.0001881768600197336, -0.0006169454659811093, 3.33535866097581e-05, 5.971814083182793e-05], [0.004298815372908765, 0.00048219168493933055, 0.043736697715552005, 0.005346373131009532, 0.00048219168493928935, -0.00018817686001869119, 0.0053463731310065725, -0.0006169454659810757, 0.00048219168493925, -0.0001881768600217259, 0.005346373131009667, -0.0006169454659810934, -0.00018817686001881346, 3.3353586609780476e-05, -0.0006169454659810805, 5.9718140831819994e-05], [0.0004878007249100116, 0.005346373131008651, 0.005346373131009532, 0.05665073634905927, -0.00018817686001911598, -0.0006906151620697988, -0.0006906151620707057, 0.000167217004946638, -0.00018817686002148366, -0.0006906151620827819, -0.0006906151620753612, 0.0001672170049501402, 3.757428759888686e-05, 8.11890515007064e-05, 8.118905149941268e-05, -1.055536796498609e-05], [0.004298815372908763, 0.0004821916849392601, 0.00048219168493928935, -0.00018817686001911598, 0.04373669771555181, 0.005346373131011449, 0.005346373131005201, -0.0006169454659811048, 0.00048219168493931266, -0.00018817686002316504, -0.00018817686001697153, 3.335358660975266e-05, 0.005346373131009248, -0.0006169454659811049, -0.00061694546598109, 5.971814083182775e-05], [0.0004878007249099943, 0.005346373131007489, -0.00018817686001869119, -0.0006906151620697988, 0.005346373131011449, 0.05665073634906481, -0.000690615162067152, 0.00016721700494483208, -0.0001881768600228551, -0.0006906151620971872, 3.757428759863363e-05, 8.118905150359575e-05, -0.0006906151620707017, 0.00016721700495092215, 8.1189051497857e-05, -1.0555367965018237e-05], [0.0004878007249100527, -0.00018817686001861911, 0.0053463731310065725, -0.0006906151620707057, 0.005346373131005201, -0.000690615162067152, 0.05665073634900995, 0.00016721700495582624, -0.00018817686001490377, 3.7574287599761155e-05, -0.0006906151620480779, 8.118905149382053e-05, -0.0006906151620621042, 8.118905149590498e-05, 0.00016721700495037534, -1.0555367964891255e-05], [-0.00016367058005210464, -0.0006169454659811154, -0.0006169454659810757, 0.000167217004946638, -0.0006169454659811048, 0.00016721700494483208, 0.00016721700495582624, 0.03950209483687937, 3.3353586609761265e-05, 8.118905150593356e-05, 8.11890514949859e-05, -1.5155246375456989e-05, 8.118905149679446e-05, -1.5155246375503506e-05, -1.5155246375519161e-05, 2.488052260407054e-05], [0.004298815372908765, 0.0004821916849393029, 0.00048219168493925, -0.00018817686002148366, 0.00048219168493931266, -0.0001881768600228551, -0.00018817686001490377, 3.3353586609761265e-05, 0.04373669771555209, 0.005346373131013421, 0.0053463731310055005, -0.0006169454659810959, 0.005346373131006855, -0.0006169454659810985, -0.0006169454659811007, 5.971814083182309e-05], [0.0004878007249100539, 0.005346373131009715, -0.0001881768600217259, -0.0006906151620827819, -0.00018817686002316504, -0.0006906151620971872, 3.7574287599761155e-05, 8.118905150593356e-05, 0.005346373131013421, 0.05665073634909435, -0.0006906151620780554, 0.00016721700494370224, -0.0006906151620742899, 0.0001672170049457902, 8.11890515004525e-05, -1.055536796488713e-05], [0.00048780072490999134, -0.00018817686002089645, 0.005346373131009667, -0.0006906151620753612, -0.00018817686001697153, 3.757428759863363e-05, -0.0006906151620480779, 8.11890514949859e-05, 0.0053463731310055005, -0.0006906151620780554, 0.056650736349037494, 0.00016721700495350844, -0.0006906151620762011, 8.118905150110613e-05, 0.0001672170049476977, -1.0555367965027388e-05], [-0.00016367058005210448, -0.000616945465981097, -0.0006169454659810934, 0.0001672170049501402, 3.335358660975266e-05, 8.118905150359575e-05, 8.118905149382053e-05, -1.5155246375456989e-05, -0.0006169454659810959, 0.00016721700494370224, 0.00016721700495350844, 0.039502094836879484, 8.118905150025478e-05, -1.5155246375570317e-05, -1.515524637562527e-05, 2.488052260406774e-05], [0.0004878007249100075, -0.0001881768600197336, -0.00018817686001881346, 3.757428759888686e-05, 0.005346373131009248, -0.0006906151620707017, -0.0006906151620621042, 8.118905149679446e-05, 0.005346373131006855, -0.0006906151620742899, -0.0006906151620762011, 8.118905150025478e-05, 0.056650736349043676, 0.0001672170049505871, 0.00016721700494927333, -1.0555367964983642e-05], [-0.00016367058005210448, -0.0006169454659811093, 3.3353586609780476e-05, 8.11890515007064e-05, -0.0006169454659811049, 0.00016721700495092215, 8.118905149590498e-05, -1.5155246375503506e-05, -0.0006169454659810985, 0.0001672170049457902, 8.118905150110613e-05, -1.5155246375570317e-05, 0.0001672170049505871, 0.03950209483687941, -1.5155246375476252e-05, 2.488052260407196e-05], [-0.00016367058005210328, 3.33535866097581e-05, -0.0006169454659810805, 8.118905149941268e-05, -0.00061694546598109, 8.1189051497857e-05, 0.00016721700495037534, -1.5155246375519161e-05, -0.0006169454659811007, 8.11890515004525e-05, 0.0001672170049476977, -1.515524637562527e-05, 0.00016721700494927333, -1.5155246375476252e-05, 0.03950209483687942, 2.4880522604076404e-05], [2.345126309998947e-05, 5.971814083182793e-05, 5.9718140831819994e-05, -1.055536796498609e-05, 5.971814083182775e-05, -1.0555367965018237e-05, -1.0555367964891255e-05, 2.488052260407054e-05, 5.971814083182309e-05, -1.055536796488713e-05, -1.0555367965027388e-05, 2.488052260406774e-05, -1.0555367964983642e-05, 2.488052260407196e-05, 2.4880522604076404e-05, 0.02698704452127384]], [[0.013717332551400742, 0.0018401933720484838, 0.0018401933720484849, 0.0002208621465098046, 0.001840193372048483, 0.00022086214650980489, 0.0002208621465098068, -1.1676182522776456e-05, 0.0018401933720484862, 0.00022086214650980556, 0.00022086214650980556, -1.1676182522776534e-05, 0.00022086214650980673, -1.1676182522776444e-05, -1.1676182522776784e-05, -1.2842274682599188e-05, 0.0018401933720484888, 0.0002208621465098062, 0.00022086214650980453, -1.1676182522776137e-05, 0.00022086214650980432, -1.1676182522776002e-05, -1.1676182522776246e-05, -1.2842274682599593e-05, 0.00022086214650980445, -1.1676182522776398e-05, -1.1676182522776229e-05, -1.2842274682599317e-05, -1.1676182522776362e-05, -1.2842274682599157e-05, -1.2842274682599191e-05, 4.708670392786141e-06], [0.0018401933720484838, 0.01860826952184506, 0.00022005657800847067, 0.002347741049090276, 0.00022005657800842695, 0.002347741049090268, -1.5101820134218703e-05, 4.038755623519256e-05, 0.0002200565780084621, 0.0023477410490902913, -1.5101820134247461e-05, 4.0387556235183366e-05, -1.5101820134226233e-05, 4.038755623518044e-05, -1.4217193726050841e-05, -6.05190570741845e-05, 0.00022005657800845698, 0.0023477410490902514, -1.5101820134229558e-05, 4.038755623518885e-05, -1.5101820134228611e-05, 4.038755623518894e-05, -1.4217193726050231e-05, -6.051905707418416e-05, -1.5101820134231027e-05, 4.038755623518684e-05, -1.421719372604916e-05, -6.051905707418271e-05, -1.4217193726048115e-05, -6.051905707418586e-05, 6.020388172685651e-06, 1.5247499660531268e-05], [0.0018401933720484849, 0.00022005657800847067, 0.01860826952184511, 0.002347741049090251, 0.00022005657800844934, -1.5101820134246326e-05, 0.0023477410490902653, 4.038755623519134e-05, 0.00022005657800841627, -1.5101820134220908e-05, 0.0023477410490902696, 4.038755623518807e-05, -1.510182013420627e-05, -1.4217193726056657e-05, 4.038755623518019e-05, -6.051905707418188e-05, 0.00022005657800844367, -1.5101820134226861e-05, 0.0023477410490902783, 4.038755623519329e-05, -1.5101820134220812e-05, -1.4217193726046902e-05, 4.0387556235186456e-05, -6.0519057074184945e-05, -1.5101820134240427e-05, -1.4217193726043919e-05, 4.0387556235187824e-05, -6.051905707419209e-05, -1.4217193726039538e-05, 6.020388172685414e-06, -6.051905707418919e-05, 1.524749966053099e-05], [0.0002208621465098046, 0.002347741049090276, 0.002347741049090251, 0.02439426523850944, -1.5101820134234095e-05, 2.896960580941315e-05, 2.8969605829164603e-05, 0.0015162945473185222, -1.5101820134213929e-05, 2.8969605822359282e-05, 2.896960581254799e-05, 0.001516294547295161, -1.471474899299813e-05, -6.420529582254648e-05, -6.420529576116149e-05, -0.0002175502368833624, -1.5101820134216607e-05, 2.8969605850575352e-05, 2.8969605840648892e-05, 0.0015162945476433843, -1.4714749049339963e-05, -6.420529599619493e-05, -6.420529593572803e-05, -0.0002175502368833693, -1.4714749045587299e-05, -6.420529589336492e-05, -6.420529601522504e-05, -0.00021755023688336273, 6.764523972662405e-06, 1.7966544929858833e-05, 1.796654492985916e-05, 3.0252376243852193e-05], [0.001840193372048483, 0.00022005657800842695, 0.00022005657800844934, -1.5101820134234095e-05, 0.018608269521845085, 0.002347741049090255, 0.0023477410490902835, 4.0387556235187235e-05, 0.00022005657800852117, -1.5101820134249021e-05, -1.5101820134214615e-05, -1.4217193726046751e-05, 0.0023477410490902535, 4.0387556235196376e-05, 4.0387556235185615e-05, -6.0519057074186686e-05, 0.00022005657800844983, -1.5101820134208699e-05, -1.5101820134201728e-05, -1.421719372605977e-05, 0.0023477410490902583, 4.038755623518963e-05, 4.038755623518475e-05, -6.051905707419545e-05, -1.5101820134228704e-05, -1.4217193726050587e-05, -1.421719372605806e-05, 6.020388172677645e-06, 4.038755623518543e-05, -6.0519057074189295e-05, -6.051905707419113e-05, 1.5247499660539338e-05], [0.00022086214650980489, 0.002347741049090268, -1.5101820134246326e-05, 2.896960580941315e-05, 0.002347741049090255, 0.024394265238508753, 2.8969605815535497e-05, 0.0015162945472301363, -1.5101820134221201e-05, 2.8969605798029393e-05, -1.4714749048870403e-05, -6.420529631791056e-05, 2.896960590701148e-05, 0.0015162945477246177, -6.420529560684772e-05, -0.00021755023688336305, -1.5101820134241576e-05, 2.8969605875599166e-05, -1.4714748979855348e-05, -6.420529541244768e-05, 2.8969605760435018e-05, 0.001516294547298158, -6.4205296085868e-05, -0.00021755023688336834, -1.4714749059897763e-05, -6.42052959775876e-05, 6.76452396851455e-06, 1.7966544929859954e-05, -6.420529601521332e-05, -0.000217550236883364, 1.796654492985505e-05, 3.0252376243838898e-05], [0.0002208621465098068, -1.5101820134218703e-05, 0.0023477410490902653, 2.8969605829164603e-05, 0.0023477410490902835, 2.8969605815535497e-05, 0.02439426523854946, 0.0015162945476029372, -1.510182013424621e-05, -1.4714748975761919e-05, 2.8969605846485874e-05, -6.42052954450565e-05, 2.8969605725089698e-05, -6.420529627893788e-05, 0.0015162945471510066, -0.00021755023688336622, -1.5101820134217112e-05, -1.4714749072660293e-05, 2.8969605766788015e-05, -6.420529653627028e-05, 2.896960590174636e-05, -6.420529578659563e-05, 0.0015162945477498588, -0.00021755023688335554, -1.4714748999536177e-05, 6.764524219460314e-06, -6.420529597759129e-05, 1.7966544929853354e-05, -6.420529589335952e-05, 1.796654492985363e-05, -0.00021755023688335676, 3.0252376243848625e-05], [-1.1676182522776456e-05, 4.038755623519256e-05, 4.038755623519134e-05, 0.0015162945473185222, 4.0387556235187235e-05, 0.0015162945472301363, 0.0015162945476029372, 0.022752395401967763, -1.421719372605105e-05, -6.420529578672374e-05, -6.420529599961002e-05, -0.0002261501616748441, -6.420529582029968e-05, -0.0002261501611131903, -0.00022615016012531616, 0.00012509229107712796, -1.421719372605346e-05, -6.42052957319644e-05, -6.420529589188657e-05, -0.00022615016067105997, -6.420529598279037e-05, -0.00022615016177871818, -0.0002261501604635433, 0.00012509229107710511, 6.764523867177676e-06, 1.881407771892144e-05, 1.88140754158401e-05, 3.3018335123460606e-05, 1.8814075961855146e-05, 3.301833512346263e-05, 3.3018335123490476e-05, -1.7151385942571893e-05], [0.0018401933720484862, 0.0002200565780084621, 0.00022005657800841627, -1.5101820134213929e-05, 0.00022005657800852117, -1.5101820134221201e-05, -1.510182013424621e-05, -1.421719372605105e-05, 0.018608269521845067, 0.002347741049090257, 0.0023477410490902904, 4.038755623518611e-05, 0.0023477410490902757, 4.038755623518729e-05, 4.038755623518816e-05, -6.0519057074187025e-05, 0.00022005657800842917, -1.510182013423973e-05, -1.5101820134245542e-05, -1.4217193726040902e-05, -1.5101820134222055e-05, -1.4217193726050956e-05, -1.4217193726045117e-05, 6.0203881726834835e-06, 0.0023477410490902817, 4.038755623518704e-05, 4.038755623519047e-05, -6.051905707418377e-05, 4.038755623518454e-05, -6.051905707418535e-05, -6.0519057074185304e-05, 1.5247499660530963e-05], [0.00022086214650980556, 0.0023477410490902913, -1.5101820134220908e-05, 2.8969605822359282e-05, -1.5101820134249021e-05, 2.8969605798029393e-05, -1.4714748975761919e-05, -6.420529578672374e-05, 0.002347741049090257, 0.024394265238596412, 2.896960584879605e-05, 0.0015162945480563298, 2.8969605700168373e-05, 0.0015162945469882096, -6.420529622787789e-05, -0.00021755023688336034, -1.5101820134221679e-05, 2.896960577506056e-05, -1.4714749099058842e-05, -6.420529669038877e-05, -1.4714748926154432e-05, -6.42052957723979e-05, 6.764524510065716e-06, 1.796654492985237e-05, 2.8969605846457322e-05, 0.001516294547749867, -6.42052960858839e-05, -0.00021755023688335733, -6.420529593572928e-05, -0.00021755023688335836, 1.7966544929855438e-05, 3.025237624384784e-05], [0.00022086214650980556, -1.5101820134247461e-05, 0.0023477410490902696, 2.896960581254799e-05, -1.5101820134214615e-05, -1.4714749048870403e-05, 2.8969605846485874e-05, -6.420529599961002e-05, 0.0023477410490902904, 2.896960584879605e-05, 0.024394265238517805, 0.0015162945475101237, 2.8969605813281213e-05, -6.42052959809567e-05, 0.001516294547500366, -0.00021755023688335695, -1.5101820134237356e-05, -1.4714749016153522e-05, 2.896960581502496e-05, -6.42052959917399e-05, -1.471474901459033e-05, 6.76452402431183e-06, -6.420529577239762e-05, 1.7966544929859842e-05, 2.89696058119528e-05, -6.420529578659158e-05, 0.0015162945472981463, -0.0002175502368833676, -6.420529599619483e-05, 1.796654492985815e-05, -0.0002175502368833644, 3.0252376243848998e-05], [-1.1676182522776534e-05, 4.0387556235183366e-05, 4.038755623518807e-05, 0.001516294547295161, -1.4217193726046751e-05, -6.420529631791056e-05, -6.42052954450565e-05, -0.0002261501616748441, 4.038755623518611e-05, 0.0015162945480563298, 0.0015162945475101237, 0.02275239540635425, -6.420529655372756e-05, -0.00022615016382141652, -0.00022615016180353346, 0.00012509229107712734, -1.4217193726047822e-05, -6.420529600362397e-05, -6.420529633027828e-05, -0.00022615016520173206, 6.764524577249428e-06, 1.881407714560174e-05, 1.8814080519852348e-05, 3.301833512346303e-05, -6.420529598279035e-05, -0.0002261501583529659, -0.00022615016374511336, 0.0001250922910771144, 1.88140758176216e-05, 3.3018335123462104e-05, 3.301833512347342e-05, -1.7151385942564666e-05], [0.00022086214650980673, -1.5101820134226233e-05, -1.510182013420627e-05, -1.471474899299813e-05, 0.0023477410490902535, 2.896960590701148e-05, 2.8969605725089698e-05, -6.420529582029968e-05, 0.0023477410490902757, 2.8969605700168373e-05, 2.8969605813281213e-05, -6.420529655372756e-05, 0.02439426523863746, 0.0015162945479145697, 0.0015162945474893896, -0.00021755023688335877, -1.510182013422492e-05, -1.4714749017965691e-05, -1.4714748949108753e-05, 6.7645247630059076e-06, 2.8969605722328384e-05, -6.420529599173832e-05, -6.420529669038015e-05, 1.7966544929850417e-05, 2.8969605841026574e-05, -6.4205296536268e-05, -6.420529541245131e-05, 1.796654492985771e-05, 0.0015162945476433684, -0.00021755023688336316, -0.0002175502368833599, 3.025237624384585e-05], [-1.1676182522776444e-05, 4.038755623518044e-05, -1.4217193726056657e-05, -6.420529582254648e-05, 4.0387556235196376e-05, 0.0015162945477246177, -6.420529627893788e-05, -0.0002261501611131903, 4.038755623518729e-05, 0.0015162945469882096, -6.42052959809567e-05, -0.00022615016382141652, 0.0015162945479145697, 0.02275239540490726, -0.00022615016091816784, 0.0001250922910771058, -1.4217193726040026e-05, -6.420529586030963e-05, 6.764524343017616e-06, 1.881407964407612e-05, -6.420529633027951e-05, -0.0002261501616634954, 1.881407392147261e-05, 3.301833512346503e-05, -6.420529589188661e-05, -0.00022615016350439128, 1.881407847055646e-05, 3.3018335123482555e-05, -0.00022615016068497481, 0.00012509229107710747, 3.3018335123478916e-05, -1.7151385942573556e-05], [-1.1676182522776784e-05, -1.4217193726050841e-05, 4.038755623518019e-05, -6.420529576116149e-05, 4.0387556235185615e-05, -6.420529560684772e-05, 0.0015162945471510066, -0.00022615016012531616, 4.038755623518816e-05, -6.420529622787789e-05, 0.001516294547500366, -0.00022615016180353346, 0.0015162945474893896, -0.00022615016091816784, 0.022752395401901382, 0.0001250922910771268, -1.4217193726045796e-05, 6.764523856463881e-06, -6.420529586030698e-05, 1.8814077017571574e-05, -6.420529600362154e-05, 1.881407708548171e-05, -0.0002261501631889071, 3.301833512348089e-05, -6.420529573194825e-05, 1.881407492726194e-05, -0.0002261501593524301, 3.301833512346109e-05, -0.00022615016030565465, 3.3018335123458004e-05, 0.00012509229107710934, -1.7151385942566343e-05], [-1.2842274682599188e-05, -6.05190570741845e-05, -6.051905707418188e-05, -0.0002175502368833624, -6.0519057074186686e-05, -0.00021755023688336305, -0.00021755023688336622, 0.00012509229107712796, -6.0519057074187025e-05, -0.00021755023688336034, -0.00021755023688335695, 0.00012509229107712734, -0.00021755023688335877, 0.0001250922910771058, 0.0001250922910771268, 0.016022701958470678, 6.020388172678458e-06, 1.7966544929856424e-05, 1.7966544929850928e-05, 3.301833512345419e-05, 1.7966544929859077e-05, 3.301833512347657e-05, 3.301833512346698e-05, -1.8104582263100207e-05, 1.7966544929857494e-05, 3.301833512345703e-05, 3.301833512346565e-05, -1.8104582263164453e-05, 3.301833512347423e-05, -1.8104582263143528e-05, -1.8104582263085998e-05, 4.990967002049266e-06], [0.0018401933720484888, 0.00022005657800845698, 0.00022005657800844367, -1.5101820134216607e-05, 0.00022005657800844983, -1.5101820134241576e-05, -1.5101820134217112e-05, -1.421719372605346e-05, 0.00022005657800842917, -1.5101820134221679e-05, -1.5101820134237356e-05, -1.4217193726047822e-05, -1.510182013422492e-05, -1.4217193726040026e-05, -1.4217193726045796e-05, 6.020388172678458e-06, 0.018608269521845112, 0.0023477410490902835, 0.002347741049090251, 4.038755623518435e-05, 0.002347741049090272, 4.0387556235187337e-05, 4.038755623518792e-05, -6.0519057074182173e-05, 0.002347741049090268, 4.0387556235188204e-05, 4.03875562351955e-05, -6.051905707418382e-05, 4.038755623517981e-05, -6.051905707418771e-05, -6.051905707418359e-05, 1.5247499660532118e-05], [0.0002208621465098062, 0.0023477410490902514, -1.5101820134226861e-05, 2.8969605850575352e-05, -1.5101820134208699e-05, 2.8969605875599166e-05, -1.4714749072660293e-05, -6.42052957319644e-05, -1.510182013423973e-05, 2.896960577506056e-05, -1.4714749016153522e-05, -6.420529600362397e-05, -1.4714749017965691e-05, -6.420529586030963e-05, 6.764523856463881e-06, 1.7966544929856424e-05, 0.0023477410490902835, 0.024394265238490587, 2.896960583454532e-05, 0.001516294547489412, 2.8969605811378598e-05, 0.0015162945475003825, -6.420529622790658e-05, -0.00021755023688336175, 2.8969605855346608e-05, 0.0015162945471510314, -6.420529560686173e-05, -0.00021755023688335985, -6.420529576116625e-05, -0.00021755023688335964, 1.796654492985852e-05, 3.025237624384849e-05], [0.00022086214650980453, -1.5101820134229558e-05, 0.0023477410490902783, 2.8969605840648892e-05, -1.5101820134201728e-05, -1.4714748979855348e-05, 2.8969605766788015e-05, -6.420529589188657e-05, -1.5101820134245542e-05, -1.4714749099058842e-05, 2.896960581502496e-05, -6.420529633027828e-05, -1.4714748949108753e-05, 6.764524343017616e-06, -6.420529586030698e-05, 1.7966544929850928e-05, 0.002347741049090251, 2.896960583454532e-05, 0.024394265238569426, 0.0015162945479145662, 2.8969605758486635e-05, -6.420529598095895e-05, 0.0015162945469881992, -0.00021755023688334844, 2.8969605829408457e-05, -6.420529627894194e-05, 0.001516294547724604, -0.0002175502368833633, -6.420529582254711e-05, 1.7966544929853283e-05, -0.0002175502368833624, 3.0252376243848872e-05], [-1.1676182522776137e-05, 4.038755623518885e-05, 4.038755623519329e-05, 0.0015162945476433843, -1.421719372605977e-05, -6.420529541244768e-05, -6.420529653627028e-05, -0.00022615016067105997, -1.4217193726040902e-05, -6.420529669038877e-05, -6.42052959917399e-05, -0.00022615016520173206, 6.7645247630059076e-06, 1.881407964407612e-05, 1.8814077017571574e-05, 3.301833512345419e-05, 4.038755623518435e-05, 0.001516294547489412, 0.0015162945479145662, 0.022752395407501614, -6.420529655373972e-05, -0.00022615016173011633, -0.0002261501660460022, 0.0001250922910771151, -6.420529582031406e-05, -0.00022615016509389441, -0.00022615015815152524, 0.0001250922910771152, 1.881407796878952e-05, 3.3018335123474484e-05, 3.301833512347712e-05, -1.715138594256478e-05], [0.00022086214650980432, -1.5101820134228611e-05, -1.5101820134220812e-05, -1.4714749049339963e-05, 0.0023477410490902583, 2.8969605760435018e-05, 2.896960590174636e-05, -6.420529598279037e-05, -1.5101820134222055e-05, -1.4714748926154432e-05, -1.471474901459033e-05, 6.764524577249428e-06, 2.8969605722328384e-05, -6.420529633027951e-05, -6.420529600362154e-05, 1.7966544929859077e-05, 0.002347741049090272, 2.8969605811378598e-05, 2.8969605758486635e-05, -6.420529655373972e-05, 0.024394265238607275, 0.001516294547510128, 0.0015162945480563415, -0.00021755023688336286, 2.896960581473509e-05, -6.420529544505972e-05, -6.420529631791428e-05, 1.796654492986269e-05, 0.0015162945472951518, -0.00021755023688336484, -0.00021755023688336666, 3.02523762438468e-05], [-1.1676182522776002e-05, 4.038755623518894e-05, -1.4217193726046902e-05, -6.420529599619493e-05, 4.038755623518963e-05, 0.001516294547298158, -6.420529578659563e-05, -0.00022615016177871818, -1.4217193726050956e-05, -6.42052957723979e-05, 6.76452402431183e-06, 1.881407714560174e-05, -6.420529599173832e-05, -0.0002261501616634954, 1.881407708548171e-05, 3.301833512347657e-05, 4.0387556235187337e-05, 0.0015162945475003825, -6.420529598095895e-05, -0.00022615016173011633, 0.001516294547510128, 0.022752395402938358, -0.00022615016037512374, 0.00012509229107710427, -6.420529599961116e-05, -0.00022615016046277268, 1.8814075836165652e-05, 3.301833512346546e-05, -0.00022615016175767363, 0.00012509229107712496, 3.301833512346503e-05, -1.7151385942571974e-05], [-1.1676182522776246e-05, -1.4217193726050231e-05, 4.0387556235186456e-05, -6.420529593572803e-05, 4.038755623518475e-05, -6.4205296085868e-05, 0.0015162945477498588, -0.0002261501604635433, -1.4217193726045117e-05, 6.764524510065716e-06, -6.420529577239762e-05, 1.8814080519852348e-05, -6.420529669038015e-05, 1.881407392147261e-05, -0.0002261501631889071, 3.301833512346698e-05, 4.038755623518792e-05, -6.420529622790658e-05, 0.0015162945469881992, -0.0002261501660460022, 0.0015162945480563415, -0.00022615016037512374, 0.02275239540593908, 0.00012509229107712138, -6.420529578670786e-05, 1.8814078626632237e-05, -0.00022615016231161095, 3.3018335123467254e-05, -0.0002261501613841148, 3.3018335123468385e-05, 0.00012509229107710896, -1.7151385942564378e-05], [-1.2842274682599593e-05, -6.051905707418416e-05, -6.0519057074184945e-05, -0.0002175502368833693, -6.051905707419545e-05, -0.00021755023688336834, -0.00021755023688335554, 0.00012509229107710511, 6.0203881726834835e-06, 1.796654492985237e-05, 1.7966544929859842e-05, 3.301833512346303e-05, 1.7966544929850417e-05, 3.301833512346503e-05, 3.301833512348089e-05, -1.8104582263100207e-05, -6.0519057074182173e-05, -0.00021755023688336175, -0.00021755023688334844, 0.0001250922910771151, -0.00021755023688336286, 0.00012509229107710427, 0.00012509229107712138, 0.01602270195847064, 1.7966544929857305e-05, 3.301833512345724e-05, 3.301833512348957e-05, -1.810458226314307e-05, 3.301833512346602e-05, -1.810458226312335e-05, -1.8104582263114105e-05, 4.990967002048218e-06], [0.00022086214650980445, -1.5101820134231027e-05, -1.5101820134240427e-05, -1.4714749045587299e-05, -1.5101820134228704e-05, -1.4714749059897763e-05, -1.4714748999536177e-05, 6.764523867177676e-06, 0.0023477410490902817, 2.8969605846457322e-05, 2.89696058119528e-05, -6.420529598279035e-05, 2.8969605841026574e-05, -6.420529589188661e-05, -6.420529573194825e-05, 1.7966544929857494e-05, 0.002347741049090268, 2.8969605855346608e-05, 2.8969605829408457e-05, -6.420529582031406e-05, 2.896960581473509e-05, -6.420529599961116e-05, -6.420529578670786e-05, 1.7966544929857305e-05, 0.02439426523849237, 0.0015162945476029249, 0.0015162945472301326, -0.00021755023688336262, 0.0015162945473184992, -0.0002175502368833574, -0.0002175502368833644, 3.0252376243847324e-05], [-1.1676182522776398e-05, 4.038755623518684e-05, -1.4217193726043919e-05, -6.420529589336492e-05, -1.4217193726050587e-05, -6.42052959775876e-05, 6.764524219460314e-06, 1.881407771892144e-05, 4.038755623518704e-05, 0.001516294547749867, -6.420529578659158e-05, -0.0002261501583529659, -6.4205296536268e-05, -0.00022615016350439128, 1.881407492726194e-05, 3.301833512345703e-05, 4.0387556235188204e-05, 0.0015162945471510314, -6.420529627894194e-05, -0.00022615016509389441, -6.420529544505972e-05, -0.00022615016046277268, 1.8814078626632237e-05, 3.301833512345724e-05, 0.0015162945476029249, 0.02275239540414395, -0.00022615016164266965, 0.00012509229107712287, -0.00022615016112234674, 0.00012509229107712395, 3.3018335123472106e-05, -1.715138594256588e-05], [-1.1676182522776229e-05, -1.421719372604916e-05, 4.0387556235187824e-05, -6.420529601522504e-05, -1.421719372605806e-05, 6.76452396851455e-06, -6.420529597759129e-05, 1.88140754158401e-05, 4.038755623519047e-05, -6.42052960858839e-05, 0.0015162945472981463, -0.00022615016374511336, -6.420529541245131e-05, 1.881407847055646e-05, -0.0002261501593524301, 3.301833512346565e-05, 4.03875562351955e-05, -6.420529560686173e-05, 0.001516294547724604, -0.00022615015815152524, -6.420529631791428e-05, 1.8814075836165652e-05, -0.00022615016231161095, 3.301833512348957e-05, 0.0015162945472301326, -0.00022615016164266965, 0.02275239540259371, 0.0001250922910771088, -0.00022615016187521117, 3.30183351234732e-05, 0.00012509229107710227, -1.7151385942563185e-05], [-1.2842274682599317e-05, -6.051905707418271e-05, -6.051905707419209e-05, -0.00021755023688336273, 6.020388172677645e-06, 1.7966544929859954e-05, 1.7966544929853354e-05, 3.3018335123460606e-05, -6.051905707418377e-05, -0.00021755023688335733, -0.0002175502368833676, 0.0001250922910771144, 1.796654492985771e-05, 3.3018335123482555e-05, 3.301833512346109e-05, -1.8104582263164453e-05, -6.051905707418382e-05, -0.00021755023688335985, -0.0002175502368833633, 0.0001250922910771152, 1.796654492986269e-05, 3.301833512346546e-05, 3.3018335123467254e-05, -1.810458226314307e-05, -0.00021755023688336262, 0.00012509229107712287, 0.0001250922910771088, 0.016022701958470734, 3.301833512347976e-05, -1.810458226312025e-05, -1.8104582263106784e-05, 4.990967002046115e-06], [-1.1676182522776362e-05, -1.4217193726048115e-05, -1.4217193726039538e-05, 6.764523972662405e-06, 4.038755623518543e-05, -6.420529601521332e-05, -6.420529589335952e-05, 1.8814075961855146e-05, 4.038755623518454e-05, -6.420529593572928e-05, -6.420529599619483e-05, 1.88140758176216e-05, 0.0015162945476433684, -0.00022615016068497481, -0.00022615016030565465, 3.301833512347423e-05, 4.038755623517981e-05, -6.420529576116625e-05, -6.420529582254711e-05, 1.881407796878952e-05, 0.0015162945472951518, -0.00022615016175767363, -0.0002261501613841148, 3.301833512346602e-05, 0.0015162945473184992, -0.00022615016112234674, -0.00022615016187521117, 3.301833512347976e-05, 0.022752395402619467, 0.0001250922910771221, 0.0001250922910770935, -1.715138594256676e-05], [-1.2842274682599157e-05, -6.051905707418586e-05, 6.020388172685414e-06, 1.7966544929858833e-05, -6.0519057074189295e-05, -0.000217550236883364, 1.796654492985363e-05, 3.301833512346263e-05, -6.051905707418535e-05, -0.00021755023688335836, 1.796654492985815e-05, 3.3018335123462104e-05, -0.00021755023688336316, 0.00012509229107710747, 3.3018335123458004e-05, -1.8104582263143528e-05, -6.051905707418771e-05, -0.00021755023688335964, 1.7966544929853283e-05, 3.3018335123474484e-05, -0.00021755023688336484, 0.00012509229107712496, 3.3018335123468385e-05, -1.810458226312335e-05, -0.0002175502368833574, 0.00012509229107712395, 3.30183351234732e-05, -1.810458226312025e-05, 0.0001250922910771221, 0.016022701958470706, -1.8104582263115498e-05, 4.990967002044315e-06], [-1.2842274682599191e-05, 6.020388172685651e-06, -6.051905707418919e-05, 1.796654492985916e-05, -6.051905707419113e-05, 1.796654492985505e-05, -0.00021755023688335676, 3.3018335123490476e-05, -6.0519057074185304e-05, 1.7966544929855438e-05, -0.0002175502368833644, 3.301833512347342e-05, -0.0002175502368833599, 3.3018335123478916e-05, 0.00012509229107710934, -1.8104582263085998e-05, -6.051905707418359e-05, 1.796654492985852e-05, -0.0002175502368833624, 3.301833512347712e-05, -0.00021755023688336666, 3.301833512346503e-05, 0.00012509229107710896, -1.8104582263114105e-05, -0.0002175502368833644, 3.3018335123472106e-05, 0.00012509229107710227, -1.8104582263106784e-05, 0.0001250922910770935, -1.8104582263115498e-05, 0.016022701958470612, 4.990967002046063e-06], [4.708670392786141e-06, 1.5247499660531268e-05, 1.524749966053099e-05, 3.0252376243852193e-05, 1.5247499660539338e-05, 3.0252376243838898e-05, 3.0252376243848625e-05, -1.7151385942571893e-05, 1.5247499660530963e-05, 3.025237624384784e-05, 3.0252376243848998e-05, -1.7151385942564666e-05, 3.025237624384585e-05, -1.7151385942573556e-05, -1.7151385942566343e-05, 4.990967002049266e-06, 1.5247499660532118e-05, 3.025237624384849e-05, 3.0252376243848872e-05, -1.715138594256478e-05, 3.02523762438468e-05, -1.7151385942571974e-05, -1.7151385942564378e-05, 4.990967002048218e-06, 3.0252376243847324e-05, -1.715138594256588e-05, -1.7151385942563185e-05, 4.990967002046115e-06, -1.715138594256676e-05, 4.990967002044315e-06, 4.990967002046063e-06, 0.010904563333506223]], [[0.005804346200739363, 0.00078278771970485, 0.0007827877197048527, 0.00010182156459593855, 0.0007827877197048483, 0.00010182156459593795, 0.00010182156459593715, 8.51284410462447e-06, 0.0007827877197048503, 0.00010182156459593757, 0.00010182156459593851, 8.512844104624572e-06, 0.00010182156459593805, 8.512844104624562e-06, 8.512844104624115e-06, -7.317928344687681e-06, 0.0007827877197048498, 0.00010182156459593752, 0.00010182156459593793, 8.512844104624147e-06, 0.00010182156459593886, 8.512844104624362e-06, 8.512844104624395e-06, -7.317928344687808e-06, 0.00010182156459593847, 8.51284410462456e-06, 8.512844104624478e-06, -7.317928344687773e-06, 8.512844104623934e-06, -7.31792834468791e-06, -7.317928344687783e-06, 1.3879850579570797e-06, 0.0007827877197048516, 0.00010182156459593881, 0.00010182156459593794, 8.512844104624035e-06, 0.0001018215645959386, 8.512844104623863e-06, 8.512844104624305e-06, -7.317928344687623e-06, 0.00010182156459593844, 8.512844104624349e-06, 8.512844104624242e-06, -7.317928344687851e-06, 8.51284410462396e-06, -7.317928344687851e-06, -7.317928344687628e-06, 1.3879850579571275e-06, 0.0001018215645959381, 8.512844104624074e-06, 8.512844104624218e-06, -7.3179283446877155e-06, 8.512844104623991e-06, -7.317928344687845e-06, -7.317928344687739e-06, 1.3879850579570602e-06, 8.512844104624225e-06, -7.317928344687716e-06, -7.317928344687705e-06, 1.38798505795704e-06, -7.3179283446877935e-06, 1.3879850579570687e-06, 1.3879850579571241e-06, -7.499928863647214e-08], [0.00078278771970485, 0.00790621328486026, 0.00010155772304927204, 0.0010441026862336572, 0.0001015577230492795, 0.0010441026862336666, 7.972532538479463e-06, 0.00010889518882258847, 0.00010155772304929394, 0.0010441026862336533, 7.972532538470731e-06, 0.00010889518882259071, 7.972532538480867e-06, 0.00010889518882258966, -8.60894326460437e-06, -3.7410013504069136e-05, 0.00010155772304929351, 0.0010441026862336679, 7.972532538485009e-06, 0.00010889518882258615, 7.972532538454255e-06, 0.00010889518882258438, -8.60894326460694e-06, -3.7410013504068675e-05, 7.972532538487362e-06, 0.00010889518882258617, -8.608943264605677e-06, -3.7410013504064745e-05, -8.608943264609836e-06, -3.7410013504065294e-05, 2.013373741394846e-06, 5.430553914038511e-06, 0.00010155772304927795, 0.00104410268623365, 7.972532538477506e-06, 0.00010889518882258952, 7.972532538484795e-06, 0.00010889518882258607, -8.608943264611132e-06, -3.7410013504064385e-05, 7.97253253846516e-06, 0.00010889518882259135, -8.608943264605438e-06, -3.7410013504066086e-05, -8.608943264609565e-06, -3.7410013504066744e-05, 2.013373741398746e-06, 5.430553914041382e-06, 7.972532538485815e-06, 0.00010889518882258271, -8.608943264607019e-06, -3.7410013504065354e-05, -8.608943264606648e-06, -3.741001350406458e-05, 2.0133737413957613e-06, 5.430553914038549e-06, -8.608943264611552e-06, -3.741001350406306e-05, 2.013373741397866e-06, 5.43055391403589e-06, 2.0133737413972377e-06, 5.430553914036427e-06, -2.1084765421810159e-07, -3.3458570213997575e-07], [0.0007827877197048527, 0.00010155772304927204, 0.00790621328486026, 0.0010441026862336637, 0.00010155772304928023, 7.972532538500579e-06, 0.0010441026862336423, 0.0001088951888225834, 0.00010155772304928793, 7.972532538471677e-06, 0.0010441026862336622, 0.00010889518882258728, 7.972532538479581e-06, -8.608943264609919e-06, 0.00010889518882258645, -3.7410013504063925e-05, 0.0001015577230492657, 7.972532538479991e-06, 0.0010441026862336724, 0.00010889518882258831, 7.972532538473008e-06, -8.6089432646111e-06, 0.00010889518882258786, -3.741001350406427e-05, 7.972532538483001e-06, -8.60894326460758e-06, 0.00010889518882258262, -3.741001350406418e-05, -8.608943264610705e-06, 2.0133737413952595e-06, -3.741001350406556e-05, 5.430553914037765e-06, 0.00010155772304927229, 7.972532538469102e-06, 0.0010441026862336579, 0.00010889518882258861, 7.972532538480803e-06, -8.608943264610871e-06, 0.00010889518882258657, -3.7410013504065795e-05, 7.972532538483884e-06, -8.60894326460506e-06, 0.0001088951888225853, -3.7410013504067536e-05, -8.608943264608633e-06, 2.0133737413947157e-06, -3.7410013504065815e-05, 5.430553914037052e-06, 7.972532538468192e-06, -8.608943264612746e-06, 0.00010889518882258556, -3.741001350406509e-05, -8.608943264604767e-06, 2.0133737413967536e-06, -3.741001350406793e-05, 5.430553914038216e-06, -8.60894326460895e-06, 2.01337374139676e-06, -3.741001350406526e-05, 5.430553914038987e-06, 2.0133737413961336e-06, -2.1084765421693414e-07, 5.430553914039413e-06, -3.3458570213832133e-07], [0.00010182156459593855, 0.0010441026862336572, 0.0010441026862336637, 0.01064761948791863, 7.972532538483056e-06, 0.00010708011592181274, 0.00010708011596365752, 0.0012452383324771134, 7.972532538475453e-06, 0.00010708011596600588, 0.00010708011585587757, 0.0012452383322623598, -9.087778965673985e-06, -4.289151343000477e-05, -4.289151355272767e-05, -0.00014091219195252956, 7.972532538483477e-06, 0.0001070801158867421, 0.00010708011592897569, 0.0012452383322046573, -9.087778965549012e-06, -4.289151367705675e-05, -4.289151332082521e-05, -0.00014091219189719788, -9.087778962911152e-06, -4.289151344318097e-05, -4.289151380542127e-05, -0.00014091219178192902, 2.438472145303448e-06, 7.666032223558654e-06, 7.666032269484408e-06, 1.3500941797892526e-05, 7.972532538483549e-06, 0.00010708011587785742, 0.00010708011590393425, 0.001245238332178392, -9.087778977765989e-06, -4.289151380541426e-05, -4.2891513443170575e-05, -0.000140912191880384, -9.08777891679495e-06, -4.2891513320823144e-05, -4.289151367706565e-05, -0.00014091219190002954, 2.438472171572723e-06, 7.666032247926122e-06, 7.666032346402193e-06, 1.3500941797892023e-05, -9.087778910755064e-06, -4.289151355273585e-05, -4.289151343000569e-05, -0.00014091219190608578, 2.438472229260868e-06, 7.666032358046295e-06, 7.666032187019415e-06, 1.3500941797893507e-05, 2.43847244402676e-06, 7.66603221140578e-06, 7.666032238031647e-06, 1.3500941797895325e-05, -3.6239255271554945e-07, -8.462268326828047e-07, -8.462268326840472e-07, -8.700279403033781e-07], [0.0007827877197048483, 0.0001015577230492795, 0.00010155772304928023, 7.972532538483056e-06, 0.007906213284860237, 0.0010441026862336444, 0.0010441026862336522, 0.00010889518882258656, 0.00010155772304927386, 7.972532538480091e-06, 7.97253253848533e-06, -8.60894326461277e-06, 0.00104410268623366, 0.00010889518882258636, 0.00010889518882258694, -3.741001350406459e-05, 0.00010155772304928652, 7.97253253847675e-06, 7.972532538475927e-06, -8.608943264605433e-06, 0.0010441026862336737, 0.00010889518882258602, 0.00010889518882258488, -3.741001350406709e-05, 7.972532538463669e-06, -8.608943264609917e-06, -8.608943264609253e-06, 2.0133737413936514e-06, 0.00010889518882258861, -3.741001350406499e-05, -3.741001350406791e-05, 5.430553914040705e-06, 0.00010155772304928974, 7.972532538489043e-06, 7.972532538472244e-06, -8.60894326460969e-06, 0.001044102686233655, 0.00010889518882258748, 0.00010889518882259002, -3.7410013504066717e-05, 7.9725325384862e-06, -8.60894326460726e-06, -8.608943264613415e-06, 2.013373741393488e-06, 0.00010889518882258598, -3.741001350406754e-05, -3.741001350406865e-05, 5.430553914040516e-06, 7.972532538471643e-06, -8.60894326461195e-06, -8.608943264608708e-06, 2.013373741394331e-06, 0.00010889518882258506, -3.741001350406592e-05, -3.741001350406601e-05, 5.430553914041873e-06, -8.60894326460765e-06, 2.01337374139284e-06, 2.013373741392914e-06, -2.1084765421297616e-07, -3.741001350406624e-05, 5.430553914041581e-06, 5.430553914040894e-06, -3.34585702