{"r1": 0.8655555555555555, "r2": 0.8655555555555555, "theta": 71.66, "sequence": [[[0.38180397901719826, 0.1235782136069101], [0.1235782136069101, 0.03949106694367523]], [[0.19106561452088963, 0.0676913566262223, 0.06769135662622237, 0.0034984414606962252], [0.0676913566262223, 0.0559340266111032, -0.00678366903411354, -0.00029706530385239203], [0.06769135662622237, -0.00678366903411354, 0.05593402661110331, -0.0002970653038521072], [0.0034984414606962252, -0.00029706530385239203, -0.0002970653038521072, 0.004382740394181729]], [[0.09323946637478539, 0.03401425021168672, 0.034014250211686865, 0.004558134852901608, 0.034014250211686824, 0.004558134852901694, 0.004558134852901746, -0.0037974000383223824], [0.03401425021168672, 0.027775129850493255, 0.006173850539226706, 0.004276435286374759, 0.006173850989382132, 0.0042764348039762866, -0.002587624686350103, -0.0005574448241079681], [0.034014250211686865, 0.006173850539226706, 0.02777513009438295, 0.004276435170075294, 0.006173850745492454, -0.00258762457005081, 0.004276434803976165, -0.0005574448241075698], [0.004558134852901608, 0.004276435286374759, 0.004276435170075294, 0.0019704891351744742, -0.002587625052449275, -0.0006172735019228287, -0.0006172731992116941, 0.0002840025059373365], [0.034014250211686824, 0.006173850989382132, 0.006173850745492454, -0.002587625052449275, 0.027775129644227237, 0.004276435170075745, 0.004276435286374664, -0.000557444824107442], [0.004558134852901694, 0.0042764348039762866, -0.00258762457005081, -0.0006172735019228287, 0.004276435170075745, 0.0019704901553202086, -0.0006172742193576176, 0.00028400250593730187], [0.004558134852901746, -0.002587624686350103, 0.004276434803976165, -0.0006172731992116941, 0.004276435286374664, -0.0006172742193576176, 0.001970489852608452, 0.0002840025059375097], [-0.0037974000383223824, -0.0005574448241079681, -0.0005574448241075698, 0.0002840025059373365, -0.000557444824107442, 0.00028400250593730187, 0.0002840025059375097, 0.00034605793956740173]], [[0.04895777263748683, 0.018432864034266118, 0.018432864034266135, 0.003821773780094377, 0.018432864034266118, 0.003821773780094379, 0.0038217737800944093, -0.0005386805092206694, 0.01843286403426614, 0.0038217737800943894, 0.0038217737800944032, -0.0005386805092206883, 0.003821773780094384, -0.000538680509220663, -0.0005386805092206819, -0.0009377590437773279], [0.018432864034266118, 0.015356128345170673, 0.004263155782041273, 0.00342202771135601, 0.004263155782040933, 0.0034220277113560216, -0.0005574207476085009, -0.0002360904182538387, 0.004263155782039751, 0.003422027711355984, -0.0005574207476084817, -0.00023609041825378311, -0.0005574207476084674, -0.0002360904182538094, -0.00012013883792699291, -0.00034232737474161433], [0.018432864034266135, 0.004263155782041273, 0.015356128345169952, 0.0034220277113560416, 0.004263155782040128, -0.0005574207476085707, 0.003422027711356112, -0.00023609041825377523, 0.004263155782041253, -0.0005574207476085882, 0.0034220277113559774, -0.0002360904182538269, -0.0005574207476085499, -0.00012013883792696433, -0.00023609041825376728, -0.0003423273747416333], [0.003821773780094377, 0.00342202771135601, 0.0034220277113560416, 0.00309692316973039, -0.0005574207476082881, -0.000389594273382195, -0.00038959427338313535, 7.411238561910618e-06, -0.000557420747608558, -0.00038959427338244277, -0.0003895942733826906, 7.411238561882033e-06, 1.9573017380840494e-05, 3.2759494129210716e-05, 3.275949412904236e-05, 3.5285839827048106e-05], [0.018432864034266118, 0.004263155782040933, 0.004263155782040128, -0.0005574207476082881, 0.015356128345170816, 0.0034220277113559392, 0.003422027711355863, -0.0002360904182538189, 0.004263155782040755, -0.0005574207476084246, -0.0005574207476085311, -0.00012013883792691668, 0.003422027711355902, -0.00023609041825378317, -0.00023609041825380702, -0.0003423273747417795], [0.003821773780094379, 0.0034220277113560216, -0.0005574207476085707, -0.000389594273382195, 0.0034220277113559392, 0.0030969231697304794, -0.0003895942733826335, 7.411238561942384e-06, -0.0005574207476084579, -0.0003895942733829066, 1.957301738070708e-05, 3.275949412904872e-05, -0.00038959427338286214, 7.411238561986855e-06, 3.2759494129077305e-05, 3.528583982712433e-05], [0.0038217737800944093, -0.0005574207476085009, 0.003422027711356112, -0.00038959427338313535, 0.003422027711355863, -0.0003895942733826335, 0.0030969231697294372, 7.411238561970973e-06, -0.0005574207476084261, 1.957301738221272e-05, -0.0003895942733828939, 3.2759494129236134e-05, -0.0003895942733825381, 3.2759494129105894e-05, 7.411238561904267e-06, 3.528583982712433e-05], [-0.0005386805092206694, -0.0002360904182538387, -0.00023609041825377523, 7.411238561910618e-06, -0.0002360904182538189, 7.411238561942384e-06, 7.411238561970973e-06, 0.00012320013132855888, -0.00012013883792689441, 3.275949412915354e-05, 3.2759494129080476e-05, -1.6873984685068343e-05, 3.275949412909636e-05, -1.6873984684637928e-05, -1.6873984686392923e-05, -3.0127383272081097e-05], [0.01843286403426614, 0.004263155782039751, 0.004263155782041253, -0.000557420747608558, 0.004263155782040755, -0.0005574207476084579, -0.0005574207476084261, -0.00012013883792689441, 0.015356128345170836, 0.0034220277113559965, 0.0034220277113560095, -0.00023609041825382765, 0.003422027711355908, -0.00023609041825387766, -0.00023609041825385223, -0.0003423273747417446], [0.0038217737800943894, 0.003422027711355984, -0.0005574207476085882, -0.00038959427338244277, -0.0005574207476084246, -0.0003895942733829066, 1.957301738221272e-05, 3.275949412915354e-05, 0.0034220277113559965, 0.0030969231697294914, -0.00038959427338278586, 7.411238561882031e-06, -0.0003895942733829701, 7.411238561891563e-06, 3.275949412909319e-05, 3.528583982704809e-05], [0.0038217737800944032, -0.0005574207476084817, 0.0034220277113559774, -0.0003895942733826906, -0.0005574207476085311, 1.957301738070708e-05, -0.0003895942733828939, 3.2759494129080476e-05, 0.0034220277113560095, -0.00038959427338278586, 0.0030969231697307665, 7.4112385619805e-06, -0.00038959427338236037, 3.275949412904236e-05, 7.41123856197415e-06, 3.528583982709257e-05], [-0.0005386805092206883, -0.00023609041825378311, -0.0002360904182538269, 7.411238561882033e-06, -0.00012013883792691668, 3.275949412904872e-05, 3.2759494129236134e-05, -1.6873984685068343e-05, -0.00023609041825382765, 7.411238561882031e-06, 7.4112385619805e-06, 0.0001232001313283433, 3.2759494129124956e-05, -1.687398468587834e-05, -1.6873984684912692e-05, -3.0127383272041384e-05], [0.003821773780094384, -0.0005574207476084674, -0.0005574207476085499, 1.9573017380840494e-05, 0.003422027711355902, -0.00038959427338286214, -0.0003895942733825381, 3.275949412909636e-05, 0.003422027711355908, -0.0003895942733829701, -0.00038959427338236037, 3.2759494129124956e-05, 0.003096923169730281, 7.411238561843914e-06, 7.411238562031326e-06, 3.5285839827156106e-05], [-0.000538680509220663, -0.0002360904182538094, -0.00012013883792696433, 3.2759494129210716e-05, -0.00023609041825378317, 7.411238561986855e-06, 3.2759494129105894e-05, -1.6873984684637928e-05, -0.00023609041825387766, 7.411238561891563e-06, 3.275949412904236e-05, -1.687398468587834e-05, 7.411238561843914e-06, 0.0001232001313279749, -1.6873984684923815e-05, -3.0127383272030265e-05], [-0.0005386805092206819, -0.00012013883792699291, -0.00023609041825376728, 3.275949412904236e-05, -0.00023609041825380702, 3.2759494129077305e-05, 7.411238561904267e-06, -1.6873984686392923e-05, -0.00023609041825385223, 3.275949412909319e-05, 7.41123856197415e-06, -1.6873984684912692e-05, 7.411238562031326e-06, -1.6873984684923815e-05, 0.0001232001313286487, -3.0127383272023915e-05], [-0.0009377590437773279, -0.00034232737474161433, -0.0003423273747416333, 3.5285839827048106e-05, -0.0003423273747417795, 3.528583982712433e-05, 3.528583982712433e-05, -3.0127383272081097e-05, -0.0003423273747417446, 3.528583982704809e-05, 3.528583982709257e-05, -3.0127383272041384e-05, 3.5285839827156106e-05, -3.0127383272030265e-05, -3.0127383272023915e-05, -5.0882281716550477e-05]], [[0.025090072768232795, 0.009543140409309437, 0.009543140409309463, 0.002364202327277971, 0.009543140409309476, 0.0023642023272780113, 0.0023642023272779575, -3.953426648740513e-05, 0.009543140409309425, 0.002364202327277952, 0.0023642023272779163, -3.953426648739837e-05, 0.002364202327277941, -3.953426648741189e-05, -3.953426648740107e-05, -0.00021897849090158364, 0.00954314040930946, 0.002364202327277971, 0.0023642023272779224, -3.953426648739025e-05, 0.002364202327277985, -3.95342664873889e-05, -3.953426648739972e-05, -0.00021897849090155388, 0.0023642023272779865, -3.9534266487387554e-05, -3.953426648738619e-05, -0.00021897849090152415, -3.9534266487403783e-05, -0.0002189784909015782, -0.00021897849090154578, 8.935296133892757e-05], [0.009543140409309437, 0.008751945022396563, 0.0024000186823132366, 0.002351146060765113, 0.0024000186823132084, 0.002351146060765254, -5.6405148580521326e-05, 8.74116250904693e-05, 0.002400018682313296, 0.002351146060765127, -5.640514858052334e-05, 8.741162509050312e-05, -5.6405148580558494e-05, 8.741162509040575e-05, -0.00018752613327290682, -0.00014818448538941357, 0.00240001868231291, 0.002351146060765219, -5.640514858049631e-05, 8.741162509042873e-05, -5.640514858047263e-05, 8.741162509044226e-05, -0.0001875261332729095, -0.00014818448538938384, -5.6405148580396934e-05, 8.741162509038819e-05, -0.0001875261332728068, -0.00014818448538934597, -0.00018752613327291222, -0.00014818448538934058, 0.00017668687933495515, 2.3526008557892186e-05], [0.009543140409309463, 0.0024000186823132366, 0.008751945022396013, 0.0023511460607651326, 0.002400018682313402, -5.6405148580425334e-05, 0.0023511460607651647, 8.741162509037061e-05, 0.0024000186823131954, -5.64051485805639e-05, 0.0023511460607652324, 8.741162509045441e-05, -5.6405148580409104e-05, -0.0001875261332728676, 8.741162509034897e-05, -0.0001481844853894244, 0.002400018682313194, -5.6405148580522e-05, 0.0023511460607650975, 8.741162509047876e-05, -5.6405148580501045e-05, -0.0001875261332728676, 8.741162509043549e-05, -0.0001481844853894406, -5.640514858044494e-05, -0.00018752613327288384, 8.741162509048146e-05, -0.0001481844853894244, -0.00018752613327285007, 0.00017668687933497537, -0.00014818448538951096, 2.3526008557908415e-05], [0.002364202327277971, 0.002351146060765113, 0.0023511460607651326, 0.0021489265425168745, -5.64051485804429e-05, 0.00013659664504854965, 0.0001365966450484131, 0.0001717560450093112, -5.640514858042262e-05, 0.00013659664504829546, 0.00013659664504852399, 0.00017175604500927608, -0.00026118360220904626, -0.00011065463119376856, -0.00011065463119382126, -3.119570014003134e-05, -5.6405148580398296e-05, 0.00013659664504832522, 0.00013659664504760596, 0.00017175604500930042, -0.00026118360220884346, -0.00011065463119379558, -0.00011065463119385914, -3.1195700140088126e-05, -0.00026118360220857035, -0.00011065463119391592, -0.00011065463119384424, -3.1195700139932645e-05, 0.00014789105957984872, 4.827871839434675e-05, 4.8278718394398135e-05, 6.467361206258054e-06], [0.009543140409309476, 0.0024000186823132084, 0.002400018682313402, -5.64051485804429e-05, 0.008751945022396013, 0.0023511460607650515, 0.0023511460607650646, 8.741162509045713e-05, 0.002400018682314143, -5.640514858047198e-05, -5.64051485804713e-05, -0.00018752613327292572, 0.002351146060765192, 8.741162509047878e-05, 8.741162509055582e-05, -0.00014818448538944876, 0.0024000186823125375, -5.640514858049023e-05, -5.6405148580388816e-05, -0.00018752613327291357, 0.0023511460607650568, 8.741162509034492e-05, 8.741162509043686e-05, -0.0001481844853894379, -5.640514858050983e-05, -0.00018752613327284462, -0.00018752613327284462, 0.00017668687933499838, 8.741162509041792e-05, -0.00014818448538941086, -0.00014818448538940547, 2.3526008557846223e-05], [0.0023642023272780113, 0.002351146060765254, -5.6405148580425334e-05, 0.00013659664504854965, 0.0023511460607650515, 0.002148926542516775, 0.00013659664504793312, 0.0001717560450094491, -5.640514858058622e-05, 0.00013659664504870784, -0.00026118360220841075, -0.00011065463119381317, 0.00013659664504861728, 0.00017175604500935718, -0.00011065463119391456, -3.1195700140097586e-05, -5.640514858043886e-05, 0.00013659664504767085, -0.00026118360220878393, -0.00011065463119378614, 0.0001365966450477425, 0.000171756045009368, -0.00011065463119381046, -3.1195700140047564e-05, -0.0002611836022087461, -0.00011065463119382803, 0.0001478910595798812, 4.8278718394392735e-05, -0.00011065463119378477, -3.119570013999483e-05, 4.827871839437381e-05, 6.467361206363513e-06], [0.0023642023272779575, -5.6405148580521326e-05, 0.0023511460607651647, 0.0001365966450484131, 0.0023511460607650646, 0.00013659664504793312, 0.0021489265425167214, 0.0001717560450093193, -5.64051485804179e-05, -0.0002611836022085406, 0.00013659664504837523, -0.00011065463119385912, 0.00013659664504867404, -0.00011065463119388618, 0.0001717560450094545, -3.1195700139989417e-05, -5.640514858045641e-05, -0.0002611836022086839, 0.00013659664504782633, -0.00011065463119378883, 0.00013659664504785606, -0.00011065463119382398, 0.00017175604500926792, -3.1195700140097586e-05, -0.0002611836022085595, 0.00014789105957982982, -0.00011065463119387806, 4.8278718394509e-05, -0.00011065463119381317, 4.827871839446034e-05, -3.1195700139975905e-05, 6.4673612062526456e-06], [-3.953426648740513e-05, 8.74116250904693e-05, 8.741162509037061e-05, 0.0001717560450093112, 8.741162509045713e-05, 0.0001717560450094491, 0.0001717560450093193, 5.8404054055693304e-05, -0.00018752613327286085, -0.00011065463119384425, -0.00011065463119386049, -9.197794945128523e-06, -0.00011065463119392807, -9.197794945491199e-06, -9.197794945157251e-06, 2.213990507172143e-05, -0.00018752613327288652, -0.00011065463119381316, -0.00011065463119373746, -9.197794945803178e-06, -0.00011065463119384022, -9.197794945923169e-06, -9.197794946334181e-06, 2.2139905071591636e-05, 0.00014789105957982443, 3.9295627637291155e-05, 3.929562763714379e-05, -1.4770706813533223e-05, 3.9295627637387154e-05, -1.477070681350618e-05, -1.4770706813552148e-05, -1.0734485511746872e-05], [0.009543140409309425, 0.002400018682313296, 0.0024000186823131954, -5.640514858042262e-05, 0.002400018682314143, -5.640514858058622e-05, -5.64051485804179e-05, -0.00018752613327286085, 0.008751945022395187, 0.0023511460607652055, 0.002351146060765081, 8.741162509038953e-05, 0.0023511460607651214, 8.74116250903963e-05, 8.741162509043416e-05, -0.00014818448538945683, 0.0024000186823133272, -5.640514858051997e-05, -5.6405148580410446e-05, -0.00018752613327286224, -5.640514858046927e-05, -0.00018752613327286763, -0.00018752613327282705, 0.00017668687933497404, 0.002351146060765159, 8.741162509042873e-05, 8.741162509041927e-05, -0.0001481844853894352, 8.741162509042738e-05, -0.0001481844853894433, -0.0001481844853893838, 2.35260085578976e-05], [0.002364202327277952, 0.002351146060765127, -5.64051485805639e-05, 0.00013659664504829546, -5.640514858047198e-05, 0.00013659664504870784, -0.0002611836022085406, -0.00011065463119384425, 0.0023511460607652055, 0.0021489265425165766, 0.00013659664504814134, 0.00017175604500932468, 0.00013659664504840093, 0.00017175604500925981, -0.00011065463119387267, -3.119570013999889e-05, -5.640514858043277e-05, 0.00013659664504852667, -0.00026118360220864066, -0.00011065463119379424, -0.00026118360220860005, -0.00011065463119381723, 0.00014789105957987037, 4.8278718394395425e-05, 0.00013659664504743965, 0.0001717560450093247, -0.00011065463119388888, -3.11957001400381e-05, -0.0001106546311937699, -3.1195700140055675e-05, 4.827871839446034e-05, 6.467361206263463e-06], [0.0023642023272779163, -5.640514858052334e-05, 0.0023511460607652324, 0.00013659664504852399, -5.64051485804713e-05, -0.00026118360220841075, 0.00013659664504837523, -0.00011065463119386049, 0.002351146060765081, 0.00013659664504814134, 0.0021489265425160566, 0.00017175604500934365, 0.00013659664504827522, -0.00011065463119382399, 0.00017175604500929226, -3.119570014000429e-05, -5.640514858052131e-05, -0.0002611836022090192, 0.0001365966450483658, -0.00011065463119380506, -0.00026118360220816204, 0.00014789105957979196, -0.00011065463119381721, 4.827871839449007e-05, 0.00013659664504791288, -0.00011065463119382398, 0.00017175604500933284, -3.119570013996238e-05, -0.00011065463119380235, 4.8278718394435994e-05, -3.119570014004621e-05, 6.46736120626076e-06], [-3.953426648739837e-05, 8.741162509050312e-05, 8.741162509045441e-05, 0.00017175604500927608, -0.00018752613327292572, -0.00011065463119381317, -0.00011065463119385912, -9.197794945128523e-06, 8.741162509038953e-05, 0.00017175604500932468, 0.00017175604500934365, 5.8404054055265e-05, -0.0001106546311938632, -9.197794945507426e-06, -9.197794945661215e-06, 2.21399050716295e-05, -0.0001875261332729109, -0.00011065463119381317, -0.00011065463119377395, -9.197794945654795e-06, 0.00014789105957984335, 3.929562763770352e-05, 3.929562763737092e-05, -1.4770706813472377e-05, -0.00011065463119383751, -9.197794945834952e-06, -9.197794945954942e-06, 2.213990507157271e-05, 3.929562763713432e-05, -1.4770706813551475e-05, -1.477070681356026e-05, -1.073448551170428e-05], [0.002364202327277941, -5.6405148580558494e-05, -5.6405148580409104e-05, -0.00026118360220904626, 0.002351146060765192, 0.00013659664504861728, 0.00013659664504867404, -0.00011065463119392807, 0.0023511460607651214, 0.00013659664504840093, 0.00013659664504827522, -0.0001106546311938632, 0.00214892654251689, 0.00017175604500931392, 0.00017175604500926792, -3.119570014002458e-05, -5.640514858058216e-05, -0.0002611836022088029, -0.0002611836022088326, 0.00014789105957974596, 0.00013659664504814812, -0.00011065463119377798, -0.00011065463119384424, 4.827871839448467e-05, 0.00013659664504796015, -0.00011065463119369285, -0.00011065463119376856, 4.8278718394360277e-05, 0.0001717560450092409, -3.119570013999078e-05, -3.1195700140043505e-05, 6.467361206255352e-06], [-3.953426648741189e-05, 8.741162509040575e-05, -0.0001875261332728676, -0.00011065463119376856, 8.741162509047878e-05, 0.00017175604500935718, -0.00011065463119388618, -9.197794945491199e-06, 8.74116250903963e-05, 0.00017175604500925981, -0.00011065463119382399, -9.197794945507426e-06, 0.00017175604500931392, 5.8404054056167486e-05, -9.197794945289073e-06, 2.2139905071540262e-05, -0.00018752613327286354, -0.0001106546311937969, 0.000147891059579773, 3.929562763702617e-05, -0.00011065463119378882, -9.197794945420556e-06, 3.9295627637184354e-05, -1.4770706813449392e-05, -0.00011065463119379287, -9.197794945981643e-06, 3.929562763703427e-05, -1.477070681353998e-05, -9.197794946138139e-06, 2.2139905071534855e-05, -1.4770706813459533e-05, -1.0734485511727941e-05], [-3.953426648740107e-05, -0.00018752613327290682, 8.741162509034897e-05, -0.00011065463119382126, 8.741162509055582e-05, -0.00011065463119391456, 0.0001717560450094545, -9.197794945157251e-06, 8.741162509043416e-05, -0.00011065463119387267, 0.00017175604500929226, -9.197794945661215e-06, 0.00017175604500926792, -9.197794945289073e-06, 5.8404054055188526e-05, 2.213990507164842e-05, -0.00018752613327289197, 0.00014789105957985687, -0.00011065463119382666, 3.929562763716542e-05, -0.00011065463119379019, 3.929562763709105e-05, -9.197794945277245e-06, -1.4770706813493335e-05, -0.00011065463119385509, 3.9295627637160014e-05, -9.197794945916411e-06, -1.4770706813529163e-05, -9.197794945521622e-06, -1.477070681352849e-05, 2.213990507160245e-05, -1.0734485511719155e-05], [-0.00021897849090158364, -0.00014818448538941357, -0.0001481844853894244, -3.119570014003134e-05, -0.00014818448538944876, -3.1195700140097586e-05, -3.1195700139989417e-05, 2.213990507172143e-05, -0.00014818448538945683, -3.119570013999889e-05, -3.119570014000429e-05, 2.21399050716295e-05, -3.119570014002458e-05, 2.2139905071540262e-05, 2.213990507164842e-05, -3.7998885723192684e-05, 0.00017668687933509439, 4.827871839441436e-05, 4.827871839442788e-05, -1.4770706813531868e-05, 4.8278718394438705e-05, -1.4770706813517673e-05, -1.477070681353863e-05, 1.0920125158408456e-06, 4.827871839441707e-05, -1.477070681349874e-05, -1.477070681354674e-05, 1.0920125150729004e-06, -1.4770706813548092e-05, 1.0920125158354376e-06, 1.0920125153216714e-06, 2.6520165136974345e-06], [0.00954314040930946, 0.00240001868231291, 0.002400018682313194, -5.6405148580398296e-05, 0.0024000186823125375, -5.640514858043886e-05, -5.640514858045641e-05, -0.00018752613327288652, 0.0024000186823133272, -5.640514858043277e-05, -5.640514858052131e-05, -0.0001875261332729109, -5.640514858058216e-05, -0.00018752613327286354, -0.00018752613327289197, 0.00017668687933509439, 0.008751945022397251, 0.002351146060765176, 0.002351146060765081, 8.741162509044362e-05, 0.002351146060765132, 8.741162509048687e-05, 8.741162509046253e-05, -0.00014818448538944602, 0.002351146060765035, 8.741162509042738e-05, 8.741162509037736e-05, -0.0001481844853894325, 8.741162509044091e-05, -0.00014818448538945952, -0.0001481844853894433, 2.3526008557889486e-05], [0.002364202327277971, 0.002351146060765219, -5.6405148580522e-05, 0.00013659664504832522, -5.640514858049023e-05, 0.00013659664504767085, -0.0002611836022086839, -0.00011065463119381316, -5.640514858051997e-05, 0.00013659664504852667, -0.0002611836022090192, -0.00011065463119381317, -0.0002611836022088029, -0.0001106546311937969, 0.00014789105957985687, 4.827871839441436e-05, 0.002351146060765176, 0.0021489265425169513, 0.00013659664504856996, 0.00017175604500934362, 0.00013659664504816297, 0.0001717560450092571, -0.00011065463119389832, -3.119570014011516e-05, 0.00013659664504864973, 0.0001717560450092652, -0.00011065463119386185, -3.119570014002593e-05, -0.0001106546311938145, -3.1195700140042156e-05, 4.827871839448465e-05, 6.467361206301319e-06], [0.0023642023272779224, -5.640514858049631e-05, 0.0023511460607650975, 0.00013659664504760596, -5.6405148580388816e-05, -0.00026118360220878393, 0.00013659664504782633, -0.00011065463119373746, -5.6405148580410446e-05, -0.00026118360220864066, 0.0001365966450483658, -0.00011065463119377395, -0.0002611836022088326, 0.000147891059579773, -0.00011065463119382666, 4.827871839442788e-05, 0.002351146060765081, 0.00013659664504856996, 0.0021489265425175784, 0.00017175604500932741, 0.00013659664504818867, -0.00011065463119384428, 0.00017175604500933555, -3.119570013999889e-05, 0.00013659664504817653, -0.00011065463119386049, 0.0001717560450092409, -3.119570014001511e-05, -0.00011065463119384154, 4.827871839449278e-05, -3.119570014002864e-05, 6.467361206293208e-06], [-3.953426648739025e-05, 8.741162509042873e-05, 8.741162509047876e-05, 0.00017175604500930042, -0.00018752613327291357, -0.00011065463119378614, -0.00011065463119378883, -9.197794945803178e-06, -0.00018752613327286224, -0.00011065463119379424, -0.00011065463119380506, -9.197794945654795e-06, 0.00014789105957974596, 3.929562763702617e-05, 3.929562763716542e-05, -1.4770706813531868e-05, 8.741162509044362e-05, 0.00017175604500934362, 0.00017175604500932741, 5.840405405516558e-05, -0.00011065463119389564, -9.197794945436445e-06, -9.197794945422923e-06, 2.2139905071580825e-05, -0.00011065463119388346, -9.197794945096749e-06, -9.197794945082216e-06, 2.2139905071610566e-05, 3.92956276368193e-05, -1.4770706813569725e-05, -1.47707068134521e-05, -1.07344855116982e-05], [0.002364202327277985, -5.640514858047263e-05, -5.6405148580501045e-05, -0.00026118360220884346, 0.0023511460607650568, 0.0001365966450477425, 0.00013659664504785606, -0.00011065463119384022, -5.640514858046927e-05, -0.00026118360220860005, -0.00026118360220816204, 0.00014789105957984335, 0.00013659664504814812, -0.00011065463119378882, -0.00011065463119379019, 4.8278718394438705e-05, 0.002351146060765132, 0.00013659664504816297, 0.00013659664504818867, -0.00011065463119389564, 0.002148926542516837, 0.00017175604500931392, 0.000171756045009368, -3.1195700139967794e-05, 0.00013659664504863753, -0.00011065463119381452, -0.000110654631193778, 4.827871839445764e-05, 0.00017175604500920035, -3.119570014002999e-05, -3.1195700140038104e-05, 6.467361206249944e-06], [-3.95342664873889e-05, 8.741162509044226e-05, -0.0001875261332728676, -0.00011065463119379558, 8.741162509034492e-05, 0.000171756045009368, -0.00011065463119382398, -9.197794945923169e-06, -0.00018752613327286763, -0.00011065463119381723, 0.00014789105957979196, 3.929562763770352e-05, -0.00011065463119377798, -9.197794945420556e-06, 3.929562763709105e-05, -1.4770706813517673e-05, 8.741162509048687e-05, 0.0001717560450092571, -0.00011065463119384428, -9.197794945436445e-06, 0.00017175604500931392, 5.8404054054347226e-05, -9.197794945587872e-06, 2.213990507153215e-05, -0.00011065463119382398, -9.19779494541684e-06, 3.929562763736011e-05, -1.477070681354674e-05, -9.197794945232965e-06, 2.2139905071680873e-05, -1.4770706813459533e-05, -1.0734485511727268e-05], [-3.953426648739972e-05, -0.0001875261332729095, 8.741162509043549e-05, -0.00011065463119385914, 8.741162509043686e-05, -0.00011065463119381046, 0.00017175604500926792, -9.197794946334181e-06, -0.00018752613327282705, 0.00014789105957987037, -0.00011065463119381721, 3.929562763737092e-05, -0.00011065463119384424, 3.9295627637184354e-05, -9.197794945277245e-06, -1.477070681353863e-05, 8.741162509046253e-05, -0.00011065463119389832, 0.00017175604500933555, -9.197794945422923e-06, 0.000171756045009368, -9.197794945587872e-06, 5.840405405498201e-05, 2.21399050716295e-05, -0.0001106546311938632, 3.92956276373601e-05, -9.197794945166717e-06, -1.4770706813525781e-05, -9.197794945580772e-06, -1.4770706813483197e-05, 2.2139905071594343e-05, -1.0734485511717805e-05], [-0.00021897849090155388, -0.00014818448538938384, -0.0001481844853894406, -3.1195700140088126e-05, -0.0001481844853894379, -3.1195700140047564e-05, -3.1195700140097586e-05, 2.2139905071591636e-05, 0.00017668687933497404, 4.8278718394395425e-05, 4.827871839449007e-05, -1.4770706813472377e-05, 4.827871839448467e-05, -1.4770706813449392e-05, -1.4770706813493335e-05, 1.0920125158408456e-06, -0.00014818448538944602, -3.119570014011516e-05, -3.119570013999889e-05, 2.2139905071580825e-05, -3.1195700139967794e-05, 2.213990507153215e-05, 2.21399050716295e-05, -3.799888572526534e-05, 4.827871839447115e-05, -1.4770706813446689e-05, -1.4770706813525107e-05, 1.0920125166817999e-06, -1.477070681358189e-05, 1.0920125156623796e-06, 1.0920125159949756e-06, 2.65201651366769e-06], [0.0023642023272779865, -5.6405148580396934e-05, -5.640514858044494e-05, -0.00026118360220857035, -5.640514858050983e-05, -0.0002611836022087461, -0.0002611836022085595, 0.00014789105957982443, 0.002351146060765159, 0.00013659664504743965, 0.00013659664504791288, -0.00011065463119383751, 0.00013659664504796015, -0.00011065463119379287, -0.00011065463119385509, 4.827871839441707e-05, 0.002351146060765035, 0.00013659664504864973, 0.00013659664504817653, -0.00011065463119388346, 0.00013659664504863753, -0.00011065463119382398, -0.0001106546311938632, 4.827871839447115e-05, 0.0021489265425172497, 0.00017175604500936528, 0.0001717560450093436, -3.1195700139986726e-05, 0.000171756045009368, -3.119570014003269e-05, -3.1195700140032697e-05, 6.467361206255353e-06], [-3.9534266487387554e-05, 8.741162509038819e-05, -0.00018752613327288384, -0.00011065463119391592, -0.00018752613327284462, -0.00011065463119382803, 0.00014789105957982982, 3.9295627637291155e-05, 8.741162509042873e-05, 0.0001717560450093247, -0.00011065463119382398, -9.197794945834952e-06, -0.00011065463119369285, -9.197794945981643e-06, 3.9295627637160014e-05, -1.477070681349874e-05, 8.741162509042738e-05, 0.0001717560450092652, -0.00011065463119386049, -9.197794945096749e-06, -0.00011065463119381452, -9.19779494541684e-06, 3.92956276373601e-05, -1.4770706813446689e-05, 0.00017175604500936528, 5.8404054055425614e-05, -9.197794945791348e-06, 2.2139905071588933e-05, -9.197794945290426e-06, 2.2139905071505107e-05, -1.4770706813574455e-05, -1.0734485511664398e-05], [-3.953426648738619e-05, -0.0001875261332728068, 8.741162509048146e-05, -0.00011065463119384424, -0.00018752613327284462, 0.0001478910595798812, -0.00011065463119387806, 3.929562763714379e-05, 8.741162509041927e-05, -0.00011065463119388888, 0.00017175604500933284, -9.197794945954942e-06, -0.00011065463119376856, 3.929562763703427e-05, -9.197794945916411e-06, -1.477070681354674e-05, 8.741162509037736e-05, -0.00011065463119386185, 0.0001717560450092409, -9.197794945082216e-06, -0.000110654631193778, 3.929562763736011e-05, -9.197794945166717e-06, -1.4770706813525107e-05, 0.0001717560450093436, -9.197794945791348e-06, 5.8404054055188526e-05, 2.2139905071637606e-05, -9.197794945274543e-06, -1.4770706813491309e-05, 2.2139905071605162e-05, -1.0734485511687383e-05], [-0.00021897849090152415, -0.00014818448538934597, -0.0001481844853894244, -3.1195700139932645e-05, 0.00017668687933499838, 4.8278718394392735e-05, 4.8278718394509e-05, -1.4770706813533223e-05, -0.0001481844853894352, -3.11957001400381e-05, -3.119570013996238e-05, 2.213990507157271e-05, 4.8278718394360277e-05, -1.477070681353998e-05, -1.4770706813529163e-05, 1.0920125150729004e-06, -0.0001481844853894325, -3.119570014002593e-05, -3.119570014001511e-05, 2.2139905071610566e-05, 4.827871839445764e-05, -1.477070681354674e-05, -1.4770706813525781e-05, 1.0920125166817999e-06, -3.1195700139986726e-05, 2.2139905071588933e-05, 2.2139905071637606e-05, -3.799888572442786e-05, -1.4770706813554853e-05, 1.0920125159192627e-06, 1.09201251570294e-06, 2.652016513660254e-06], [-3.9534266487403783e-05, -0.00018752613327291222, -0.00018752613327285007, 0.00014789105957984872, 8.741162509041792e-05, -0.00011065463119378477, -0.00011065463119381317, 3.9295627637387154e-05, 8.741162509042738e-05, -0.0001106546311937699, -0.00011065463119380235, 3.929562763713432e-05, 0.0001717560450092409, -9.197794946138139e-06, -9.197794945521622e-06, -1.4770706813548092e-05, 8.741162509044091e-05, -0.0001106546311938145, -0.00011065463119384154, 3.92956276368193e-05, 0.00017175604500920035, -9.197794945232965e-06, -9.197794945580772e-06, -1.477070681358189e-05, 0.000171756045009368, -9.197794945290426e-06, -9.197794945274543e-06, -1.4770706813554853e-05, 5.8404054055287954e-05, 2.2139905071667358e-05, 2.2139905071634903e-05, -1.073448551172997e-05], [-0.0002189784909015782, -0.00014818448538934058, 0.00017668687933497537, 4.827871839434675e-05, -0.00014818448538941086, -3.119570013999483e-05, 4.827871839446034e-05, -1.477070681350618e-05, -0.0001481844853894433, -3.1195700140055675e-05, 4.8278718394435994e-05, -1.4770706813551475e-05, -3.119570013999078e-05, 2.2139905071534855e-05, -1.477070681352849e-05, 1.0920125158354376e-06, -0.00014818448538945952, -3.1195700140042156e-05, 4.827871839449278e-05, -1.4770706813569725e-05, -3.119570014002999e-05, 2.2139905071680873e-05, -1.4770706813483197e-05, 1.0920125156623796e-06, -3.119570014003269e-05, 2.2139905071505107e-05, -1.4770706813491309e-05, 1.0920125159192627e-06, 2.2139905071667358e-05, -3.799888572432462e-05, 1.0920125158597739e-06, 2.6520165136781683e-06], [-0.00021897849090154578, 0.00017668687933495515, -0.00014818448538951096, 4.8278718394398135e-05, -0.00014818448538940547, 4.827871839437381e-05, -3.1195700139975905e-05, -1.4770706813552148e-05, -0.0001481844853893838, 4.827871839446034e-05, -3.119570014004621e-05, -1.477070681356026e-05, -3.1195700140043505e-05, -1.4770706813459533e-05, 2.213990507160245e-05, 1.0920125153216714e-06, -0.0001481844853894433, 4.827871839448465e-05, -3.119570014002864e-05, -1.47707068134521e-05, -3.1195700140038104e-05, -1.4770706813459533e-05, 2.2139905071594343e-05, 1.0920125159949756e-06, -3.1195700140032697e-05, -1.4770706813574455e-05, 2.2139905071605162e-05, 1.09201251570294e-06, 2.2139905071634903e-05, 1.0920125158597739e-06, -3.7998885723942206e-05, 2.6520165136812104e-06], [8.935296133892757e-05, 2.3526008557892186e-05, 2.3526008557908415e-05, 6.467361206258054e-06, 2.3526008557846223e-05, 6.467361206363513e-06, 6.4673612062526456e-06, -1.0734485511746872e-05, 2.35260085578976e-05, 6.467361206263463e-06, 6.46736120626076e-06, -1.073448551170428e-05, 6.467361206255352e-06, -1.0734485511727941e-05, -1.0734485511719155e-05, 2.6520165136974345e-06, 2.3526008557889486e-05, 6.467361206301319e-06, 6.467361206293208e-06, -1.07344855116982e-05, 6.467361206249944e-06, -1.0734485511727268e-05, -1.0734485511717805e-05, 2.65201651366769e-06, 6.467361206255353e-06, -1.0734485511664398e-05, -1.0734485511687383e-05, 2.652016513660254e-06, -1.073448551172997e-05, 2.6520165136781683e-06, 2.6520165136812104e-06, 4.8304944500209784e-05]], [[0.013629332364129158, 0.005239055071317114, 0.00523905507131711, 0.0014510697067033373, 0.005239055071317101, 0.0014510697067032549, 0.0014510697067032753, 5.99593938968967e-05, 0.005239055071317152, 0.0014510697067032779, 0.0014510697067032906, 5.9959393896906133e-05, 0.0014510697067032859, 5.995939389689472e-05, 5.995939389689544e-05, -8.327849587654749e-05, 0.0052390550713171235, 0.0014510697067032813, 0.0014510697067032779, 5.995939389690775e-05, 0.0014510697067032828, 5.9959393896899506e-05, 5.9959393896902407e-05, -8.32784958765683e-05, 0.0014510697067032857, 5.995939389690188e-05, 5.9959393896902434e-05, -8.327849587656022e-05, 5.995939389691021e-05, -8.327849587657293e-05, -8.327849587656482e-05, 3.810411030230832e-05, 0.005239055071317152, 0.0014510697067032891, 0.0014510697067032386, 5.995939389690692e-05, 0.0014510697067032844, 5.995939389690666e-05, 5.99593938969027e-05, -8.32784958765579e-05, 0.0014510697067032948, 5.9959393896917524e-05, 5.995939389689632e-05, -8.327849587657405e-05, 5.9959393896920045e-05, -8.327849587655675e-05, -8.327849587655446e-05, 3.810411030230283e-05, 0.001451069706703296, 5.9959393896899743e-05, 5.995939389689699e-05, -8.327849587656832e-05, 5.995939389691083e-05, -8.327849587656367e-05, -8.327849587654981e-05, 3.8104110302301675e-05, 5.9959393896915295e-05, -8.32784958765729e-05, -8.327849587658563e-05, 3.8104110302301235e-05, -8.327849587657755e-05, 3.810411030229012e-05, 3.810411030230471e-05, 0.00021522602065458736], [0.005239055071317114, 0.004934989008609575, 0.0014464463782341854, 0.0014842687018921262, 0.0014464463782336986, 0.0014842687018920312, 0.00010422248403667547, 0.00013624680158598096, 0.0014464463782340859, 0.0014842687018921657, 0.00010422248403680195, 0.0001362468015859313, 0.00010422248403674881, 0.0001362468015859879, -0.00010085911419895256, -5.911094213340613e-05, 0.0014464463782337946, 0.0014842687018920544, 0.00010422248403671878, 0.00013624680158603873, 0.00010422248403663788, 0.0001362468015860237, -0.00010085911419892078, -5.9110942133414233e-05, 0.00010422248403668991, 0.000136246801585981, -0.00010085911419892656, -5.911094213337379e-05, -0.00010085911419890809, -5.9110942133370316e-05, 2.41618277035357e-05, -1.0316090792646663e-05, 0.0014464463782345525, 0.0014842687018920338, 0.00010422248403671874, 0.0001362468015860295, 0.00010422248403666564, 0.00013624680158606992, -0.0001008591141989248, -5.911094213336686e-05, 0.00010422248403668238, 0.0001362468015859937, -0.00010085911419896527, -5.91109421333992e-05, -0.00010085911419890172, -5.911094213335877e-05, 2.4161827703528903e-05, -1.0316090792622397e-05, 0.00010422248403656974, 0.00013624680158603181, -0.00010085911419886878, -5.911094213336917e-05, -0.0001008591141988925, -5.911094213344657e-05, 2.4161827703495554e-05, -1.0316090792675543e-05, -0.00010085911419889188, -5.9110942133415385e-05, 2.4161827703555768e-05, -1.0316090792633954e-05, 2.4161827703582924e-05, -1.0316090792680168e-05, 0.00015512133616806304, 8.750354322844944e-05], [0.00523905507131711, 0.0014464463782341854, 0.004934989008608934, 0.0014842687018920683, 0.0014464463782346054, 0.00010422248403672572, 0.0014842687018920405, 0.00013624680158602024, 0.001446446378234103, 0.00010422248403665233, 0.0014842687018919922, 0.00013624680158598213, 0.00010422248403660844, -0.00010085911419890922, 0.0001362468015860191, -5.9110942133342595e-05, 0.0014464463782340221, 0.00010422248403671185, 0.001484268701891978, 0.00013624680158599484, 0.00010422248403665178, -0.00010085911419892715, 0.0001362468015859925, -5.911094213334605e-05, 0.00010422248403663153, -0.00010085911419891847, 0.00013624680158597058, -5.911094213338072e-05, -0.00010085911419892831, 2.4161827703585668e-05, -5.911094213337956e-05, -1.0316090792583119e-05, 0.0014464463782338432, 0.00010422248403672572, 0.001484268701892043, 0.000136246801585996, 0.00010422248403667777, -0.00010085911419890057, 0.00013624680158604106, -5.9110942133358756e-05, 0.00010422248403661365, -0.00010085911419894042, 0.0001362468015860214, -5.9110942133337967e-05, -0.00010085911419889421, 2.416182770358784e-05, -5.9110942133364536e-05, -1.0316090792623552e-05, 0.00010422248403664194, -0.00010085911419894216, 0.0001362468015859902, -5.9110942133320626e-05, -0.00010085911419893117, 2.4161827703617876e-05, -5.911094213337262e-05, -1.031609079257272e-05, -0.00010085911419889131, 2.416182770358581e-05, -5.911094213335877e-05, -1.0316090792606226e-05, 2.4161827703561694e-05, 0.00015512133616808386, -1.0316090792618931e-05, 8.750354322843674e-05], [0.0014510697067033373, 0.0014842687018921262, 0.0014842687018920683, 0.0013753559454841027, 0.00010422248403672512, 0.00022604220699211914, 0.000226042216664345, 0.00018256600759555534, 0.00010422248403675285, 0.0002260422111884235, 0.0002260422093612064, 0.00018256601118003064, -0.00013430844609201893, -5.126588725674828e-05, -5.126587257879721e-05, -2.0819276821778646e-05, 0.00010422248403667314, 0.00022604222775216595, 0.00022604220839169193, 0.0001825659988403553, -0.00013430844426474324, -5.126587869555384e-05, -5.1265884180294645e-05, -2.0819282972767456e-05, -0.00013430845805754028, -5.1265872936802925e-05, -5.126587508378593e-05, -2.081927353894344e-05, -2.7968754185398686e-06, -3.880013837646519e-07, -3.8799782830203076e-07, -2.172903675225653e-05, 0.00010422248403674418, 0.0002260421952776483, 0.00022604220679280277, 0.00018256600948250097, -0.00013430844257388103, -5.126587508380267e-05, -5.126587293679312e-05, -2.0819275910912466e-05, -0.00013430842567441187, -5.1265884180267506e-05, -5.12658786955365e-05, -2.081927572071031e-05, -2.796886060632919e-06, -3.880033267960394e-07, -3.8800076546189247e-07, -2.172903675227127e-05, -0.00013430844309624107, -5.126587257881512e-05, -5.126588725676273e-05, -2.08192793057748e-05, -2.796873721046315e-06, -3.879941532284746e-07, -3.8800020287620706e-07, -2.1729036752262595e-05, -2.796877305497903e-06, -3.880019565450722e-07, -3.880020236991625e-07, -2.172903675222216e-05, 5.213172555961564e-05, 3.859552458139462e-05, 3.8595524581364e-05, 4.197488705682561e-06], [0.005239055071317101, 0.0014464463782336986, 0.0014464463782346054, 0.00010422248403672512, 0.004934989008608856, 0.0014842687018920685, 0.0014842687018921516, 0.00013624680158594286, 0.0014464463782341815, 0.00010422248403664715, 0.00010422248403663848, -0.00010085911419885723, 0.00148426870189208, 0.00013624680158594519, 0.0001362468015859775, -5.9110942133374945e-05, 0.001446446378234466, 0.00010422248403666449, 0.00010422248403674593, -0.00010085911419889306, 0.0014842687018921286, 0.0001362468015859498, 0.00013624680158600062, -5.911094213341885e-05, 0.00010422248403668987, -0.0001008591141989485, -0.00010085911419892308, 2.416182770354913e-05, 0.00013624680158598677, -5.9110942133411916e-05, -5.911094213339227e-05, -1.0316090792652436e-05, 0.001446446378234016, 0.00010422248403668066, 0.00010422248403671358, -0.00010085911419890922, 0.0014842687018920843, 0.0001362468015859602, 0.00013624680158595324, -5.911094213338765e-05, 0.00010422248403667373, -0.00010085911419888958, -0.00010085911419890868, 2.416182770353454e-05, 0.0001362468015859498, -5.911094213339458e-05, -5.911094213338649e-05, -1.0316090792654749e-05, 0.00010422248403670551, -0.00010085911419893117, -0.00010085911419887283, 2.4161827703481835e-05, 0.0001362468015859902, -5.911094213337378e-05, -5.911094213339574e-05, -1.0316090792613154e-05, -0.00010085911419889